100 4 195 2.89855072463768 1 1 1
100 4 218 2.8169014084507 2 1 1
100 4 154 3.84615384615385 3 1 1
100 4 146 3.33333333333333 4 1 1
100 4 141 3.17460317460317 5 1 1
100 4 262 2.98507462686567 6 1 1
100 4 161 3.125 7 1 1
100 4 147 3.125 8 1 1
100 4 144 2.8169014084507 9 1 1
100 4 143 2.77777777777778 10 1 1
100 4 140 3.57142857142857 11 1 1
100 4 142 2.98507462686567 12 1 1
100 4 149 3.57142857142857 13 1 1
100 4 152 3.27868852459016 14 1 1
100 4 157 2.98507462686567 15 1 1
100 4 145 3.77358490566038 16 1 1
100 4 171 2.77777777777778 17 1 1
100 4 151 3.38983050847458 18 1 1
100 4 231 3.44827586206897 19 1 1
100 4 144 3.27868852459016 20 1 1
100 4 142 3.27868852459016 21 1 1
100 4 140 3.7037037037037 22 1 1
100 4 154 2.94117647058824 23 1 1
100 4 144 2.98507462686567 24 1 1
100 4 146 2.98507462686567 25 1 1
100 4 138 2.94117647058824 26 1 1
100 4 143 3.07692307692308 27 1 1
100 4 140 3.57142857142857 28 1 1
100 4 135 3.07692307692308 29 1 1
100 4 181 3.38983050847458 30 1 1
100 4 129 3.38983050847458 31 1 1
100 4 132 3.77358490566038 32 1 1
100 4 133 3.17460317460317 33 1 1
100 4 140 3.07692307692308 34 1 1
100 4 138 3.38983050847458 35 1 1
100 4 134 3.07692307692308 36 1 1
100 4 139 2.85714285714286 37 1 1
100 4 136 3.125 38 1 1
100 4 140 3.44827586206897 39 1 1
100 4 134 3.57142857142857 40 1 1
100 4 137 2.94117647058824 41 1 1
100 4 135 2.94117647058824 42 1 1
100 4 139 3.07692307692308 43 1 1
100 4 128 3.63636363636364 44 1 1
100 4 127 3.33333333333333 45 1 1
100 4 135 3.03030303030303 46 1 1
100 4 129 2.8169014084507 47 1 1
100 4 130 3.38983050847458 48 1 1
100 4 135 3.27868852459016 49 1 1
100 4 134 2.85714285714286 50 1 1
100 4 132 3.27868852459016 51 1 1
100 4 180 3.17460317460317 52 1 1
100 4 133 3.125 53 1 1
100 4 139 3.57142857142857 54 1 1
100 4 129 3.7037037037037 55 1 1
100 4 129 3.07692307692308 56 1 1
100 4 133 3.17460317460317 57 1 1
100 4 138 3.33333333333333 58 1 1
100 4 134 3.07692307692308 59 1 1
100 4 130 2.85714285714286 60 1 1
100 4 135 3.07692307692308 61 1 1
100 4 132 3.57142857142857 62 1 1
100 4 141 3.44827586206897 63 1 1
100 4 167 2.89855072463768 64 1 1
100 4 130 2.8169014084507 65 1 1
100 4 128 3.27868852459016 66 1 1
100 4 133 3.03030303030303 67 1 1
100 4 205 3.07692307692308 68 1 1
100 4 132 3.03030303030303 69 1 1
100 4 133 3.50877192982456 70 1 1
100 4 132 3.2258064516129 71 1 1
100 4 130 3.2258064516129 72 1 1
100 4 129 3.03030303030303 73 1 1
100 4 141 3.2258064516129 74 1 1
100 4 127 3.27868852459016 75 1 1
100 4 130 2.8169014084507 76 1 1
100 4 176 3.125 77 1 1
100 4 206 2.89855072463768 78 1 1
100 4 132 3.2258064516129 79 1 1
100 4 139 2.98507462686567 80 1 1
100 4 938 2.77777777777778 81 1 1
100 4 147 3.33333333333333 82 1 1
100 4 139 2.94117647058824 83 1 1
100 4 135 3.03030303030303 84 1 1
100 4 128 3.63636363636364 85 1 1
100 4 131 3.27868852459016 86 1 1
100 4 133 4.16666666666667 87 1 1
100 4 129 3.33333333333333 88 1 1
100 4 126 3.38983050847458 89 1 1
100 4 130 3.50877192982456 90 1 1
100 4 129 3.17460317460317 91 1 1
100 4 132 3.27868852459016 92 1 1
100 4 124 2.94117647058824 93 1 1
100 4 127 3.7037037037037 94 1 1
100 4 130 3.125 95 1 1
100 4 131 2.98507462686567 96 1 1
100 4 128 2.85714285714286 97 1 1
100 4 128 2.94117647058824 98 1 1
100 4 130 3.27868852459016 99 1 1
100 4 133 3.03030303030303 100 1 1
100 4 128 3.33333333333333 101 1 1
100 4 128 3.57142857142857 102 1 1
100 4 124 3.27868852459016 103 1 1
100 4 131 3.03030303030303 104 1 1
100 4 135 3.2258064516129 105 1 1
100 4 134 3.03030303030303 106 1 1
100 4 134 3.27868852459016 107 1 1
100 4 132 2.85714285714286 108 1 1
100 4 126 3.2258064516129 109 1 1
100 4 126 3.33333333333333 110 1 1
100 4 134 3.17460317460317 111 1 1
100 4 130 3.33333333333333 112 1 1
100 4 131 2.85714285714286 113 1 1
100 4 132 3.2258064516129 114 1 1
100 4 138 3.84615384615385 115 1 1
100 4 130 3.03030303030303 116 1 1
100 4 128 2.98507462686567 117 1 1
100 4 140 2.8169014084507 118 1 1
100 4 130 2.85714285714286 119 1 1
100 4 131 3.2258064516129 120 1 1
100 4 126 3.33333333333333 121 1 1
100 4 125 2.73972602739726 122 1 1
100 4 129 3.07692307692308 123 1 1
100 4 131 3.38983050847458 124 1 1
100 4 132 2.98507462686567 125 1 1
100 4 131 2.77777777777778 126 1 1
100 4 128 3.17460317460317 127 1 1
100 4 324 3.07692307692308 128 1 1
100 4 164 3.07692307692308 129 1 1
100 4 1884 3.44827586206897 130 1 1
100 4 152 3.27868852459016 131 1 1
100 4 143 3.38983050847458 132 1 1
100 4 135 3.2258064516129 133 1 1
100 4 129 3.50877192982456 134 1 1
100 4 136 3.17460317460317 135 1 1
100 4 129 3.07692307692308 136 1 1
100 4 133 3.27868852459016 137 1 1
100 4 132 2.73972602739726 138 1 1
100 4 129 3.33333333333333 139 1 1
100 4 132 3.63636363636364 140 1 1
100 4 154 3.38983050847458 141 1 1
100 4 139 2.94117647058824 142 1 1
100 4 146 3.33333333333333 143 1 1
100 4 147 3.27868852459016 144 1 1
100 4 269 3.63636363636364 145 1 1
100 4 143 3.44827586206897 146 1 1
100 4 2839 3.17460317460317 147 1 1
100 4 180 3.125 148 1 1
100 4 160 3.44827586206897 149 1 1
100 4 160 3.33333333333333 150 1 1
100 4 179 2.98507462686567 151 1 1
100 4 141 3.2258064516129 152 1 1
100 4 144 2.77777777777778 153 1 1
100 4 142 3.125 154 1 1
100 4 144 2.98507462686567 155 1 1
100 4 140 2.85714285714286 156 1 1
100 4 148 3.33333333333333 157 1 1
100 4 159 3.44827586206897 158 1 1
100 4 137 3.27868852459016 159 1 1
100 4 158 3.125 160 1 1
100 4 148 2.94117647058824 161 1 1
100 4 137 2.85714285714286 162 1 1
100 4 162 3.27868852459016 163 1 1
100 4 148 3.27868852459016 164 1 1
100 4 149 3.03030303030303 165 1 1
100 4 141 2.94117647058824 166 1 1
100 4 159 3.07692307692308 167 1 1
100 4 149 2.73972602739726 168 1 1
100 4 145 3.2258064516129 169 1 1
100 4 140 3.38983050847458 170 1 1
100 4 147 2.94117647058824 171 1 1
100 4 135 3.03030303030303 172 1 1
100 4 136 3.07692307692308 173 1 1
100 4 143 3.57142857142857 174 1 1
100 4 143 3.50877192982456 175 1 1
100 4 147 2.89855072463768 176 1 1
100 4 138 3.63636363636364 177 1 1
100 4 144 2.89855072463768 178 1 1
100 4 151 3.07692307692308 179 1 1
100 4 134 3.125 180 1 1
100 4 131 3.50877192982456 181 1 1
100 4 134 3.125 182 1 1
100 4 131 2.8169014084507 183 1 1
100 4 135 2.94117647058824 184 1 1
100 4 131 3.50877192982456 185 1 1
100 4 136 3.33333333333333 186 1 1
100 4 139 3.63636363636364 187 1 1
100 4 132 2.98507462686567 188 1 1
100 4 156 3.38983050847458 189 1 1
100 4 203 3.38983050847458 190 1 1
100 4 162 3.44827586206897 191 1 1
100 4 142 3.125 192 1 1
100 4 144 3.17460317460317 193 1 1
100 4 142 3.125 194 1 1
100 4 211 3.07692307692308 195 1 1
100 4 139 3.07692307692308 196 1 1
100 4 140 3.2258064516129 197 1 1
100 4 143 3.125 198 1 1
100 4 130 2.89855072463768 199 1 1
100 4 133 2.77777777777778 200 1 1
100 4 131 3.125 201 1 1
100 4 136 3.57142857142857 202 1 1
100 4 131 2.85714285714286 203 1 1
100 4 130 3.38983050847458 204 1 1
100 4 135 3.03030303030303 205 1 1
100 4 130 3.07692307692308 206 1 1
100 4 131 2.66666666666667 207 1 1
100 4 135 2.8169014084507 208 1 1
100 4 164 3.03030303030303 209 1 1
100 4 296 3.38983050847458 210 1 1
100 4 139 2.94117647058824 211 1 1
100 4 136 2.94117647058824 212 1 1
100 4 137 2.98507462686567 213 1 1
100 4 138 3.03030303030303 214 1 1
100 4 137 3.33333333333333 215 1 1
100 4 139 2.94117647058824 216 1 1
100 4 136 2.85714285714286 217 1 1
100 4 136 3.17460317460317 218 1 1
100 4 147 3.03030303030303 219 1 1
100 4 149 2.94117647058824 220 1 1
100 4 182 3.17460317460317 221 1 1
100 4 140 4.08163265306122 222 1 1
100 4 1585 3.07692307692308 223 1 1
100 4 140 3.50877192982456 224 1 1
100 4 138 3.38983050847458 225 1 1
100 4 128 3.07692307692308 226 1 1
100 4 126 3.2258064516129 227 1 1
100 4 130 2.98507462686567 228 1 1
100 4 125 3.125 229 1 1
100 4 128 2.98507462686567 230 1 1
100 4 134 3.77358490566038 231 1 1
100 4 141 3.38983050847458 232 1 1
100 4 132 3.07692307692308 233 1 1
100 4 140 3.44827586206897 234 1 1
100 4 127 2.98507462686567 235 1 1
100 4 130 3.125 236 1 1
100 4 124 3.33333333333333 237 1 1
100 4 133 3.125 238 1 1
100 4 134 3.125 239 1 1
100 4 130 2.85714285714286 240 1 1
100 4 126 2.94117647058824 241 1 1
100 4 133 3.50877192982456 242 1 1
100 4 128 2.85714285714286 243 1 1
100 4 130 3.17460317460317 244 1 1
100 4 124 3.44827586206897 245 1 1
100 4 121 3.44827586206897 246 1 1
100 4 213 3.125 247 1 1
100 4 127 3.17460317460317 248 1 1
100 4 130 2.98507462686567 249 1 1
100 4 132 2.98507462686567 250 1 1
100 4 125 3.07692307692308 251 1 1
100 4 130 3.03030303030303 252 1 1
100 4 134 3.07692307692308 253 1 1
100 4 125 2.7027027027027 254 1 1
100 4 135 3.03030303030303 255 1 1
100 4 135 3.17460317460317 256 1 1
100 4 133 3.7037037037037 257 1 1
100 4 130 3.33333333333333 258 1 1
100 4 128 3.33333333333333 259 1 1
100 4 125 3.125 260 1 1
100 4 133 3.2258064516129 261 1 1
100 4 133 3.7037037037037 262 1 1
100 4 134 2.98507462686567 263 1 1
100 4 129 3.33333333333333 264 1 1
100 4 136 3.50877192982456 265 1 1
100 4 135 2.8169014084507 266 1 1
100 4 134 2.94117647058824 267 1 1
100 4 139 2.98507462686567 268 1 1
100 4 162 3.27868852459016 269 1 1
100 4 149 3.07692307692308 270 1 1
100 4 176 3.125 271 1 1
100 4 246 3.84615384615385 272 1 1
100 4 234 3.27868852459016 273 1 1
100 4 146 3.07692307692308 274 1 1
100 4 139 3.125 275 1 1
100 4 142 2.94117647058824 276 1 1
100 4 140 3.17460317460317 277 1 1
100 4 145 3.92156862745098 278 1 1
100 4 143 2.98507462686567 279 1 1
100 4 135 3.44827586206897 280 1 1
100 4 132 2.8169014084507 281 1 1
100 4 146 3.2258064516129 282 1 1
100 4 139 3.38983050847458 283 1 1
100 4 151 3.44827586206897 284 1 1
100 4 137 3.17460317460317 285 1 1
100 4 133 2.89855072463768 286 1 1
100 4 143 3.125 287 1 1
100 4 150 3.17460317460317 288 1 1
100 4 143 3.33333333333333 289 1 1
100 4 142 2.94117647058824 290 1 1
100 4 138 3.125 291 1 1
100 4 208 2.94117647058824 292 1 1
100 4 229 2.94117647058824 293 1 1
100 4 140 3.33333333333333 294 1 1
100 4 154 2.98507462686567 295 1 1
100 4 149 3.07692307692308 296 1 1
100 4 140 3.27868852459016 297 1 1
100 4 149 3.44827586206897 298 1 1
100 4 147 2.89855072463768 299 1 1
100 4 151 3.17460317460317 300 1 1
100 4 147 3.125 301 1 1
100 4 148 3.63636363636364 302 1 1
100 4 146 2.94117647058824 303 1 1
100 4 154 3.125 304 1 1
100 4 149 3.50877192982456 305 1 1
100 4 140 3.2258064516129 306 1 1
100 4 143 3.07692307692308 307 1 1
100 4 138 2.94117647058824 308 1 1
100 4 142 3.17460317460317 309 1 1
100 4 142 3.125 310 1 1
100 4 168 3.03030303030303 311 1 1
100 4 163 3.03030303030303 312 1 1
100 4 168 2.94117647058824 313 1 1
100 4 153 3.33333333333333 314 1 1
100 4 158 3.2258064516129 315 1 1
100 4 156 3.125 316 1 1
100 4 151 3.27868852459016 317 1 1
100 4 147 3.125 318 1 1
100 4 156 3.57142857142857 319 1 1
100 4 154 3.57142857142857 320 1 1
100 4 159 3.03030303030303 321 1 1
100 4 143 3.17460317460317 322 1 1
100 4 152 2.8169014084507 323 1 1
100 4 181 2.89855072463768 324 1 1
100 4 140 3.03030303030303 325 1 1
100 4 136 3.2258064516129 326 1 1
100 4 151 2.85714285714286 327 1 1
100 4 140 3.03030303030303 328 1 1
100 4 149 3.07692307692308 329 1 1
100 4 162 3.27868852459016 330 1 1
100 4 139 3.38983050847458 331 1 1
100 4 194 2.85714285714286 332 1 1
100 4 147 3.63636363636364 333 1 1
100 4 158 2.85714285714286 334 1 1
100 4 141 3.2258064516129 335 1 1
100 4 147 3.17460317460317 336 1 1
100 4 152 3.50877192982456 337 1 1
100 4 159 2.85714285714286 338 1 1
100 4 155 2.89855072463768 339 1 1
100 4 158 2.94117647058824 340 1 1
100 4 145 3.17460317460317 341 1 1
100 4 146 2.89855072463768 342 1 1
100 4 179 3.125 343 1 1
100 4 166 3.38983050847458 344 1 1
100 4 153 3.17460317460317 345 1 1
100 4 135 3.07692307692308 346 1 1
100 4 143 3.38983050847458 347 1 1
100 4 134 2.94117647058824 348 1 1
100 4 139 3.38983050847458 349 1 1
100 4 139 3.03030303030303 350 1 1
100 4 139 3.2258064516129 351 1 1
100 4 136 2.89855072463768 352 1 1
100 4 208 2.73972602739726 353 1 1
100 4 135 3.03030303030303 354 1 1
100 4 136 3.03030303030303 355 1 1
100 4 134 3.2258064516129 356 1 1
100 4 134 3.2258064516129 357 1 1
100 4 135 3.44827586206897 358 1 1
100 4 134 2.89855072463768 359 1 1
100 4 133 2.53164556962025 360 1 1
100 4 135 3.03030303030303 361 1 1
100 4 133 3.125 362 1 1
100 4 192 3.17460317460317 363 1 1
100 4 137 2.63157894736842 364 1 1
100 4 131 3.92156862745098 365 1 1
100 4 133 3.125 366 1 1
100 4 129 3.38983050847458 367 1 1
100 4 149 2.89855072463768 368 1 1
100 4 187 3.03030303030303 369 1 1
100 4 134 3.33333333333333 370 1 1
100 4 125 2.63157894736842 371 1 1
100 4 127 3.44827586206897 372 1 1
100 4 123 3.38983050847458 373 1 1
100 4 123 3.84615384615385 374 1 1
100 4 125 3.03030303030303 375 1 1
100 4 357 2.89855072463768 376 1 1
100 4 717 2.85714285714286 377 1 1
100 4 154 3.33333333333333 378 1 1
100 4 143 3.44827586206897 379 1 1
100 4 139 3.38983050847458 380 1 1
100 4 143 3.57142857142857 381 1 1
100 4 143 3.33333333333333 382 1 1
100 4 142 3.38983050847458 383 1 1
100 4 171 2.94117647058824 384 1 1
100 4 131 3.07692307692308 385 1 1
100 4 133 3.03030303030303 386 1 1
100 4 132 3.33333333333333 387 1 1
100 4 135 3.2258064516129 388 1 1
100 4 127 3.2258064516129 389 1 1
100 4 227 3.44827586206897 390 1 1
100 4 147 2.5 391 1 1
100 4 137 2.77777777777778 392 1 1
100 4 273 2.94117647058824 393 1 1
100 4 146 2.89855072463768 394 1 1
100 4 137 3.33333333333333 395 1 1
100 4 138 3.2258064516129 396 1 1
100 4 129 3.2258064516129 397 1 1
100 4 244 3.27868852459016 398 1 1
100 4 130 3.44827586206897 399 1 1
100 4 129 3.07692307692308 400 1 1
100 4 140 3.2258064516129 401 1 1
100 4 142 3.33333333333333 402 1 1
100 4 139 3.03030303030303 403 1 1
100 4 142 2.85714285714286 404 1 1
100 4 137 3.44827586206897 405 1 1
100 4 139 3.33333333333333 406 1 1
100 4 139 3.38983050847458 407 1 1
100 4 136 3.38983050847458 408 1 1
100 4 139 3.03030303030303 409 1 1
100 4 145 3.125 410 1 1
100 4 138 3.44827586206897 411 1 1
100 4 139 3.63636363636364 412 1 1
100 4 137 2.89855072463768 413 1 1
100 4 141 3.03030303030303 414 1 1
100 4 189 3.33333333333333 415 1 1
100 4 133 3.2258064516129 416 1 1
100 4 140 3.63636363636364 417 1 1
100 4 140 3.27868852459016 418 1 1
100 4 141 3.77358490566038 419 1 1
100 4 135 2.89855072463768 420 1 1
100 4 156 3.50877192982456 421 1 1
100 4 137 3.38983050847458 422 1 1
100 4 141 3.07692307692308 423 1 1
100 4 193 3.2258064516129 424 1 1
100 4 144 3.07692307692308 425 1 1
100 4 139 3.63636363636364 426 1 1
100 4 138 3.125 427 1 1
100 4 140 2.7027027027027 428 1 1
100 4 143 2.89855072463768 429 1 1
100 4 137 2.85714285714286 430 1 1
100 4 138 3.38983050847458 431 1 1
100 4 153 3.125 432 1 1
100 4 144 3.125 433 1 1
100 4 194 2.94117647058824 434 1 1
100 4 192 3.27868852459016 435 1 1
100 4 224 3.125 436 1 1
100 4 217 2.94117647058824 437 1 1
100 4 215 3.27868852459016 438 1 1
100 4 214 3.125 439 1 1
100 4 227 3.07692307692308 440 1 1
100 4 217 2.94117647058824 441 1 1
100 4 213 2.94117647058824 442 1 1
100 4 214 2.89855072463768 443 1 1
100 4 220 3.07692307692308 444 1 1
100 4 212 3.07692307692308 445 1 1
100 4 144 2.85714285714286 446 1 1
100 4 139 2.8169014084507 447 1 1
100 4 154 3.125 448 1 1
100 4 145 3.33333333333333 449 1 1
100 4 148 3.38983050847458 450 1 1
100 4 138 3.57142857142857 451 1 1
100 4 139 3.27868852459016 452 1 1
100 4 139 3.44827586206897 453 1 1
100 4 159 2.94117647058824 454 1 1
100 4 225 3.17460317460317 455 1 1
100 4 133 2.89855072463768 456 1 1
100 4 129 3.125 457 1 1
100 4 140 3.27868852459016 458 1 1
100 4 142 3.03030303030303 459 1 1
100 4 144 3.27868852459016 460 1 1
100 4 135 2.98507462686567 461 1 1
100 4 148 3.2258064516129 462 1 1
100 4 130 3.77358490566038 463 1 1
100 4 131 2.73972602739726 464 1 1
100 4 131 3.27868852459016 465 1 1
100 4 140 3.33333333333333 466 1 1
100 4 138 3.27868852459016 467 1 1
100 4 139 3.27868852459016 468 1 1
100 4 137 2.94117647058824 469 1 1
100 4 145 3.57142857142857 470 1 1
100 4 137 2.77777777777778 471 1 1
100 4 140 2.98507462686567 472 1 1
100 4 137 3.125 473 1 1
100 4 148 3.125 474 1 1
100 4 145 3.07692307692308 475 1 1
100 4 154 3.44827586206897 476 1 1
100 4 152 3.2258064516129 477 1 1
100 4 142 3.17460317460317 478 1 1
100 4 173 2.98507462686567 479 1 1
100 4 138 3.2258064516129 480 1 1
100 4 131 3.125 481 1 1
100 4 139 2.89855072463768 482 1 1
100 4 135 3.125 483 1 1
100 4 138 3.2258064516129 484 1 1
100 4 134 3.33333333333333 485 1 1
100 4 131 3.2258064516129 486 1 1
100 4 128 3.44827586206897 487 1 1
100 4 143 3.07692307692308 488 1 1
100 4 145 2.89855072463768 489 1 1
100 4 149 3.03030303030303 490 1 1
100 4 148 3.63636363636364 491 1 1
100 4 145 3.17460317460317 492 1 1
100 4 144 3.17460317460317 493 1 1
100 4 143 3.2258064516129 494 1 1
100 4 151 2.98507462686567 495 1 1
100 4 148 3.77358490566038 496 1 1
100 4 145 3.63636363636364 497 1 1
100 4 164 3.44827586206897 498 1 1
100 4 132 3.07692307692308 499 1 1
100 4 140 3.33333333333333 500 1 1
100 4 158 2.63157894736842 501 1 1
100 4 167 3.125 502 1 1
100 4 154 3.125 503 1 1
100 4 158 3.7037037037037 504 1 1
100 4 148 3.44827586206897 505 1 1
100 4 147 3.03030303030303 506 1 1
100 4 157 3.63636363636364 507 1 1
100 4 155 3.50877192982456 508 1 1
100 4 150 2.85714285714286 509 1 1
100 4 156 3.44827586206897 510 1 1
100 4 146 3.125 511 1 1
100 4 154 3.38983050847458 512 1 1
100 4 151 3.33333333333333 513 1 1
100 4 149 3.7037037037037 514 1 1
100 4 148 3.03030303030303 515 1 1
100 4 184 2.77777777777778 516 1 1
100 4 141 3.125 517 1 1
100 4 287 3.50877192982456 518 1 1
100 4 143 3.57142857142857 519 1 1
100 4 144 3.2258064516129 520 1 1
100 4 134 3.03030303030303 521 1 1
100 4 130 3.38983050847458 522 1 1
100 4 129 2.85714285714286 523 1 1
100 4 127 3.07692307692308 524 1 1
100 4 128 3.33333333333333 525 1 1
100 4 133 3.33333333333333 526 1 1
100 4 199 3.38983050847458 527 1 1
100 4 133 3.44827586206897 528 1 1
100 4 132 2.98507462686567 529 1 1
100 4 159 3.07692307692308 530 1 1
100 4 127 2.7027027027027 531 1 1
100 4 124 3.27868852459016 532 1 1
100 4 210 3.27868852459016 533 1 1
100 4 126 3.50877192982456 534 1 1
100 4 122 3.2258064516129 535 1 1
100 4 176 3.17460317460317 536 1 1
100 4 127 3.44827586206897 537 1 1
100 4 128 2.94117647058824 538 1 1
100 4 125 3.27868852459016 539 1 1
100 4 138 3.03030303030303 540 1 1
100 4 128 2.85714285714286 541 1 1
100 4 135 2.63157894736842 542 1 1
100 4 133 3.2258064516129 543 1 1
100 4 126 2.8169014084507 544 1 1
100 4 123 2.63157894736842 545 1 1
100 4 124 2.94117647058824 546 1 1
100 4 132 3.27868852459016 547 1 1
100 4 121 3.2258064516129 548 1 1
100 4 129 3.17460317460317 549 1 1
100 4 134 2.94117647058824 550 1 1
100 4 131 3.27868852459016 551 1 1
100 4 130 2.98507462686567 552 1 1
100 4 131 3.7037037037037 553 1 1
100 4 133 3.125 554 1 1
100 4 132 3.125 555 1 1
100 4 125 3.125 556 1 1
100 4 133 2.85714285714286 557 1 1
100 4 129 3.33333333333333 558 1 1
100 4 150 3.33333333333333 559 1 1
100 4 138 3.03030303030303 560 1 1
100 4 137 3.2258064516129 561 1 1
100 4 143 3.38983050847458 562 1 1
100 4 136 3.50877192982456 563 1 1
100 4 291 2.85714285714286 564 1 1
100 4 144 3.33333333333333 565 1 1
100 4 150 3.17460317460317 566 1 1
100 4 145 3.44827586206897 567 1 1
100 4 145 3.33333333333333 568 1 1
100 4 148 3.50877192982456 569 1 1
100 4 151 3.33333333333333 570 1 1
100 4 146 3.07692307692308 571 1 1
100 4 149 3.17460317460317 572 1 1
100 4 145 3.44827586206897 573 1 1
100 4 149 3.57142857142857 574 1 1
100 4 151 3.125 575 1 1
100 4 147 3.2258064516129 576 1 1
100 4 151 2.66666666666667 577 1 1
100 4 144 2.7027027027027 578 1 1
100 4 140 3.07692307692308 579 1 1
100 4 151 2.89855072463768 580 1 1
100 4 144 2.98507462686567 581 1 1
100 4 148 3.2258064516129 582 1 1
100 4 135 3.33333333333333 583 1 1
100 4 138 2.94117647058824 584 1 1
100 4 4146 3.27868852459016 585 1 1
100 4 156 3.27868852459016 586 1 1
100 4 144 2.85714285714286 587 1 1
100 4 177 3.44827586206897 588 1 1
100 4 139 3.07692307692308 589 1 1
100 4 148 3.38983050847458 590 1 1
100 4 135 3.27868852459016 591 1 1
100 4 138 3.33333333333333 592 1 1
100 4 136 3.125 593 1 1
100 4 136 3.27868852459016 594 1 1
100 4 200 3.07692307692308 595 1 1
100 4 135 3.2258064516129 596 1 1
100 4 136 3.17460317460317 597 1 1
100 4 141 3.07692307692308 598 1 1
100 4 138 2.77777777777778 599 1 1
100 4 139 3.03030303030303 600 1 1
100 4 137 2.85714285714286 601 1 1
100 4 166 2.98507462686567 602 1 1
100 4 145 3.2258064516129 603 1 1
100 4 150 3.07692307692308 604 1 1
100 4 215 3.07692307692308 605 1 1
100 4 293 3.2258064516129 606 1 1
100 4 152 2.98507462686567 607 1 1
100 4 131 3.07692307692308 608 1 1
100 4 133 2.98507462686567 609 1 1
100 4 137 3.07692307692308 610 1 1
100 4 127 3.2258064516129 611 1 1
100 4 145 3.07692307692308 612 1 1
100 4 140 2.89855072463768 613 1 1
100 4 154 2.89855072463768 614 1 1
100 4 148 2.77777777777778 615 1 1
100 4 152 3.03030303030303 616 1 1
100 4 145 3.07692307692308 617 1 1
100 4 154 2.77777777777778 618 1 1
100 4 153 3.77358490566038 619 1 1
100 4 143 3.03030303030303 620 1 1
100 4 141 3.17460317460317 621 1 1
100 4 153 2.94117647058824 622 1 1
100 4 152 2.98507462686567 623 1 1
100 4 149 3.33333333333333 624 1 1
100 4 147 3.27868852459016 625 1 1
100 4 143 3.03030303030303 626 1 1
100 4 149 2.7027027027027 627 1 1
100 4 146 3.33333333333333 628 1 1
100 4 167 3.50877192982456 629 1 1
100 4 147 3.50877192982456 630 1 1
100 4 157 3.03030303030303 631 1 1
100 4 172 2.94117647058824 632 1 1
100 4 160 2.98507462686567 633 1 1
100 4 158 3.38983050847458 634 1 1
100 4 153 2.85714285714286 635 1 1
100 4 176 3.17460317460317 636 1 1
100 4 151 3.2258064516129 637 1 1
100 4 149 3.03030303030303 638 1 1
100 4 147 3.17460317460317 639 1 1
100 4 143 3.03030303030303 640 1 1
100 4 142 3.125 641 1 1
100 4 163 3.63636363636364 642 1 1
100 4 155 3.17460317460317 643 1 1
100 4 222 2.85714285714286 644 1 1
100 4 138 3.27868852459016 645 1 1
100 4 194 3.03030303030303 646 1 1
100 4 149 2.63157894736842 647 1 1
100 4 167 3.125 648 1 1
100 4 135 2.98507462686567 649 1 1
100 4 129 3.44827586206897 650 1 1
100 4 137 2.98507462686567 651 1 1
100 4 151 3.2258064516129 652 1 1
100 4 151 3.07692307692308 653 1 1
100 4 131 2.66666666666667 654 1 1
100 4 133 3.27868852459016 655 1 1
100 4 140 3.44827586206897 656 1 1
100 4 131 3.125 657 1 1
100 4 206 3.125 658 1 1
100 4 222 3.17460317460317 659 1 1
100 4 155 2.8169014084507 660 1 1
100 4 158 3.57142857142857 661 1 1
100 4 139 2.77777777777778 662 1 1
100 4 150 2.77777777777778 663 1 1
100 4 148 3.50877192982456 664 1 1
100 4 158 3.27868852459016 665 1 1
100 4 143 3.57142857142857 666 1 1
100 4 158 3.03030303030303 667 1 1
100 4 134 3.07692307692308 668 1 1
100 4 132 3.2258064516129 669 1 1
100 4 139 3.27868852459016 670 1 1
100 4 137 3.07692307692308 671 1 1
100 4 135 3.125 672 1 1
100 4 138 2.94117647058824 673 1 1
100 4 142 2.89855072463768 674 1 1
100 4 128 3.07692307692308 675 1 1
100 4 130 3.03030303030303 676 1 1
100 4 134 3.03030303030303 677 1 1
100 4 136 2.94117647058824 678 1 1
100 4 136 2.77777777777778 679 1 1
100 4 237 3.07692307692308 680 1 1
100 4 137 3.125 681 1 1
100 4 165 3.63636363636364 682 1 1
100 4 142 3.125 683 1 1
100 4 125 3.2258064516129 684 1 1
100 4 125 3.2258064516129 685 1 1
100 4 128 3.7037037037037 686 1 1
100 4 133 3.27868852459016 687 1 1
100 4 127 2.89855072463768 688 1 1
100 4 128 3.07692307692308 689 1 1
100 4 134 3.03030303030303 690 1 1
100 4 143 2.8169014084507 691 1 1
100 4 140 3.17460317460317 692 1 1
100 4 137 3.125 693 1 1
100 4 140 3.03030303030303 694 1 1
100 4 142 2.77777777777778 695 1 1
100 4 139 3.44827586206897 696 1 1
100 4 139 3.44827586206897 697 1 1
100 4 142 3.17460317460317 698 1 1
100 4 138 3.44827586206897 699 1 1
100 4 139 3.03030303030303 700 1 1
100 4 137 3.33333333333333 701 1 1
100 4 139 2.85714285714286 702 1 1
100 4 218 2.94117647058824 703 1 1
100 4 141 3.17460317460317 704 1 1
100 4 140 3.27868852459016 705 1 1
100 4 143 3.27868852459016 706 1 1
100 4 140 3.2258064516129 707 1 1
100 4 144 3.33333333333333 708 1 1
100 4 137 3.07692307692308 709 1 1
100 4 141 3.44827586206897 710 1 1
100 4 153 3.27868852459016 711 1 1
100 4 173 3.33333333333333 712 1 1
100 4 136 3.125 713 1 1
100 4 132 3.07692307692308 714 1 1
100 4 135 2.94117647058824 715 1 1
100 4 134 3.57142857142857 716 1 1
100 4 140 3.07692307692308 717 1 1
100 4 134 3.27868852459016 718 1 1
100 4 141 3.33333333333333 719 1 1
100 4 141 3.7037037037037 720 1 1
100 4 245 2.94117647058824 721 1 1
100 4 144 3.125 722 1 1
100 4 171 2.89855072463768 723 1 1
100 4 141 3.33333333333333 724 1 1
100 4 141 3.03030303030303 725 1 1
100 4 138 2.8169014084507 726 1 1
100 4 138 3.03030303030303 727 1 1
100 4 131 3.33333333333333 728 1 1
100 4 147 2.66666666666667 729 1 1
100 4 139 3.27868852459016 730 1 1
100 4 144 2.8169014084507 731 1 1
100 4 132 3.38983050847458 732 1 1
100 4 153 3.27868852459016 733 1 1
100 4 142 3.2258064516129 734 1 1
100 4 127 2.98507462686567 735 1 1
100 4 140 3.33333333333333 736 1 1
100 4 143 3.07692307692308 737 1 1
100 4 143 2.98507462686567 738 1 1
100 4 142 3.125 739 1 1
100 4 142 3.57142857142857 740 1 1
100 4 139 2.89855072463768 741 1 1
100 4 141 3.27868852459016 742 1 1
100 4 143 3.33333333333333 743 1 1
100 4 138 3.27868852459016 744 1 1
100 4 136 3.17460317460317 745 1 1
100 4 142 3.125 746 1 1
100 4 139 3.27868852459016 747 1 1
100 4 137 2.94117647058824 748 1 1
100 4 134 3.57142857142857 749 1 1
100 4 148 2.89855072463768 750 1 1
100 4 142 3.77358490566038 751 1 1
100 4 143 3.27868852459016 752 1 1
100 4 138 2.8169014084507 753 1 1
100 4 137 3.125 754 1 1
100 4 139 3.44827586206897 755 1 1
100 4 143 3.44827586206897 756 1 1
100 4 140 3.2258064516129 757 1 1
100 4 139 3.07692307692308 758 1 1
100 4 137 2.98507462686567 759 1 1
100 4 1641 2.89855072463768 760 1 1
100 4 198 2.94117647058824 761 1 1
100 4 195 3.07692307692308 762 1 1
100 4 193 3.33333333333333 763 1 1
100 4 544 2.98507462686567 764 1 1
100 4 2326 3.07692307692308 765 1 1
100 4 193 2.8169014084507 766 1 1
100 4 149 2.89855072463768 767 1 1
100 4 150 2.98507462686567 768 1 1
100 4 159 2.7027027027027 769 1 1
100 4 157 3.17460317460317 770 1 1
100 4 146 3.44827586206897 771 1 1
100 4 159 2.8169014084507 772 1 1
100 4 398 2.94117647058824 773 1 1
100 4 150 2.8169014084507 774 1 1
100 4 162 3.07692307692308 775 1 1
100 4 162 3.125 776 1 1
100 4 185 2.94117647058824 777 1 1
100 4 152 3.7037037037037 778 1 1
100 4 149 3.03030303030303 779 1 1
100 4 143 2.94117647058824 780 1 1
100 4 143 3.125 781 1 1
100 4 143 3.03030303030303 782 1 1
100 4 157 2.7027027027027 783 1 1
100 4 149 3.03030303030303 784 1 1
100 4 222 2.7027027027027 785 1 1
100 4 143 3.44827586206897 786 1 1
100 4 132 3.03030303030303 787 1 1
100 4 145 3.50877192982456 788 1 1
100 4 142 2.89855072463768 789 1 1
100 4 146 3.17460317460317 790 1 1
100 4 170 2.89855072463768 791 1 1
100 4 145 3.38983050847458 792 1 1
100 4 188 3.77358490566038 793 1 1
100 4 137 3.27868852459016 794 1 1
100 4 138 3.33333333333333 795 1 1
100 4 125 3.2258064516129 796 1 1
100 4 133 2.85714285714286 797 1 1
100 4 122 3.63636363636364 798 1 1
100 4 132 2.77777777777778 799 1 1
100 4 127 3.2258064516129 800 1 1
100 4 129 3.38983050847458 801 1 1
100 4 132 2.89855072463768 802 1 1
100 4 134 3.07692307692308 803 1 1
100 4 131 3.2258064516129 804 1 1
100 4 131 3.17460317460317 805 1 1
100 4 129 2.73972602739726 806 1 1
100 4 131 3.03030303030303 807 1 1
100 4 123 2.89855072463768 808 1 1
100 4 124 3.27868852459016 809 1 1
100 4 129 3.2258064516129 810 1 1
100 4 137 3.38983050847458 811 1 1
100 4 130 2.8169014084507 812 1 1
100 4 132 2.98507462686567 813 1 1
100 4 138 3.33333333333333 814 1 1
100 4 130 3.125 815 1 1
100 4 127 2.98507462686567 816 1 1
100 4 161 2.89855072463768 817 1 1
100 4 181 3.125 818 1 1
100 4 142 3.125 819 1 1
100 4 144 3.44827586206897 820 1 1
100 4 146 3.125 821 1 1
100 4 137 2.85714285714286 822 1 1
100 4 136 2.73972602739726 823 1 1
100 4 136 3.38983050847458 824 1 1
100 4 129 3.33333333333333 825 1 1
100 4 148 2.89855072463768 826 1 1
100 4 149 2.89855072463768 827 1 1
100 4 133 3.38983050847458 828 1 1
100 4 135 3.125 829 1 1
100 4 150 3.07692307692308 830 1 1
100 4 130 2.94117647058824 831 1 1
100 4 125 3.38983050847458 832 1 1
100 4 125 3.17460317460317 833 1 1
100 4 133 3.27868852459016 834 1 1
100 4 128 3.38983050847458 835 1 1
100 4 134 3.17460317460317 836 1 1
100 4 130 3.03030303030303 837 1 1
100 4 128 3.33333333333333 838 1 1
100 4 124 3.33333333333333 839 1 1
100 4 134 3.38983050847458 840 1 1
100 4 128 3.2258064516129 841 1 1
100 4 135 2.85714285714286 842 1 1
100 4 124 3.17460317460317 843 1 1
100 4 136 3.2258064516129 844 1 1
100 4 129 3.17460317460317 845 1 1
100 4 143 3.44827586206897 846 1 1
100 4 126 3.125 847 1 1
100 4 131 3.2258064516129 848 1 1
100 4 130 3.07692307692308 849 1 1
100 4 131 3.2258064516129 850 1 1
100 4 135 3.07692307692308 851 1 1
100 4 128 3.17460317460317 852 1 1
100 4 136 3.27868852459016 853 1 1
100 4 132 3.33333333333333 854 1 1
100 4 131 3.125 855 1 1
100 4 130 2.94117647058824 856 1 1
100 4 133 3.125 857 1 1
100 4 136 3.27868852459016 858 1 1
100 4 129 2.73972602739726 859 1 1
100 4 127 3.125 860 1 1
100 4 133 3.27868852459016 861 1 1
100 4 134 3.38983050847458 862 1 1
100 4 123 3.17460317460317 863 1 1
100 4 178 3.84615384615385 864 1 1
100 4 130 3.17460317460317 865 1 1
100 4 133 3.38983050847458 866 1 1
100 4 142 2.89855072463768 867 1 1
100 4 138 3.125 868 1 1
100 4 137 3.03030303030303 869 1 1
100 4 137 2.85714285714286 870 1 1
100 4 126 3.07692307692308 871 1 1
100 4 134 2.98507462686567 872 1 1
100 4 136 2.66666666666667 873 1 1
100 4 142 3.07692307692308 874 1 1
100 4 134 3.17460317460317 875 1 1
100 4 134 3.2258064516129 876 1 1
100 4 132 3.57142857142857 877 1 1
100 4 131 3.50877192982456 878 1 1
100 4 130 2.89855072463768 879 1 1
100 4 131 3.44827586206897 880 1 1
100 4 131 3.07692307692308 881 1 1
100 4 134 3.2258064516129 882 1 1
100 4 132 2.98507462686567 883 1 1
100 4 133 3.07692307692308 884 1 1
100 4 143 2.5 885 1 1
100 4 141 3.03030303030303 886 1 1
100 4 146 3.17460317460317 887 1 1
100 4 149 3.77358490566038 888 1 1
100 4 145 3.27868852459016 889 1 1
100 4 146 3.63636363636364 890 1 1
100 4 142 3.2258064516129 891 1 1
100 4 145 2.63157894736842 892 1 1
100 4 136 3.63636363636364 893 1 1
100 4 140 3.50877192982456 894 1 1
100 4 140 3.03030303030303 895 1 1
100 4 137 3.84615384615385 896 1 1
100 4 140 2.85714285714286 897 1 1
100 4 143 3.2258064516129 898 1 1
100 4 140 3.125 899 1 1
100 4 139 2.77777777777778 900 1 1
100 4 141 2.89855072463768 901 1 1
100 4 141 2.98507462686567 902 1 1
100 4 140 3.03030303030303 903 1 1
100 4 136 3.2258064516129 904 1 1
100 4 136 3.17460317460317 905 1 1
100 4 141 3.27868852459016 906 1 1
100 4 143 2.98507462686567 907 1 1
100 4 139 3.33333333333333 908 1 1
100 4 137 3.2258064516129 909 1 1
100 4 140 3.2258064516129 910 1 1
100 4 138 3.07692307692308 911 1 1
100 4 139 3.03030303030303 912 1 1
100 4 139 3.2258064516129 913 1 1
100 4 146 3.17460317460317 914 1 1
100 4 271 3.17460317460317 915 1 1
100 4 150 2.8169014084507 916 1 1
100 4 149 3.125 917 1 1
100 4 147 3.27868852459016 918 1 1
100 4 150 3.44827586206897 919 1 1
100 4 145 2.8169014084507 920 1 1
100 4 151 3.17460317460317 921 1 1
100 4 152 3.27868852459016 922 1 1
100 4 156 2.89855072463768 923 1 1
100 4 150 2.94117647058824 924 1 1
100 4 154 2.8169014084507 925 1 1
100 4 151 2.89855072463768 926 1 1
100 4 709 2.8169014084507 927 1 1
100 4 177 3.125 928 1 1
100 4 151 3.27868852459016 929 1 1
100 4 150 3.03030303030303 930 1 1
100 4 246 3.2258064516129 931 1 1
100 4 162 3.27868852459016 932 1 1
100 4 155 2.85714285714286 933 1 1
100 4 148 3.50877192982456 934 1 1
100 4 147 3.63636363636364 935 1 1
100 4 149 2.98507462686567 936 1 1
100 4 143 2.98507462686567 937 1 1
100 4 155 2.8169014084507 938 1 1
100 4 153 2.7027027027027 939 1 1
100 4 148 3.44827586206897 940 1 1
100 4 149 2.89855072463768 941 1 1
100 4 153 3.44827586206897 942 1 1
100 4 143 3.33333333333333 943 1 1
100 4 143 3.17460317460317 944 1 1
100 4 143 2.89855072463768 945 1 1
100 4 152 2.89855072463768 946 1 1
100 4 162 4 947 1 1
100 4 161 3.07692307692308 948 1 1
100 4 145 2.89855072463768 949 1 1
100 4 134 2.98507462686567 950 1 1
100 4 142 3.33333333333333 951 1 1
100 4 151 3.125 952 1 1
100 4 154 3.03030303030303 953 1 1
100 4 161 3.57142857142857 954 1 1
100 4 149 3.125 955 1 1
100 4 143 3.63636363636364 956 1 1
100 4 148 2.89855072463768 957 1 1
100 4 164 3.125 958 1 1
100 4 160 3.17460317460317 959 1 1
100 4 147 3.44827586206897 960 1 1
100 4 154 3.125 961 1 1
100 4 145 3.27868852459016 962 1 1
100 4 138 3.17460317460317 963 1 1
100 4 146 3.03030303030303 964 1 1
100 4 142 3.2258064516129 965 1 1
100 4 179 3.125 966 1 1
100 4 133 3.125 967 1 1
100 4 128 2.77777777777778 968 1 1
100 4 208 2.85714285714286 969 1 1
100 4 135 3.17460317460317 970 1 1
100 4 131 2.89855072463768 971 1 1
100 4 145 2.89855072463768 972 1 1
100 4 138 3.2258064516129 973 1 1
100 4 141 3.17460317460317 974 1 1
100 4 144 3.07692307692308 975 1 1
100 4 150 3.57142857142857 976 1 1
100 4 148 2.94117647058824 977 1 1
100 4 140 2.77777777777778 978 1 1
100 4 297 2.98507462686567 979 1 1
100 4 209 3.2258064516129 980 1 1
100 4 209 2.98507462686567 981 1 1
100 4 207 2.77777777777778 982 1 1
100 4 142 2.98507462686567 983 1 1
100 4 142 2.89855072463768 984 1 1
100 4 141 2.98507462686567 985 1 1
100 4 141 3.07692307692308 986 1 1
100 4 142 2.77777777777778 987 1 1
100 4 142 3.44827586206897 988 1 1
100 4 148 2.89855072463768 989 1 1
100 4 148 3.38983050847458 990 1 1
100 4 158 3.38983050847458 991 1 1
100 4 149 3.125 992 1 1
100 4 145 3.17460317460317 993 1 1
100 4 151 3.125 994 1 1
100 4 149 3.33333333333333 995 1 1
100 4 146 3.2258064516129 996 1 1
100 4 151 3.03030303030303 997 1 1
100 4 148 3.03030303030303 998 1 1
100 4 149 2.7027027027027 999 1 1
100 4 143 3.44827586206897 1000 1 1
