1000000 4 172503 3.13998360928556 1 1 1
1000000 4 212353 3.14422398193958 2 1 1
1000000 4 234444 3.14045200525712 3 1 1
1000000 4 201644 3.14040269383743 4 1 1
1000000 4 235214 3.1400624872435 5 1 1
1000000 4 178512 3.14369516216752 6 1 1
1000000 4 217129 3.14433767671178 7 1 1
1000000 4 202245 3.14123133126954 8 1 1
1000000 4 238891 3.14106359554409 9 1 1
1000000 4 232268 3.14033859130691 10 1 1
1000000 4 194036 3.14058022219605 11 1 1
1000000 4 221874 3.14316652024749 12 1 1
1000000 4 196658 3.13937243944935 13 1 1
1000000 4 235803 3.14260842784728 14 1 1
1000000 4 189072 3.1431517010737 15 1 1
1000000 4 178870 3.13634966535149 16 1 1
1000000 4 179569 3.1397962900167 17 1 1
1000000 4 1280994 3.14441677357684 18 1 1
1000000 4 1659454 3.14310230483692 19 1 1
1000000 4 1728342 3.14266274671867 20 1 1
1000000 4 632472 3.13814588926425 21 1 1
1000000 4 365879 3.1462519487098 22 1 1
1000000 4 358351 3.1409106756413 23 1 1
1000000 4 360821 3.1437939934672 24 1 1
1000000 4 361553 3.13734348577685 25 1 1
1000000 4 366563 3.14004276738249 26 1 1
1000000 4 348742 3.13590215985261 27 1 1
1000000 4 332679 3.14160139989758 28 1 1
1000000 4 333773 3.14162607423977 29 1 1
1000000 4 340274 3.13821482649595 30 1 1
1000000 4 325142 3.1414040191123 31 1 1
1000000 4 314815 3.141769193068 32 1 1
1000000 4 312931 3.13988994685736 33 1 1
1000000 4 327871 3.13711219411195 34 1 1
1000000 4 312887 3.14119186242836 35 1 1
1000000 4 335211 3.14172477548449 36 1 1
1000000 4 302689 3.14089094512549 37 1 1
1000000 4 303078 3.14122146396626 38 1 1
1000000 4 303864 3.14296400363327 39 1 1
1000000 4 302673 3.14153724842177 40 1 1
1000000 4 313369 3.14112279434284 41 1 1
1000000 4 305079 3.14141882181087 42 1 1
1000000 4 307595 3.14241585788739 43 1 1
1000000 4 326396 3.14232698740398 44 1 1
1000000 4 312108 3.14029914489654 45 1 1
1000000 4 313217 3.14247510766905 46 1 1
1000000 4 305574 3.14351728148625 47 1 1
1000000 4 292362 3.14200117196644 48 1 1
1000000 4 332674 3.14389283098118 49 1 1
1000000 4 283121 3.14383352772704 50 1 1
1000000 4 281322 3.14191726075086 51 1 1
1000000 4 276700 3.14394225206871 52 1 1
1000000 4 319947 3.13683173720878 53 1 1
1000000 4 298622 3.14387306298121 54 1 1
1000000 4 283444 3.14312206314532 55 1 1
1000000 4 277107 3.14299363858088 56 1 1
1000000 4 302920 3.13858911003737 57 1 1
1000000 4 265082 3.14051118100493 58 1 1
1000000 4 283244 3.13654149252327 59 1 1
1000000 4 275012 3.14074297415797 60 1 1
1000000 4 274191 3.14345305174281 61 1 1
1000000 4 296735 3.14018081161113 62 1 1
1000000 4 274783 3.14621730293668 63 1 1
1000000 4 260117 3.14220356451572 64 1 1
1000000 4 261810 3.139816006782 65 1 1
1000000 4 268529 3.14574718573592 66 1 1
1000000 4 269715 3.14311218396007 67 1 1
1000000 4 278083 3.14040762490971 68 1 1
1000000 4 268669 3.13858418467429 69 1 1
1000000 4 255862 3.14475297965345 70 1 1
1000000 4 282589 3.13987022916343 71 1 1
1000000 4 240481 3.14090574298911 72 1 1
1000000 4 217793 3.14345305174281 73 1 1
1000000 4 195378 3.13957942194064 74 1 1
1000000 4 179824 3.14475297965345 75 1 1
1000000 4 1456317 3.13788986320369 76 1 1
1000000 4 1687848 3.14036324581664 77 1 1
1000000 4 1685186 3.14229242801794 78 1 1
1000000 4 493851 3.13802771819883 79 1 1
1000000 4 343945 3.14317146000314 80 1 1
1000000 4 366749 3.14087614740132 81 1 1
1000000 4 351088 3.14204559736571 82 1 1
1000000 4 352839 3.13698918052432 83 1 1
1000000 4 346073 3.14102413091789 84 1 1
1000000 4 332120 3.14414983760466 85 1 1
1000000 4 337340 3.14019067237763 86 1 1
1000000 4 344185 3.14346787375833 87 1 1
1000000 4 324081 3.14099946603009 88 1 1
1000000 4 316954 3.14309736529863 89 1 1
1000000 4 316769 3.14265287042057 90 1 1
1000000 4 312918 3.14235661033992 91 1 1
1000000 4 315069 3.14193206828675 92 1 1
1000000 4 307621 3.14109319466454 93 1 1
1000000 4 309906 3.14197649173189 94 1 1
1000000 4 314638 3.14301339552309 95 1 1
1000000 4 314974 3.1394857836235 96 1 1
1000000 4 308163 3.13985051171714 97 1 1
1000000 4 292130 3.13679237884924 98 1 1
1000000 4 311061 3.13807203130541 99 1 1
1000000 4 310106 3.14022025504869 100 1 1
1000000 4 290273 3.14398673237599 101 1 1
1000000 4 297016 3.14405098393076 102 1 1
1000000 4 291829 3.14087614740132 103 1 1
1000000 4 291849 3.14048652417232 104 1 1
1000000 4 278582 3.13960406453142 105 1 1
1000000 4 308782 3.14246523255028 106 1 1
1000000 4 281871 3.14084655237126 107 1 1
1000000 4 290900 3.13961885027158 108 1 1
1000000 4 301779 3.14061967566821 109 1 1
1000000 4 287253 3.14280102141033 110 1 1
1000000 4 272141 3.14410040999069 111 1 1
1000000 4 290517 3.13994910142507 112 1 1
1000000 4 279506 3.14167542408691 113 1 1
1000000 4 288353 3.14200610805987 114 1 1
1000000 4 274627 3.14131027192752 115 1 1
1000000 4 279744 3.14340858653489 116 1 1
1000000 4 275829 3.13818035750151 117 1 1
1000000 4 274769 3.14333448065042 118 1 1
1000000 4 255192 3.14275657464675 119 1 1
1000000 4 267867 3.14342834869422 120 1 1
1000000 4 297944 3.14673706966404 121 1 1
1000000 4 290874 3.14718272070799 122 1 1
1000000 4 273785 3.13820990230753 123 1 1
1000000 4 292957 3.14150270640458 124 1 1
1000000 4 293375 3.1403533839663 125 1 1
1000000 4 212480 3.1419073891378 126 1 1
1000000 4 203350 3.14471836688486 127 1 1
1000000 4 178500 3.13933794502077 128 1 1
1000000 4 197404 3.14148296845009 129 1 1
1000000 4 180189 3.14419432378599 130 1 1
1000000 4 206385 3.13829854006352 131 1 1
1000000 4 195965 3.14008713741806 132 1 1
1000000 4 981276 3.14561359911671 133 1 1
1000000 4 1626680 3.14622225228612 134 1 1
1000000 4 1631682 3.1407380420325 135 1 1
1000000 4 1004676 3.14288004098316 136 1 1
1000000 4 360280 3.14219862780186 137 1 1
1000000 4 376475 3.1443969989875 138 1 1
1000000 4 394455 3.14160633473501 139 1 1
1000000 4 360303 3.14331965989281 140 1 1
1000000 4 346589 3.14811404357934 141 1 1
1000000 4 338589 3.14439205537903 142 1 1
1000000 4 360407 3.13954492296342 143 1 1
1000000 4 336626 3.14198636377918 144 1 1
1000000 4 338154 3.14015615996583 145 1 1
1000000 4 322547 3.1422085012451 146 1 1
1000000 4 315962 3.14076763501767 147 1 1
1000000 4 316866 3.13644311668352 148 1 1
1000000 4 334511 3.14456014678807 149 1 1
1000000 4 322424 3.14056542739955 150 1 1
1000000 4 320063 3.14022025504869 151 1 1
1000000 4 326263 3.13842658121777 152 1 1
1000000 4 318377 3.14534645991256 153 1 1
1000000 4 312954 3.14269237598543 154 1 1
1000000 4 296463 3.14128066871583 155 1 1
1000000 4 297278 3.13770279365368 156 1 1
1000000 4 338873 3.14063940277601 157 1 1
1000000 4 320121 3.14191232493657 158 1 1
1000000 4 302356 3.14098466728335 159 1 1
1000000 4 320062 3.14556412547026 160 1 1
1000000 4 300451 3.14277139009493 161 1 1
1000000 4 300835 3.14314676138016 162 1 1
1000000 4 294983 3.14022025504869 163 1 1
1000000 4 295211 3.14436239405464 164 1 1
1000000 4 311103 3.13947099913665 165 1 1
1000000 4 291966 3.14172971070953 166 1 1
1000000 4 293127 3.14109319466454 167 1 1
1000000 4 281545 3.14240598314099 168 1 1
1000000 4 287160 3.14192713242594 169 1 1
1000000 4 289742 3.14265287042057 170 1 1
1000000 4 277632 3.14216407123914 171 1 1
1000000 4 300830 3.13544986650822 172 1 1
1000000 4 308618 3.14107346185559 173 1 1
1000000 4 275489 3.14194687596222 174 1 1
1000000 4 277056 3.14502001805241 175 1 1
1000000 4 294851 3.14348269591363 176 1 1
1000000 4 277327 3.14208015132258 177 1 1
1000000 4 274751 3.14557402007505 178 1 1
1000000 4 271477 3.14038296970316 179 1 1
1000000 4 261863 3.13456040924821 180 1 1
1000000 4 266386 3.13934780049445 181 1 1
1000000 4 294806 3.14510904093045 182 1 1
1000000 4 267971 3.14318133956102 183 1 1
1000000 4 257994 3.13910635920166 184 1 1
1000000 4 259539 3.13867284357482 185 1 1
1000000 4 269494 3.13821975069982 186 1 1
1000000 4 178969 3.14306772839495 187 1 1
1000000 4 233415 3.13995896073638 188 1 1
1000000 4 230380 3.13831823802261 189 1 1
1000000 4 206338 3.14005755725502 190 1 1
1000000 4 201689 3.14257880016341 191 1 1
1000000 4 179798 3.14237635927417 192 1 1
1000000 4 972589 3.14442666096477 193 1 1
1000000 4 1632367 3.1428553469398 194 1 1
1000000 4 1639987 3.14241585788739 195 1 1
1000000 4 994030 3.14786629752688 196 1 1
1000000 4 390168 3.14464419923208 197 1 1
1000000 4 377820 3.14148296845009 198 1 1
1000000 4 388004 3.14095013741657 199 1 1
1000000 4 365803 3.14132507374261 200 1 1
1000000 4 352683 3.13999346881358 201 1 1
1000000 4 338250 3.14521290732473 202 1 1
1000000 4 345353 3.141655683962 203 1 1
1000000 4 346097 3.14013643892827 204 1 1
1000000 4 344102 3.14139415072409 205 1 1
1000000 4 352814 3.14124119863482 206 1 1
1000000 4 317006 3.14423881122619 207 1 1
1000000 4 326047 3.13819020570837 208 1 1
1000000 4 315926 3.13971742543171 209 1 1
1000000 4 319334 3.14141388756251 210 1 1
1000000 4 327013 3.14122639761016 211 1 1
1000000 4 326137 3.14562844151412 212 1 1
1000000 4 311587 3.14340858653489 213 1 1
1000000 4 330425 3.14133000771197 214 1 1
1000000 4 310977 3.1377667886212 215 1 1
1000000 4 319106 3.14473320083524 216 1 1
1000000 4 319475 3.14113266102624 217 1 1
1000000 4 330041 3.14031886797785 218 1 1
1000000 4 338523 3.13939215089174 219 1 1
1000000 4 294873 3.14044707404546 220 1 1
1000000 4 300767 3.14191232493657 221 1 1
1000000 4 310067 3.14602923919575 222 1 1
1000000 4 293578 3.14126093355134 223 1 1
1000000 4 294758 3.14094027187979 224 1 1
1000000 4 298232 3.13995896073638 225 1 1
1000000 4 304549 3.14276151311396 226 1 1
1000000 4 288996 3.14261830386605 227 1 1
1000000 4 290274 3.13876643340401 228 1 1
1000000 4 280925 3.13867776921616 229 1 1
1000000 4 279427 3.13878613723715 230 1 1
1000000 4 281574 3.14597975247431 231 1 1
1000000 4 279866 3.14158659547831 232 1 1
1000000 4 312072 3.14022518554806 233 1 1
1000000 4 268729 3.13787509374402 234 1 1
1000000 4 269390 3.13712203561575 235 1 1
1000000 4 267924 3.13927388595018 236 1 1
1000000 4 277660 3.14217394446522 237 1 1
1000000 4 267906 3.14191232493657 238 1 1
1000000 4 288450 3.14380387693894 239 1 1
1000000 4 276778 3.14499034487964 240 1 1
1000000 4 270788 3.14505463746169 241 1 1
1000000 4 257238 3.1420307887597 242 1 1
1000000 4 268285 3.14165074896954 243 1 1
1000000 4 258041 3.14086134981657 244 1 1
1000000 4 278802 3.14500023587502 245 1 1
1000000 4 265048 3.13981107756746 246 1 1
1000000 4 223989 3.1390570900313 247 1 1
1000000 4 179467 3.14265287042057 248 1 1
1000000 4 202387 3.14467386587337 249 1 1
1000000 4 238411 3.14314676138016 250 1 1
1000000 4 218601 3.13578907428371 251 1 1
1000000 4 181514 3.14089587773121 252 1 1
1000000 4 182109 3.13917041143537 253 1 1
1000000 4 181231 3.14146816514698 254 1 1
1000000 4 229561 3.14177412843258 255 1 1
1000000 4 179698 3.13505175970455 256 1 1
1000000 4 248700 3.14390271507438 257 1 1
1000000 4 270287 3.14288497983839 258 1 1
1000000 4 301839 3.14450576230681 259 1 1
1000000 4 257980 3.14221343798999 260 1 1
1000000 4 263083 3.14229736502654 261 1 1
1000000 4 258904 3.14625689816825 262 1 1
1000000 4 258719 3.14077749946999 263 1 1
1000000 4 257422 3.14169516445989 264 1 1
1000000 4 197596 3.14050131822543 265 1 1
1000000 4 283770 3.14277632860869 266 1 1
1000000 4 239948 3.14391754133073 267 1 1
1000000 4 251431 3.14210483318565 268 1 1
1000000 4 229568 3.14412512360342 269 1 1
1000000 4 270696 3.14172971070953 270 1 1
1000000 4 275107 3.14186296764667 271 1 1
1000000 4 225374 3.13753051248423 272 1 1
1000000 4 287208 3.14533162017604 273 1 1
1000000 4 226015 3.13890929179929 274 1 1
1000000 4 292377 3.14370998646633 275 1 1
1000000 4 232766 3.14200117196644 276 1 1
1000000 4 229033 3.13976671533305 277 1 1
1000000 4 255386 3.14053090674979 278 1 1
1000000 4 255680 3.14520301499161 279 1 1
1000000 4 271873 3.138879733823 280 1 1
1000000 4 248877 3.14070351758794 281 1 1
1000000 4 258078 3.14097973439875 282 1 1
1000000 4 271969 3.13919012034085 283 1 1
1000000 4 282648 3.13702854382272 284 1 1
1000000 4 218669 3.14092547369082 285 1 1
1000000 4 245758 3.14141882181087 286 1 1
1000000 4 232840 3.14568781250442 287 1 1
1000000 4 241039 3.14510904093045 288 1 1
1000000 4 242289 3.14045693648426 289 1 1
1000000 4 262232 3.14050624960744 290 1 1
1000000 4 235844 3.14211964248963 291 1 1
1000000 4 258558 3.14131027192752 292 1 1
1000000 4 254539 3.14389777302001 293 1 1
1000000 4 279589 3.1403533839663 294 1 1
1000000 4 248975 3.14027449139329 295 1 1
1000000 4 246793 3.14195674782341 296 1 1
1000000 4 262297 3.14016602057751 297 1 1
1000000 4 287472 3.14016109026393 298 1 1
1000000 4 218334 3.13865806674356 299 1 1
1000000 4 285874 3.14052104384638 300 1 1
1000000 4 248463 3.14493100021386 301 1 1
1000000 4 273928 3.14017588125111 302 1 1
1000000 4 224365 3.14070351758794 303 1 1
1000000 4 230536 3.1413004041283 304 1 1
1000000 4 256755 3.13812619346862 305 1 1
1000000 4 235428 3.14218875442067 306 1 1
1000000 4 248415 3.14290967434741 307 1 1
1000000 4 282240 3.14133987569718 308 1 1
1000000 4 227027 3.14432284649259 309 1 1
1000000 4 237565 3.14179387004598 310 1 1
1000000 4 275492 3.14558886209896 311 1 1
1000000 4 230234 3.14400155942477 312 1 1
1000000 4 256561 3.14324061821256 313 1 1
1000000 4 277977 3.13931823425907 314 1 1
1000000 4 270924 3.1461777087017 315 1 1
1000000 4 224991 3.14349257742815 316 1 1
1000000 4 256107 3.13919504760589 317 1 1
1000000 4 273620 3.13918026585718 318 1 1
1000000 4 248454 3.14249485809279 319 1 1
1000000 4 228883 3.14237635927417 320 1 1
1000000 4 237512 3.13738777956086 321 1 1
1000000 4 251437 3.14334436123313 322 1 1
1000000 4 306987 3.14529204822991 323 1 1
1000000 4 233738 3.14171984027496 324 1 1
1000000 4 228822 3.1395744934689 325 1 1
1000000 4 278013 3.14611831921775 326 1 1
1000000 4 249007 3.14098466728335 327 1 1
1000000 4 234619 3.1428257146 328 1 1
1000000 4 238641 3.14332460012982 329 1 1
1000000 4 242889 3.13837240868513 330 1 1
1000000 4 255838 3.13924924854221 331 1 1
1000000 4 301696 3.14318627936325 332 1 1
1000000 4 257392 3.14328507866857 333 1 1
1000000 4 252249 3.14194687596222 334 1 1
1000000 4 227020 3.13924924854221 335 1 1
1000000 4 253173 3.14227268013864 336 1 1
1000000 4 285189 3.14517828443105 337 1 1
1000000 4 224786 3.1461034721971 338 1 1
1000000 4 260050 3.14081695789892 339 1 1
1000000 4 269167 3.14107346185559 340 1 1
1000000 4 228181 3.14236154755022 341 1 1
1000000 4 249694 3.13838718282675 342 1 1
1000000 4 245030 3.13861866254043 343 1 1
1000000 4 255427 3.14096000301532 344 1 1
1000000 4 272363 3.14290473541456 345 1 1
1000000 4 301238 3.14279608281896 346 1 1
1000000 4 278114 3.14038296970316 347 1 1
1000000 4 216382 3.14530194112309 348 1 1
1000000 4 229528 3.14006741724745 349 1 1
1000000 4 275297 3.14740064049603 350 1 1
1000000 4 250404 3.14187283898059 351 1 1
1000000 4 302346 3.13643819805353 352 1 1
1000000 4 218976 3.14166061896998 353 1 1
1000000 4 279030 3.14364080760132 354 1 1
1000000 4 274104 3.14276645159668 355 1 1
1000000 4 233562 3.14229242801794 356 1 1
1000000 4 230968 3.14248992046358 357 1 1
1000000 4 248930 3.14212457895531 358 1 1
1000000 4 255403 3.14592037046358 359 1 1
1000000 4 255980 3.14181361190747 360 1 1
1000000 4 251606 3.1406788577351 361 1 1
1000000 4 261487 3.13903245602608 362 1 1
1000000 4 231192 3.13903738279619 363 1 1
1000000 4 281876 3.14194194005489 364 1 1
1000000 4 231156 3.14591542206388 365 1 1
1000000 4 250586 3.13939215089174 366 1 1
1000000 4 264656 3.14102906394193 367 1 1
1000000 4 253571 3.14071831368552 368 1 1
1000000 4 295048 3.13961392167605 369 1 1
1000000 4 236400 3.14096000301532 370 1 1
1000000 4 230433 3.14408558200954 371 1 1
1000000 4 248092 3.14139908491045 372 1 1
1000000 4 246928 3.14335918222368 373 1 1
1000000 4 253354 3.14626184764227 374 1 1
1000000 4 256503 3.14574223788103 375 1 1
1000000 4 248096 3.13891421818279 376 1 1
1000000 4 250346 3.13986037040933 377 1 1
1000000 4 232365 3.14595995822165 378 1 1
1000000 4 313479 3.14274669775891 379 1 1
1000000 4 241329 3.14145336198339 380 1 1
1000000 4 227243 3.13925910345899 381 1 1
1000000 4 259317 3.13959420744869 382 1 1
1000000 4 291038 3.14201598029328 383 1 1
1000000 4 262529 3.14619255642303 384 1 1
1000000 4 291711 3.14339376507847 385 1 1
1000000 4 231282 3.1386137370846 386 1 1
1000000 4 238959 3.14252942193171 387 1 1
1000000 4 298135 3.13915070277736 388 1 1
1000000 4 236098 3.13937736728675 389 1 1
1000000 4 233152 3.13971249652669 390 1 1
1000000 4 247875 3.1403780387083 391 1 1
1000000 4 251316 3.13519919488085 392 1 1
1000000 4 239843 3.14106852869209 393 1 1
1000000 4 281295 3.14260842784728 394 1 1
1000000 4 275679 3.14238129654652 395 1 1
1000000 4 237644 3.14305291015269 396 1 1
1000000 4 230974 3.14370010358492 397 1 1
1000000 4 240255 3.14049145550787 398 1 1
1000000 4 240356 3.14556907276488 399 1 1
1000000 4 241827 3.14185803200297 400 1 1
1000000 4 240859 3.14057035898289 401 1 1
1000000 4 244496 3.14446621113833 402 1 1
1000000 4 266537 3.14028928344879 403 1 1
1000000 4 257856 3.14270225253184 404 1 1
1000000 4 296932 3.14026956073909 405 1 1
1000000 4 232946 3.14598964969405 406 1 1
1000000 4 246293 3.14077256723609 407 1 1
1000000 4 267255 3.14800503051204 408 1 1
1000000 4 246450 3.14052104384638 409 1 1
1000000 4 264344 3.1386137370846 410 1 1
1000000 4 246248 3.14479748290409 411 1 1
1000000 4 256234 3.14100933193873 412 1 1
1000000 4 234836 3.14340364603389 413 1 1
1000000 4 280886 3.14815864201029 414 1 1
1000000 4 229207 3.1406541982695 415 1 1
1000000 4 238247 3.13989487631954 416 1 1
1000000 4 273735 3.13623162952323 417 1 1
1000000 4 243062 3.14054570122104 418 1 1
1000000 4 302128 3.14174945176472 419 1 1
1000000 4 218585 3.14008220735219 420 1 1
1000000 4 256683 3.14011178797965 421 1 1
1000000 4 230367 3.13878613723715 422 1 1
1000000 4 252789 3.14313688203964 423 1 1
1000000 4 240935 3.14328013855579 424 1 1
1000000 4 260212 3.1432159185027 425 1 1
1000000 4 246085 3.14370504501786 426 1 1
1000000 4 248278 3.14107346185559 427 1 1
1000000 4 308614 3.14390765714429 428 1 1
1000000 4 244815 3.14575213360638 429 1 1
1000000 4 258784 3.14426352701473 430 1 1
1000000 4 226657 3.13953506625204 431 1 1
1000000 4 274086 3.14324555820112 432 1 1
1000000 4 260000 3.14225293250755 433 1 1
1000000 4 226552 3.13984558239426 434 1 1
1000000 4 308625 3.14269731425088 435 1 1
1000000 4 243373 3.1440213290407 436 1 1
1000000 4 233860 3.14395707869796 437 1 1
1000000 4 245852 3.14196168377727 438 1 1
1000000 4 282753 3.14449587442141 439 1 1
1000000 4 242553 3.14188271037654 440 1 1
1000000 4 247245 3.14087614740132 441 1 1
1000000 4 234909 3.14730158230587 442 1 1
1000000 4 267930 3.14311218396007 443 1 1
1000000 4 254669 3.14039776278063 444 1 1
1000000 4 251320 3.1412461323407 445 1 1
1000000 4 276850 3.13871717490345 446 1 1
1000000 4 268279 3.14038296970316 447 1 1
1000000 4 244602 3.14368033800851 448 1 1
1000000 4 230705 3.14184816076209 449 1 1
1000000 4 295994 3.14209989678202 450 1 1
1000000 4 225236 3.14035831488373 451 1 1
1000000 4 252749 3.14148790291546 452 1 1
1000000 4 287006 3.13933301730714 453 1 1
1000000 4 244545 3.14048159285226 454 1 1
1000000 4 254786 3.13890929179929 455 1 1
1000000 4 287175 3.13949071181673 456 1 1
1000000 4 241570 3.13937243944935 457 1 1
1000000 4 254693 3.1440361564158 458 1 1
1000000 4 246169 3.14215419807512 459 1 1
1000000 4 255032 3.14059501713195 460 1 1
1000000 4 230888 3.14104386310703 461 1 1
1000000 4 239460 3.14241585788739 462 1 1
1000000 4 240767 3.1445205942515 463 1 1
1000000 4 287167 3.14503485484878 464 1 1
1000000 4 247415 3.13822467491915 465 1 1
1000000 4 300098 3.14037310772893 466 1 1
1000000 4 253227 3.14424869749498 467 1 1
1000000 4 252754 3.14329989910007 468 1 1
1000000 4 269892 3.13914577565153 469 1 1
1000000 4 228677 3.14474309021324 470 1 1
1000000 4 250153 3.14237142201734 471 1 1
1000000 4 272186 3.14058022219605 472 1 1
1000000 4 276519 3.14086628232933 473 1 1
1000000 4 223349 3.14308254677693 474 1 1
1000000 4 254616 3.14510904093045 475 1 1
1000000 4 237771 3.14412512360342 476 1 1
1000000 4 243657 3.14392742557931 477 1 1
1000000 4 259207 3.14208015132258 478 1 1
1000000 4 237165 3.14082682266107 479 1 1
1000000 4 240171 3.14041255599748 480 1 1
1000000 4 240655 3.13937736728675 481 1 1
1000000 4 244418 3.13991459432303 482 1 1
1000000 4 240419 3.14330977946539 483 1 1
1000000 4 256786 3.14522279972008 484 1 1
1000000 4 243033 3.14481231760089 485 1 1
1000000 4 252444 3.14241092050643 486 1 1
1000000 4 245266 3.14439205537903 487 1 1
1000000 4 241668 3.14158659547831 488 1 1
1000000 4 287216 3.14188271037654 489 1 1
1000000 4 249485 3.14155698705836 490 1 1
1000000 4 297434 3.14071338163751 491 1 1
1000000 4 231527 3.14049638685891 492 1 1
1000000 4 229942 3.14120666312757 493 1 1
1000000 4 283542 3.13737793638966 494 1 1
1000000 4 242386 3.14280102141033 495 1 1
1000000 4 290970 3.13913592144626 496 1 1
1000000 4 221240 3.13898811579099 497 1 1
1000000 4 251124 3.14432778988344 498 1 1
1000000 4 249649 3.14423386811511 499 1 1
1000000 4 272280 3.14147803400022 500 1 1
1000000 4 277622 3.14139415072409 501 1 1
1000000 4 223415 3.14097973439875 502 1 1
1000000 4 239833 3.14559875685937 503 1 1
1000000 4 294823 3.14283559198451 504 1 1
1000000 4 222490 3.14043721166861 505 1 1
1000000 4 255164 3.14368527937931 506 1 1
1000000 4 251795 3.14122639761016 507 1 1
1000000 4 237890 3.14424375435281 508 1 1
1000000 4 252630 3.14185803200297 509 1 1
1000000 4 262728 3.14156192175626 510 1 1
1000000 4 233957 3.13593657881863 511 1 1
1000000 4 255921 3.14391259922974 512 1 1
1000000 4 292716 3.14404109890524 513 1 1
1000000 4 279308 3.14066406200927 514 1 1
1000000 4 236322 3.14665785602467 515 1 1
1000000 4 243203 3.14480242778747 516 1 1
1000000 4 231627 3.13940200670576 517 1 1
1000000 4 258072 3.14278620568279 518 1 1
1000000 4 252498 3.14373963548339 519 1 1
1000000 4 238780 3.14226280629207 520 1 1
1000000 4 256681 3.14221343798999 521 1 1
1000000 4 256029 3.14300351702094 522 1 1
1000000 4 251653 3.14250967107351 523 1 1
1000000 4 273628 3.14241585788739 524 1 1
1000000 4 248212 3.14002304776917 525 1 1
1000000 4 231924 3.1460638808271 526 1 1
1000000 4 241046 3.14449587442141 527 1 1
1000000 4 240356 3.13913592144626 528 1 1
1000000 4 244320 3.14768299055066 529 1 1
1000000 4 240130 3.14385823714437 530 1 1
1000000 4 303882 3.1379046328024 531 1 1
1000000 4 256716 3.14118692889295 532 1 1
1000000 4 246112 3.14190245335453 533 1 1
1000000 4 255942 3.14131027192752 534 1 1
1000000 4 292849 3.14184816076209 535 1 1
1000000 4 223331 3.14260348986118 536 1 1
1000000 4 286964 3.13893392387144 537 1 1
1000000 4 224749 3.1390570900313 538 1 1
1000000 4 255951 3.14142869035409 539 1 1
1000000 4 257392 3.13811634566352 540 1 1
1000000 4 251559 3.14068378967469 541 1 1
1000000 4 232418 3.14176425771892 542 1 1
1000000 4 283691 3.141152394579 543 1 1
1000000 4 249530 3.13943650254216 544 1 1
1000000 4 302330 3.1422233115263 545 1 1
1000000 4 235231 3.14274669775891 546 1 1
1000000 4 249058 3.14420915279284 547 1 1
1000000 4 251321 3.14329495894071 548 1 1
1000000 4 250952 3.13630048267664 549 1 1
1000000 4 237121 3.14835687254822 550 1 1
1000000 4 261265 3.14160633473501 551 1 1
1000000 4 236372 3.1412856025457 552 1 1
1000000 4 260001 3.14335424187797 553 1 1
1000000 4 251637 3.13936751162743 554 1 1
1000000 4 295396 3.14129547025193 555 1 1
1000000 4 266660 3.13628081003861 556 1 1
1000000 4 226180 3.14786134300356 557 1 1
1000000 4 246583 3.14531678057956 558 1 1
1000000 4 236122 3.1409550702082 559 1 1
1000000 4 257479 3.14092054099215 560 1 1
1000000 4 251114 3.14551465338001 561 1 1
1000000 4 254667 3.14481231760089 562 1 1
1000000 4 277545 3.14307266784008 563 1 1
1000000 4 244492 3.14169022934339 564 1 1
1000000 4 287607 3.14707872417429 565 1 1
1000000 4 251677 3.14453048229236 566 1 1
1000000 4 242415 3.14525247727948 567 1 1
1000000 4 233289 3.13965827959285 568 1 1
1000000 4 242103 3.14546518284589 569 1 1
1000000 4 280403 3.14294918636903 570 1 1
1000000 4 272168 3.14078736398428 571 1 1
1000000 4 245674 3.14202585258872 572 1 1
1000000 4 268441 3.14072817782803 573 1 1
1000000 4 228810 3.14148790291546 574 1 1
1000000 4 253514 3.14175438706728 575 1 1
1000000 4 310890 3.14086628232933 576 1 1
1000000 4 235870 3.14021532456481 577 1 1
1000000 4 258044 3.14208015132258 578 1 1
1000000 4 260885 3.13985051171714 579 1 1
1000000 4 275785 3.13924432110702 580 1 1
1000000 4 237996 3.1391999748864 581 1 1
1000000 4 258943 3.14444149216327 582 1 1
1000000 4 231993 3.14381376047283 583 1 1
1000000 4 255385 3.14181854741161 584 1 1
1000000 4 238049 3.14215913464937 585 1 1
1000000 4 310697 3.14391259922974 586 1 1
1000000 4 232511 3.13891421818279 587 1 1
1000000 4 232057 3.14011178797965 588 1 1
1000000 4 239908 3.13906201687874 589 1 1
1000000 4 287631 3.14141882181087 590 1 1
1000000 4 248704 3.1429343692445 591 1 1
1000000 4 246236 3.14149777189271 592 1 1
1000000 4 246663 3.14363586637033 593 1 1
1000000 4 239302 3.14495572688575 594 1 1
1000000 4 291295 3.14126586731921 595 1 1
1000000 4 300857 3.14077256723609 596 1 1
1000000 4 238727 3.14052597529034 597 1 1
1000000 4 259984 3.13999346881358 598 1 1
1000000 4 246916 3.14412018084979 599 1 1
1000000 4 232998 3.14026463010038 600 1 1
1000000 4 253610 3.14330483927497 601 1 1
1000000 4 254707 3.14118692889295 602 1 1
1000000 4 279572 3.14596490676147 603 1 1
1000000 4 295157 3.14502496363565 604 1 1
1000000 4 223300 3.14542066069561 605 1 1
1000000 4 231711 3.14271212914033 606 1 1
1000000 4 281275 3.14270225253184 607 1 1
1000000 4 246651 3.14179880548809 608 1 1
1000000 4 249503 3.14401144420166 609 1 1
1000000 4 250886 3.14145829635575 610 1 1
1000000 4 235038 3.14327025837682 611 1 1
1000000 4 240219 3.1390570900313 612 1 1
1000000 4 260769 3.13983079451848 613 1 1
1000000 4 241912 3.14198142774778 614 1 1
1000000 4 305582 3.14236648477602 615 1 1
1000000 4 248648 3.14259855189059 616 1 1
1000000 4 227951 3.14256398653097 617 1 1
1000000 4 279739 3.14483209741432 618 1 1
1000000 4 276694 3.14308254677693 619 1 1
1000000 4 225888 3.13853000670076 620 1 1
1000000 4 233539 3.14717776833624 621 1 1
1000000 4 241019 3.13925417599287 622 1 1
1000000 4 241273 3.14118199537304 623 1 1
1000000 4 244494 3.14048652417232 624 1 1
1000000 4 254394 3.14280102141033 625 1 1
1000000 4 251632 3.14137934825803 626 1 1
1000000 4 257705 3.1382886911767 627 1 1
1000000 4 266578 3.14221837475039 628 1 1
1000000 4 232271 3.14183335401707 629 1 1
1000000 4 268201 3.13922953889427 630 1 1
1000000 4 253778 3.14148790291546 631 1 1
1000000 4 237351 3.14265287042057 632 1 1
1000000 4 240819 3.13747637088108 633 1 1
1000000 4 240873 3.14226280629207 634 1 1
1000000 4 242660 3.14250473339775 635 1 1
1000000 4 245549 3.14357163178088 636 1 1
1000000 4 242797 3.14020053320605 637 1 1
1000000 4 259788 3.14329495894071 638 1 1
1000000 4 297341 3.14018574198664 639 1 1
1000000 4 239304 3.14246029501417 640 1 1
1000000 4 254037 3.14242079528385 641 1 1
1000000 4 233478 3.14440688625108 642 1 1
1000000 4 241959 3.14497056307553 643 1 1
1000000 4 284244 3.13786032442338 644 1 1
1000000 4 273422 3.13795878918722 645 1 1
1000000 4 242351 3.14092547369082 646 1 1
1000000 4 231131 3.14204559736571 647 1 1
1000000 4 241707 3.14015615996583 648 1 1
1000000 4 313091 3.13690553679512 649 1 1
1000000 4 263961 3.13829854006352 650 1 1
1000000 4 239999 3.14237142201734 651 1 1
1000000 4 247571 3.14091560830898 652 1 1
1000000 4 234703 3.14160633473501 653 1 1
1000000 4 241915 3.14267262307885 654 1 1
1000000 4 240649 3.14040762490971 655 1 1
1000000 4 243469 3.14378905175463 656 1 1
1000000 4 241519 3.13785047828686 657 1 1
1000000 4 304028 3.14392742557931 658 1 1
1000000 4 229088 3.14289485759543 659 1 1
1000000 4 240689 3.14276645159668 660 1 1
1000000 4 282397 3.13984558239426 661 1 1
1000000 4 244840 3.13936258382098 662 1 1
1000000 4 238923 3.14340364603389 663 1 1
1000000 4 253288 3.1445650909251 664 1 1
1000000 4 244212 3.1403533839663 665 1 1
1000000 4 268550 3.13741730944504 666 1 1
1000000 4 233472 3.14358151385455 667 1 1
1000000 4 238719 3.13939707879102 668 1 1
1000000 4 278457 3.1473312991082 669 1 1
1000000 4 252340 3.14356174976934 670 1 1
1000000 4 231064 3.1424504199885 671 1 1
1000000 4 251916 3.13562683532158 672 1 1
1000000 4 298195 3.13935272825449 673 1 1
1000000 4 266716 3.1370236233564 674 1 1
1000000 4 272632 3.14162113934032 675 1 1
1000000 4 245458 3.13961885027158 676 1 1
1000000 4 272121 3.14061474392998 677 1 1
1000000 4 228565 3.14329989910007 678 1 1
1000000 4 238164 3.14181361190747 679 1 1
1000000 4 242009 3.1406541982695 680 1 1
1000000 4 243614 3.1420307887597 681 1 1
1000000 4 243415 3.14066406200927 682 1 1
1000000 4 244303 3.1410389300365 683 1 1
1000000 4 242907 3.14122639761016 684 1 1
1000000 4 245936 3.13976178627328 685 1 1
1000000 4 293355 3.14115732800593 686 1 1
1000000 4 266957 3.14592531887885 687 1 1
1000000 4 293622 3.14016602057751 688 1 1
1000000 4 220279 3.14382364406886 689 1 1
1000000 4 285393 3.14324555820112 690 1 1
1000000 4 279462 3.14733625196315 691 1 1
1000000 4 243686 3.13912114025436 692 1 1
1000000 4 267644 3.14235167314515 693 1 1
1000000 4 244955 3.14329495894071 694 1 1
1000000 4 232596 3.14528215539896 695 1 1
1000000 4 238683 3.14071338163751 696 1 1
1000000 4 243608 3.14298376020291 697 1 1
1000000 4 240381 3.13867284357482 698 1 1
1000000 4 245417 3.13872702647987 699 1 1
1000000 4 264876 3.13990966479894 700 1 1
1000000 4 239720 3.14089094512549 701 1 1
1000000 4 258564 3.14309242577587 702 1 1
1000000 4 250928 3.14337400335398 703 1 1
1000000 4 301299 3.14243067012334 704 1 1
1000000 4 240730 3.14527226263023 705 1 1
1000000 4 272291 3.14271212914033 706 1 1
1000000 4 231126 3.14269237598543 707 1 1
1000000 4 238269 3.13852015636107 708 1 1
1000000 4 254344 3.14043228050341 709 1 1
1000000 4 254503 3.14207027868592 710 1 1
1000000 4 237079 3.14538108650899 711 1 1
1000000 4 241411 3.14275657464675 712 1 1
1000000 4 241298 3.14205546984726 713 1 1
1000000 4 262434 3.14424869749498 714 1 1
1000000 4 256665 3.14724710295904 715 1 1
1000000 4 241145 3.14235661033992 716 1 1
1000000 4 240427 3.14485682253101 717 1 1
1000000 4 242402 3.141655683962 718 1 1
1000000 4 317450 3.14249979573751 719 1 1
1000000 4 277551 3.14287510214344 720 1 1
1000000 4 241133 3.14010192770857 721 1 1
1000000 4 260769 3.14164581399258 722 1 1
1000000 4 250656 3.14042241821947 723 1 1
1000000 4 248471 3.14082189027225 724 1 1
1000000 4 253277 3.13802279459758 725 1 1
1000000 4 239495 3.13894377680854 726 1 1
1000000 4 241088 3.14281089863963 727 1 1
1000000 4 242129 3.14294918636903 728 1 1
1000000 4 241171 3.14093533913464 729 1 1
1000000 4 244930 3.14011178797965 730 1 1
1000000 4 242331 3.13872210068393 731 1 1
1000000 4 244071 3.14251460876479 732 1 1
1000000 4 286268 3.13976671533305 733 1 1
1000000 4 247791 3.14231711321611 734 1 1
1000000 4 237503 3.14232205030229 735 1 1
1000000 4 241100 3.1398751585637 736 1 1
1000000 4 242975 3.14373963548339 737 1 1
1000000 4 240449 3.14207027868592 738 1 1
1000000 4 266027 3.13951535301495 739 1 1
1000000 4 259248 3.1379883298214 740 1 1
1000000 4 253312 3.14137441413367 741 1 1
1000000 4 285695 3.1398061483684 742 1 1
1000000 4 277896 3.13679729859017 743 1 1
1000000 4 237040 3.14324061821256 744 1 1
1000000 4 233186 3.14074790629893 745 1 1
1000000 4 255169 3.14190245335453 746 1 1
1000000 4 254433 3.14104386310703 747 1 1
1000000 4 298325 3.14212457895531 748 1 1
1000000 4 239546 3.14384341144736 749 1 1
1000000 4 281644 3.14345799239912 750 1 1
1000000 4 243440 3.13812126955834 751 1 1
1000000 4 249515 3.1403780387083 752 1 1
1000000 4 238385 3.14294918636903 753 1 1
1000000 4 242585 3.14469364394521 754 1 1
1000000 4 314387 3.14149777189271 755 1 1
1000000 4 261571 3.14290967434741 756 1 1
1000000 4 240287 3.14012164831266 757 1 1
1000000 4 231464 3.14419926677273 758 1 1
1000000 4 242665 3.13928866858059 759 1 1
1000000 4 267247 3.14260842784728 760 1 1
1000000 4 252349 3.14108332822907 761 1 1
1000000 4 269332 3.14113266102624 762 1 1
1000000 4 247713 3.14331965989281 763 1 1
1000000 4 273142 3.14086628232933 764 1 1
1000000 4 252397 3.14014136916444 765 1 1
1000000 4 231019 3.14484198741434 766 1 1
1000000 4 260463 3.13973221223962 767 1 1
1000000 4 239278 3.13717124406094 768 1 1
1000000 4 243025 3.14185309637477 769 1 1
1000000 4 241603 3.14012657850238 770 1 1
1000000 4 296586 3.14225786939205 771 1 1
1000000 4 273901 3.14176425771892 772 1 1
1000000 4 223952 3.14266274671867 773 1 1
1000000 4 248652 3.14040762490971 774 1 1
1000000 4 300359 3.14153724842177 775 1 1
1000000 4 223268 3.13931823425907 776 1 1
1000000 4 256740 3.14002797764928 777 1 1
1000000 4 236772 3.13942664651155 778 1 1
1000000 4 240738 3.14305784955125 779 1 1
1000000 4 284386 3.14257880016341 780 1 1
1000000 4 248703 3.14095013741657 781 1 1
1000000 4 239926 3.14323073828204 782 1 1
1000000 4 278061 3.14169022934339 783 1 1
1000000 4 246584 3.14301339552309 784 1 1
1000000 4 235920 3.14037310772893 785 1 1
1000000 4 240863 3.14434756360229 786 1 1
1000000 4 242713 3.14333942093401 787 1 1
1000000 4 245524 3.14386812102006 788 1 1
1000000 4 260481 3.14166061896998 789 1 1
1000000 4 298189 3.14122639761016 790 1 1
1000000 4 270078 3.13950549648925 791 1 1
1000000 4 240776 3.13998853904183 792 1 1
1000000 4 261654 3.13910143221503 793 1 1
1000000 4 292334 3.14009206749942 794 1 1
1000000 4 221095 3.14079722856053 795 1 1
1000000 4 251230 3.1429244912391 796 1 1
1000000 4 238687 3.14312206314532 797 1 1
1000000 4 257781 3.14372975241556 798 1 1
1000000 4 238592 3.14012164831266 799 1 1
1000000 4 257175 3.14057035898289 800 1 1
1000000 4 240807 3.14372975241556 801 1 1
1000000 4 282836 3.14673706966404 802 1 1
1000000 4 251772 3.14692521804258 803 1 1
1000000 4 245548 3.14437722464689 804 1 1
1000000 4 248214 3.14125106606208 805 1 1
1000000 4 251775 3.14072817782803 806 1 1
1000000 4 249487 3.13920982949382 807 1 1
1000000 4 260277 3.14497550850323 808 1 1
1000000 4 284843 3.14126586731921 809 1 1
1000000 4 228372 3.14127080110259 810 1 1
1000000 4 240756 3.13901767580853 811 1 1
1000000 4 255246 3.14310724439073 812 1 1
1000000 4 252467 3.14270225253184 813 1 1
1000000 4 255087 3.14194687596222 814 1 1
1000000 4 239832 3.14107346185559 815 1 1
1000000 4 241980 3.14241585788739 816 1 1
1000000 4 241882 3.13956956501264 817 1 1
1000000 4 244176 3.14350739981642 818 1 1
1000000 4 265492 3.13835763468262 819 1 1
1000000 4 253397 3.14137934825803 820 1 1
1000000 4 240402 3.13953506625204 821 1 1
1000000 4 243577 3.14361610160167 822 1 1
1000000 4 245019 3.1375255904431 823 1 1
1000000 4 301855 3.14033859130691 824 1 1
1000000 4 257580 3.13924432110702 825 1 1
1000000 4 228390 3.14291955225968 826 1 1
1000000 4 259888 3.14128066871583 827 1 1
1000000 4 253354 3.14013643892827 828 1 1
1000000 4 253403 3.13553343262523 829 1 1
1000000 4 239447 3.14041255599748 830 1 1
1000000 4 276173 3.13936751162743 831 1 1
1000000 4 246999 3.14063940277601 832 1 1
1000000 4 250154 3.13866791794894 833 1 1
1000000 4 306238 3.14185309637477 834 1 1
1000000 4 223062 3.13865806674356 835 1 1
1000000 4 262754 3.14187283898059 836 1 1
1000000 4 293770 3.1366939872713 837 1 1
1000000 4 237415 3.13932808960898 838 1 1
1000000 4 234777 3.14205546984726 839 1 1
1000000 4 256861 3.14206040611131 840 1 1
1000000 4 252134 3.14276151311396 841 1 1
1000000 4 272280 3.14114252777163 842 1 1
1000000 4 295869 3.14464914363342 843 1 1
1000000 4 268337 3.14254917303818 844 1 1
1000000 4 250304 3.14124119863482 845 1 1
1000000 4 257159 3.13918026585718 846 1 1
1000000 4 235019 3.14267756128221 847 1 1
1000000 4 279484 3.1371614022484 848 1 1
1000000 4 263198 3.1404717302586 849 1 1
1000000 4 235850 3.14463431047603 850 1 1
1000000 4 239957 3.14259855189059 851 1 1
1000000 4 241013 3.14243067012334 852 1 1
1000000 4 274717 3.14163100915471 853 1 1
1000000 4 236633 3.14299363858088 854 1 1
1000000 4 264607 3.14496561766338 855 1 1
1000000 4 235960 3.14274669775891 856 1 1
1000000 4 257298 3.13893392387144 857 1 1
1000000 4 282077 3.14134480971304 858 1 1
1000000 4 270152 3.14091560830898 859 1 1
1000000 4 245548 3.14301339552309 860 1 1
1000000 4 253894 3.14256892439293 861 1 1
1000000 4 237304 3.14064926642285 862 1 1
1000000 4 290666 3.14153231380138 863 1 1
1000000 4 285191 3.14797530098579 864 1 1
1000000 4 236004 3.14098960018343 865 1 1
1000000 4 231209 3.14015615996583 866 1 1
1000000 4 257403 3.14455520266658 867 1 1
1000000 4 295020 3.14208508766417 868 1 1
1000000 4 227176 3.14065913013164 869 1 1
1000000 4 268354 3.14037310772893 870 1 1
1000000 4 299132 3.14005262728203 871 1 1
1000000 4 233934 3.1402103940964 872 1 1
1000000 4 232591 3.14484693243768 873 1 1
1000000 4 261216 3.1410389300365 874 1 1
1000000 4 249171 3.14309736529863 875 1 1
1000000 4 257931 3.13819512983498 876 1 1
1000000 4 256404 3.1376240342001 877 1 1
1000000 4 272818 3.14054570122104 878 1 1
1000000 4 249914 3.13916055707543 879 1 1
1000000 4 239770 3.14378905175463 880 1 1
1000000 4 277640 3.14057529058173 881 1 1
1000000 4 290075 3.14005262728203 882 1 1
1000000 4 255975 3.14191232493657 883 1 1
1000000 4 266114 3.140466798985 884 1 1
1000000 4 227512 3.14332460012982 885 1 1
1000000 4 255326 3.14139415072409 886 1 1
1000000 4 256739 3.14272200581089 887 1 1
1000000 4 252279 3.14055063274244 888 1 1
1000000 4 255552 3.14030407564364 889 1 1
1000000 4 240754 3.13907187062001 890 1 1
1000000 4 242259 3.14430801641329 891 1 1
1000000 4 245368 3.14697968624613 892 1 1
1000000 4 241181 3.14087614740132 893 1 1
1000000 4 248866 3.14472825616956 894 1 1
1000000 4 243086 3.14138921655324 895 1 1
1000000 4 249000 3.13871717490345 896 1 1
1000000 4 271374 3.14165074896954 897 1 1
1000000 4 249502 3.13955477973669 898 1 1
1000000 4 253184 3.13624638351589 899 1 1
1000000 4 275805 3.14282077593102 900 1 1
1000000 4 274899 3.14079229626466 901 1 1
1000000 4 227510 3.13738777956086 902 1 1
1000000 4 242989 3.14136948002482 903 1 1
1000000 4 242068 3.13575465855551 904 1 1
1000000 4 242537 3.1403780387083 905 1 1
1000000 4 287930 3.14289979649724 906 1 1
1000000 4 249315 3.13893392387144 907 1 1
1000000 4 247593 3.14351234064357 908 1 1
1000000 4 276520 3.14477275872046 909 1 1
1000000 4 229828 3.14114252777163 910 1 1
1000000 4 258648 3.13943650254216 911 1 1
1000000 4 256113 3.13910143221503 912 1 1
1000000 4 251815 3.13773725215798 913 1 1
1000000 4 242881 3.14318133956102 914 1 1
1000000 4 255946 3.14153724842177 915 1 1
1000000 4 244842 3.14568781250442 916 1 1
1000000 4 262014 3.13943650254216 917 1 1
1000000 4 241196 3.140673925811 918 1 1
1000000 4 242942 3.14198636377918 919 1 1
1000000 4 243223 3.14033366045142 920 1 1
1000000 4 243900 3.13920982949382 921 1 1
1000000 4 318834 3.14018081161113 922 1 1
1000000 4 269008 3.1383428608192 923 1 1
1000000 4 270309 3.13976178627328 924 1 1
1000000 4 265471 3.14117706186862 925 1 1
1000000 4 249623 3.14064433459169 926 1 1
1000000 4 292292 3.14052597529034 927 1 1
1000000 4 274772 3.14186296764667 928 1 1
1000000 4 279553 3.14059501713195 929 1 1
1000000 4 220332 3.13611852019112 930 1 1
1000000 4 283790 3.14257386227042 931 1 1
1000000 4 240273 3.14129053639107 932 1 1
1000000 4 253327 3.14171984027496 933 1 1
1000000 4 264021 3.13844628078424 934 1 1
1000000 4 255358 3.14397684775449 935 1 1
1000000 4 253704 3.14003783745594 936 1 1
1000000 4 238506 3.14075777062732 937 1 1
1000000 4 257677 3.14281089863963 938 1 1
1000000 4 248532 3.14500023587502 939 1 1
1000000 4 242306 3.14122639761016 940 1 1
1000000 4 241416 3.13898318917553 941 1 1
1000000 4 262145 3.14343822986706 942 1 1
1000000 4 240850 3.14432778988344 943 1 1
1000000 4 241091 3.14474309021324 944 1 1
1000000 4 286573 3.14331471967134 945 1 1
1000000 4 278116 3.14166061896998 946 1 1
1000000 4 245579 3.14253929745391 947 1 1
1000000 4 262614 3.13983572379493 948 1 1
1000000 4 233161 3.1386137370846 949 1 1
1000000 4 257320 3.13958435042785 950 1 1
1000000 4 240459 3.14448104270991 951 1 1
1000000 4 257536 3.14008713741806 952 1 1
1000000 4 252240 3.1468212385259 953 1 1
1000000 4 238712 3.14053583822472 954 1 1
1000000 4 241785 3.14150764093196 955 1 1
1000000 4 246143 3.14561359911671 956 1 1
1000000 4 262328 3.13934287274988 957 1 1
1000000 4 241132 3.14642023903355 958 1 1
1000000 4 305507 3.14089587773121 959 1 1
1000000 4 230610 3.13953999459999 960 1 1
1000000 4 268971 3.14369516216752 961 1 1
1000000 4 288336 3.14296400363327 962 1 1
1000000 4 237473 3.14077749946999 963 1 1
1000000 4 232278 3.1413004041283 964 1 1
1000000 4 242991 3.14508431184769 965 1 1
1000000 4 242539 3.13574974208458 966 1 1
1000000 4 264190 3.14526731626921 967 1 1
1000000 4 267371 3.14432284649259 968 1 1
1000000 4 248935 3.13541545822529 969 1 1
1000000 4 248311 3.14040762490971 970 1 1
1000000 4 268368 3.13922461152095 971 1 1
1000000 4 257862 3.14392248344725 972 1 1
1000000 4 234633 3.14300845626425 973 1 1
1000000 4 246993 3.138465980598 974 1 1
1000000 4 281981 3.13951535301495 975 1 1
1000000 4 263894 3.13901767580853 976 1 1
1000000 4 244635 3.14142869035409 977 1 1
1000000 4 305798 3.13856448337659 978 1 1
1000000 4 259738 3.13842658121777 979 1 1
1000000 4 273707 3.14595995822165 980 1 1
1000000 4 240311 3.13955970814653 981 1 1
1000000 4 244102 3.13982093601202 982 1 1
1000000 4 309935 3.14042241821947 983 1 1
1000000 4 243099 3.13695473844856 984 1 1
1000000 4 249319 3.1444859865982 985 1 1
1000000 4 254406 3.13803264181554 986 1 1
1000000 4 240402 3.14145336198339 987 1 1
1000000 4 278911 3.13915070277736 988 1 1
1000000 4 241537 3.13792924910922 989 1 1
1000000 4 294806 3.14162607423977 990 1 1
1000000 4 248276 3.13681205790555 991 1 1
1000000 4 292147 3.14232205030229 992 1 1
1000000 4 256628 3.14337894376181 993 1 1
1000000 4 226095 3.14460958885802 994 1 1
1000000 4 249924 3.14437722464689 995 1 1
1000000 4 255794 3.14288991870915 996 1 1
1000000 4 254365 3.1382492962476 997 1 1
1000000 4 258272 3.13797355943479 998 1 1
1000000 4 252644 3.14000332840353 999 1 1
1000000 4 263951 3.14254423523829 1000 1 1
