10000000 4 1727049 3.14209397311813 1 1 1
10000000 4 1954040 3.14205102722289 2 1 1
10000000 4 2104383 3.14102709073045 3 1 1
10000000 4 2032454 3.14162508725864 4 1 1
10000000 4 2124926 3.1409974928558 5 1 1
10000000 4 2289078 3.14087022835069 6 1 1
10000000 4 6990363 3.14212309801397 7 1 1
10000000 4 3189469 3.1409491508601 8 1 1
10000000 4 3415036 3.14053534507653 9 1 1
10000000 4 3183808 3.14203819304526 10 1 1
10000000 4 2915667 3.14091412850705 11 1 1
10000000 4 7123528 3.14140944675225 12 1 1
10000000 4 3905886 3.14157820636933 13 1 1
10000000 4 3385367 3.14148642257422 14 1 1
10000000 4 2956344 3.14270669699798 15 1 1
10000000 4 2529864 3.14155402624706 16 1 1
10000000 4 2443777 3.1422781107807 17 1 1
10000000 4 1864123 3.14161077610196 18 1 1
10000000 4 2239776 3.14148050122321 19 1 1
10000000 4 7233702 3.14093829877987 20 1 1
10000000 4 3157057 3.14121603697588 21 1 1
10000000 4 2955970 3.1422272609582 22 1 1
10000000 4 2783601 3.14253386590902 23 1 1
10000000 4 2599670 3.14124711908374 24 1 1
10000000 4 2475240 3.14125550642457 25 1 1
10000000 4 1817413 3.14172477548449 26 1 1
10000000 4 2511480 3.1422682369 27 1 1
10000000 4 2536125 3.1414365852333 28 1 1
10000000 4 2420191 3.14105274267302 29 1 1
10000000 4 2437823 3.14123429147262 30 1 1
10000000 4 2621670 3.14100242579617 31 1 1
10000000 4 2543405 3.14150468021367 32 1 1
10000000 4 2675020 3.14111539437096 33 1 1
10000000 4 2717731 3.14150961474725 34 1 1
10000000 4 2844796 3.14200215918388 35 1 1
10000000 4 2428495 3.14144645388812 36 1 1
10000000 4 2622548 3.14184914788338 37 1 1
10000000 4 2544594 3.14111095440458 38 1 1
10000000 4 2710337 3.14030999256061 39 1 1
10000000 4 2432425 3.14242326398791 40 1 1
10000000 4 3020065 3.14090179687851 41 1 1
10000000 4 2374898 3.1417158921185 42 1 1
10000000 4 2398850 3.14090722278314 43 1 1
10000000 4 2341273 3.14182200227374 44 1 1
10000000 4 2555132 3.14185951269445 45 1 1
10000000 4 2665811 3.14157228467232 46 1 1
10000000 4 2831184 3.14175191941406 47 1 1
10000000 4 2748344 3.14292300954364 48 1 1
10000000 4 2662972 3.13918568581554 49 1 1
10000000 4 2575778 3.14352518686685 50 1 1
10000000 4 2701815 3.14078095204294 51 1 1
10000000 4 2409324 3.1410478095746 52 1 1
10000000 4 2528985 3.14165321646383 53 1 1
10000000 4 2651812 3.14124465222731 54 1 1
10000000 4 2484449 3.14149727844237 55 1 1
10000000 4 3061786 3.14198587017534 56 1 1
10000000 4 2481380 3.14148395534192 57 1 1
10000000 4 2938068 3.14281880046778 58 1 1
10000000 4 2302685 3.14103251706798 59 1 1
10000000 4 2388816 3.14113759439118 60 1 1
10000000 4 2497543 3.1392817700024 61 1 1
10000000 4 3044993 3.14117410177341 62 1 1
10000000 4 2528612 3.14223861563022 63 1 1
10000000 4 2743042 3.14136849320491 64 1 1
10000000 4 2527065 3.14201153778057 65 1 1
10000000 4 2405701 3.14110651445074 66 1 1
10000000 4 2742987 3.14291510719148 67 1 1
10000000 4 2783692 3.14043918413902 68 1 1
10000000 4 2555820 3.14136799979518 69 1 1
10000000 4 2567279 3.14234327994963 70 1 1
10000000 4 2430856 3.14082435646472 71 1 1
10000000 4 3006550 3.14021088714255 72 1 1
10000000 4 2480245 3.14141783495996 73 1 1
10000000 4 2617197 3.1418195345143 74 1 1
10000000 4 2457525 3.14261385964992 75 1 1
10000000 4 2537494 3.14031443026296 76 1 1
10000000 4 2780421 3.14138625605816 77 1 1
10000000 4 3229570 3.14182397648408 78 1 1
10000000 4 2487346 3.14008960245681 79 1 1
10000000 4 2428835 3.14043721166861 80 1 1
10000000 4 2682597 3.14175043882399 81 1 1
10000000 4 2701745 3.14036965605258 82 1 1
10000000 4 2658124 3.14189949189201 83 1 1
10000000 4 2701307 3.14084556587986 84 1 1
10000000 4 2996180 3.14131224549481 85 1 1
10000000 4 2336307 3.14225688201391 86 1 1
10000000 4 2374034 3.14197846613638 87 1 1
10000000 4 2428991 3.14126586731921 88 1 1
10000000 4 2306212 3.14219764046095 89 1 1
10000000 4 2360454 3.1416295286786 90 1 1
10000000 4 2490978 3.14201055055723 91 1 1
10000000 4 2478202 3.14205892523047 92 1 1
10000000 4 2388646 3.14269978338942 93 1 1
10000000 4 2573762 3.14002551270729 94 1 1
10000000 4 2681667 3.14087121485758 95 1 1
10000000 4 2852041 3.14219517211138 96 1 1
10000000 4 2824460 3.14219319743452 97 1 1
10000000 4 2417382 3.14198192135022 98 1 1
10000000 4 2383894 3.14146421762305 99 1 1
10000000 4 2572930 3.14096000301532 100 1 1
10000000 4 2494696 3.14034253600246 101 1 1
10000000 4 2576800 3.14088354624598 102 1 1
10000000 4 2671165 3.13977460186088 103 1 1
10000000 4 2541643 3.13959568600715 104 1 1
10000000 4 2453837 3.14185161568934 105 1 1
10000000 4 2481580 3.14205546984726 106 1 1
10000000 4 2836797 3.14109122137249 107 1 1
10000000 4 2564044 3.14183483468529 108 1 1
10000000 4 2601460 3.14113858106603 109 1 1
10000000 4 2633468 3.14075826384537 110 1 1
10000000 4 2703256 3.14215271710586 111 1 1
10000000 4 2929284 3.14159103678944 112 1 1
10000000 4 2418888 3.14136454593146 113 1 1
10000000 4 2452292 3.14215765367547 114 1 1
10000000 4 2568173 3.14296597927905 115 1 1
10000000 4 2393321 3.14098861360218 116 1 1
10000000 4 2498768 3.14121998387612 117 1 1
10000000 4 3219377 3.14084359289893 118 1 1
10000000 4 2639820 3.14052942731033 119 1 1
10000000 4 2648636 3.14164828147912 120 1 1
10000000 4 2659869 3.14306229502323 121 1 1
10000000 4 2493708 3.142667684891 122 1 1
10000000 4 2617477 3.14093533913464 123 1 1
10000000 4 2430115 3.14345354580774 124 1 1
10000000 4 2324992 3.14055901636435 125 1 1
10000000 4 2313107 3.14111440771068 126 1 1
10000000 4 2302412 3.13973911279764 127 1 1
10000000 4 2375738 3.14116374148411 128 1 1
10000000 4 2334760 3.14064186868191 129 1 1
10000000 4 2305695 3.14171539859964 130 1 1
10000000 4 2324274 3.14099354651466 131 1 1
10000000 4 2297045 3.14137490754541 132 1 1
10000000 4 2319271 3.14199179343163 133 1 1
10000000 4 2361686 3.14261781006364 134 1 1
10000000 4 2627514 3.14136257229846 135 1 1
10000000 4 2754161 3.14078933689457 136 1 1
10000000 4 2636534 3.14184816076209 137 1 1
10000000 4 2913829 3.1399979056214 138 1 1
10000000 4 2943766 3.14136750638562 139 1 1
10000000 4 2816640 3.14098762702154 140 1 1
10000000 4 2605241 3.14084704561719 141 1 1
10000000 4 2516884 3.14156142828577 142 1 1
10000000 4 2571298 3.14135073055253 143 1 1
10000000 4 2462372 3.13993135482072 144 1 1
10000000 4 2613966 3.14152491189986 145 1 1
10000000 4 2570484 3.14119482255705 146 1 1
10000000 4 2568802 3.14124859919945 147 1 1
10000000 4 2890715 3.14158659547831 148 1 1
10000000 4 2821826 3.14054816697981 149 1 1
10000000 4 2620233 3.14193404263542 150 1 1
10000000 4 2377016 3.14097776124925 151 1 1
10000000 4 2713925 3.14246720756907 152 1 1
10000000 4 2323434 3.14181558610727 153 1 1
10000000 4 2421570 3.14174846470607 154 1 1
10000000 4 2466811 3.14069118761311 155 1 1
10000000 4 2841384 3.14208854311252 156 1 1
10000000 4 2790099 3.14167789161997 157 1 1
10000000 4 2499196 3.14039529725804 158 1 1
10000000 4 2527580 3.14281929433336 159 1 1
10000000 4 2561518 3.14144151955296 160 1 1
10000000 4 2613651 3.14036521819415 161 1 1
10000000 4 2968460 3.14140796648495 162 1 1
10000000 4 2427736 3.14173316537628 163 1 1
10000000 4 2548376 3.14126981434467 164 1 1
10000000 4 2846004 3.14085049834304 165 1 1
10000000 4 2463064 3.13994367883023 166 1 1
10000000 4 2482087 3.14149727844237 167 1 1
10000000 4 2438513 3.14186543547433 168 1 1
10000000 4 2814760 3.14099354651466 169 1 1
10000000 4 2503953 3.1426494137309 170 1 1
10000000 4 2419876 3.14189406255857 171 1 1
10000000 4 2871241 3.14070105158523 172 1 1
10000000 4 2896222 3.14175586766107 173 1 1
10000000 4 2297335 3.1416926968997 174 1 1
10000000 4 2367392 3.14208311312568 175 1 1
10000000 4 2383120 3.1425965767067 176 1 1
10000000 4 2409904 3.14134332950665 177 1 1
10000000 4 2352476 3.14199623588851 178 1 1
10000000 4 2392440 3.14143017064092 179 1 1
10000000 4 2315458 3.14071190202612 180 1 1
10000000 4 2306557 3.14173316537628 181 1 1
10000000 4 2541583 3.14223614721628 182 1 1
10000000 4 2522911 3.14173513947498 183 1 1
10000000 4 2564621 3.1414439867186 184 1 1
10000000 4 2537155 3.14091955445428 185 1 1
10000000 4 2549352 3.14168529424239 186 1 1
10000000 4 2441383 3.14237537182157 187 1 1
10000000 4 2346900 3.1416650604904 188 1 1
10000000 4 2581842 3.14192515808596 189 1 1
10000000 4 2528968 3.14106408885819 190 1 1
10000000 4 2668069 3.14155501318354 191 1 1
10000000 4 2654795 3.14141191386751 192 1 1
10000000 4 3119654 3.14036916295658 193 1 1
10000000 4 2492945 3.14166900851911 194 1 1
10000000 4 2347089 3.14122097060273 195 1 1
10000000 4 2381700 3.14133395489861 196 1 1
10000000 4 2390906 3.14072571178659 197 1 1
10000000 4 2402030 3.13967208008927 198 1 1
10000000 4 2346444 3.14120567640995 199 1 1
10000000 4 2307068 3.1422761359996 200 1 1
10000000 4 2328628 3.14053879711711 201 1 1
10000000 4 2325101 3.14048652417232 202 1 1
10000000 4 2453915 3.14082041055862 203 1 1
10000000 4 2393722 3.14155353277905 204 1 1
10000000 4 2335675 3.14126833420896 205 1 1
10000000 4 2311197 3.14211322510743 206 1 1
10000000 4 2411312 3.14193651057474 207 1 1
10000000 4 2580250 3.14234673596589 208 1 1
10000000 4 2816834 3.14055950951998 209 1 1
10000000 4 2790036 3.14111292772142 210 1 1
10000000 4 2413569 3.14094125843068 211 1 1
10000000 4 2447620 3.14170009959189 212 1 1
10000000 4 2720080 3.14133592849566 213 1 1
10000000 4 2595602 3.14145829635575 214 1 1
10000000 4 2377192 3.14136454593146 215 1 1
10000000 4 2606353 3.14229094691838 216 1 1
10000000 4 2609537 3.14070992921311 217 1 1
10000000 4 2534467 3.14286176735374 218 1 1
10000000 4 3090909 3.14238524637557 219 1 1
10000000 4 2586021 3.14227317383259 220 1 1
10000000 4 3062530 3.14165469696227 221 1 1
10000000 4 2363805 3.14075875706357 222 1 1
10000000 4 2495447 3.1411726217279 223 1 1
10000000 4 2357659 3.14209792222491 224 1 1
10000000 4 2349167 3.14144201298578 225 1 1
10000000 4 2301788 3.14238771502377 226 1 1
10000000 4 2472286 3.14108480819044 227 1 1
10000000 4 2378682 3.14213889479349 228 1 1
10000000 4 2419730 3.14145730948004 229 1 1
10000000 4 2813729 3.14222281784801 230 1 1
10000000 4 3079500 3.14137688119391 231 1 1
10000000 4 2531177 3.14189751758677 232 1 1
10000000 4 2334887 3.14053978341581 233 1 1
10000000 4 2308784 3.14241338919497 234 1 1
10000000 4 2416860 3.14169812553723 235 1 1
10000000 4 2372180 3.1417652447875 236 1 1
10000000 4 2317621 3.14131027192752 237 1 1
10000000 4 2428824 3.14110108785754 238 1 1
10000000 4 2413849 3.14004621834029 239 1 1
10000000 4 2371972 3.14166703450352 240 1 1
10000000 4 2340654 3.14141734153474 241 1 1
10000000 4 2415815 3.14140845990722 242 1 1
10000000 4 2369317 3.1423847526464 243 1 1
10000000 4 2379469 3.14051660556006 244 1 1
10000000 4 2709734 3.14157080425155 245 1 1
10000000 4 3057333 3.14197550453057 246 1 1
10000000 4 2532011 3.14185753843945 247 1 1
10000000 4 2436676 3.14160090641469 248 1 1
10000000 4 2354243 3.1397962900167 249 1 1
10000000 4 2382011 3.14164630748957 250 1 1
10000000 4 2476650 3.14137244048827 251 1 1
10000000 4 2522093 3.14164976197291 252 1 1
10000000 4 2320104 3.14047814093744 253 1 1
10000000 4 2427444 3.14058712648212 254 1 1
10000000 4 2435114 3.14176721892651 255 1 1
10000000 4 2463216 3.14174402294981 256 1 1
10000000 4 2666175 3.14209940314251 257 1 1
10000000 4 2436918 3.14218826075324 258 1 1
10000000 4 2908618 3.14133839549545 259 1 1
10000000 4 3202363 3.14228452883643 260 1 1
10000000 4 3026064 3.14039776278063 261 1 1
10000000 4 3001521 3.1412402118955 262 1 1
10000000 4 2669763 3.1414410261203 263 1 1
10000000 4 2708041 3.1417583353205 264 1 1
10000000 4 2631668 3.14139217705389 265 1 1
10000000 4 2766373 3.14026906767453 266 1 1
10000000 4 2932125 3.14317639977432 267 1 1
10000000 4 2668406 3.14098318741634 268 1 1
10000000 4 2874747 3.14270570933775 269 1 1
10000000 4 2673045 3.14119432920188 270 1 1
10000000 4 2620067 3.14311465375056 271 1 1
10000000 4 2993659 3.14246227002675 272 1 1
10000000 4 2951341 3.14153428764768 273 1 1
10000000 4 2561650 3.14130977853609 274 1 1
10000000 4 2327760 3.14202832067227 275 1 1
10000000 4 2348673 3.14007678429761 276 1 1
10000000 4 2369331 3.14236154755022 277 1 1
10000000 4 2340053 3.14224108404804 278 1 1
10000000 4 2340398 3.14075579775668 279 1 1
10000000 4 2335669 3.14259756429833 280 1 1
10000000 4 2329627 3.14090820931326 281 1 1
10000000 4 2352086 3.14104978281211 282 1 1
10000000 4 2330580 3.14136799979518 283 1 1
10000000 4 2353073 3.14256941817998 284 1 1
10000000 4 2335262 3.14179781839843 285 1 1
10000000 4 2349222 3.1430632829076 286 1 1
10000000 4 2341628 3.14102314431494 287 1 1
10000000 4 2382643 3.14074839951387 288 1 1
10000000 4 2373856 3.14114992787134 289 1 1
10000000 4 2558461 3.14136454593146 290 1 1
10000000 4 2752200 3.14274966081874 291 1 1
10000000 4 2591691 3.14279015652981 292 1 1
10000000 4 2438641 3.14045496399154 293 1 1
10000000 4 3120799 3.14068477606446 294 1 1
10000000 4 2558646 3.14148395534192 295 1 1
10000000 4 2374388 3.14178005089055 296 1 1
10000000 4 2314931 3.14259065116992 297 1 1
10000000 4 2357309 3.14172823014039 298 1 1
10000000 4 2346901 3.14237487809549 299 1 1
10000000 4 2329945 3.14153132687916 300 1 1
10000000 4 2350496 3.14282373913054 301 1 1
10000000 4 2352038 3.14177018013968 302 1 1
10000000 4 2387893 3.14067244623679 303 1 1
10000000 4 2396645 3.14112526100788 304 1 1
10000000 4 2417116 3.14161965887351 305 1 1
10000000 4 2941210 3.14228403513891 306 1 1
10000000 4 2635576 3.14209594767028 307 1 1
10000000 4 2372403 3.14133740869506 308 1 1
10000000 4 2340445 3.14081893084639 309 1 1
10000000 4 2393362 3.14098614715175 310 1 1
10000000 4 2373355 3.14002748466057 311 1 1
10000000 4 2359557 3.14138625605816 312 1 1
10000000 4 2321408 3.1406606096933 313 1 1
10000000 4 2417452 3.14111687436255 314 1 1
10000000 4 2335456 3.14036078034825 315 1 1
10000000 4 2395301 3.14296844883978 316 1 1
10000000 4 2444514 3.14152935303659 317 1 1
10000000 4 2438988 3.14205053359873 318 1 1
10000000 4 3190366 3.14169417743535 319 1 1
10000000 4 2690943 3.14059353763208 320 1 1
10000000 4 2323181 3.14204806548028 321 1 1
10000000 4 2425118 3.14161965887351 322 1 1
10000000 4 2369766 3.14139267047121 323 1 1
10000000 4 2359153 3.14091166217359 324 1 1
10000000 4 2386792 3.14153872881091 325 1 1
10000000 4 2532206 3.14074396058492 326 1 1
10000000 4 2659681 3.14219467844194 327 1 1
10000000 4 2570926 3.14128461577848 328 1 1
10000000 4 2446492 3.14187086470884 329 1 1
10000000 4 2402743 3.14056049583169 330 1 1
10000000 4 2448116 3.13999494774813 331 1 1
10000000 4 3229583 3.14089045186578 332 1 1
10000000 4 3394553 3.14124366548582 333 1 1
10000000 4 2994529 3.14103399698147 334 1 1
10000000 4 2420649 3.14276348850519 335 1 1
10000000 4 2453170 3.14202091643324 336 1 1
10000000 4 2435099 3.14055063274244 337 1 1
10000000 4 2434445 3.14062214154313 338 1 1
10000000 4 2496134 3.14224947669763 339 1 1
10000000 4 2651958 3.14107247522165 340 1 1
10000000 4 2765664 3.14201696752003 341 1 1
10000000 4 2365353 3.1415816607029 342 1 1
10000000 4 2472773 3.14150714747852 343 1 1
10000000 4 2536857 3.14144250641875 344 1 1
10000000 4 2526448 3.14162706122151 345 1 1
10000000 4 2452705 3.141464711063 346 1 1
10000000 4 2652212 3.14078933689457 347 1 1
10000000 4 2580493 3.14129596363887 348 1 1
10000000 4 2742147 3.14188517823522 349 1 1
10000000 4 2705959 3.14122047723934 350 1 1
10000000 4 2689557 3.14182249582609 351 1 1
10000000 4 2366805 3.14142276922072 352 1 1
10000000 4 2660001 3.14209249220565 353 1 1
10000000 4 2862881 3.14217838743719 354 1 1
10000000 4 2707504 3.14182891202078 355 1 1
10000000 4 2458860 3.14125451967627 356 1 1
10000000 4 2738622 3.14170848935189 357 1 1
10000000 4 2919493 3.14228107295701 358 1 1
10000000 4 2526587 3.14138576264286 359 1 1
10000000 4 2413808 3.14164334650991 360 1 1
10000000 4 2350967 3.14194440800662 361 1 1
10000000 4 2308567 3.14070696999824 362 1 1
10000000 4 2771087 3.14086134981657 363 1 1
10000000 4 2922268 3.14115387460545 364 1 1
10000000 4 2748361 3.14234821711804 365 1 1
10000000 4 3351996 3.14240845182177 366 1 1
10000000 4 2421314 3.14162261980853 367 1 1
10000000 4 2338475 3.14139119021972 368 1 1
10000000 4 2354724 3.14220603287847 369 1 1
10000000 4 2459635 3.14232007546596 370 1 1
10000000 4 2345966 3.14162410027813 371 1 1
10000000 4 2314979 3.14098960018343 372 1 1
10000000 4 2315299 3.14153478110964 373 1 1
10000000 4 2614025 3.1419523054782 374 1 1
10000000 4 2420321 3.14261484725242 375 1 1
10000000 4 2332301 3.14098269412765 376 1 1
10000000 4 2360192 3.14136257229846 377 1 1
10000000 4 2389875 3.14151800348991 378 1 1
10000000 4 2774563 3.14111687436255 379 1 1
10000000 4 3044216 3.1422746549154 380 1 1
10000000 4 2493130 3.14113858106603 381 1 1
10000000 4 2359542 3.1416181784081 382 1 1
10000000 4 2340464 3.14076516891428 383 1 1
10000000 4 2299356 3.14182496359018 384 1 1
10000000 4 2315008 3.14071042241613 385 1 1
10000000 4 2301476 3.14304895864502 386 1 1
10000000 4 2516401 3.1420179547474 387 1 1
10000000 4 2545514 3.14218431141937 388 1 1
10000000 4 2455821 3.1407602367191 389 1 1
10000000 4 2423251 3.14261139064639 390 1 1
10000000 4 2484991 3.14184322516491 391 1 1
10000000 4 2495128 3.14102067781028 392 1 1
10000000 4 2393531 3.14117114168378 393 1 1
10000000 4 2393854 3.14142819692545 394 1 1
10000000 4 2335152 3.14133790209518 395 1 1
10000000 4 2324933 3.14112180767791 396 1 1
10000000 4 2431982 3.14159893248468 397 1 1
10000000 4 2811397 3.14193651057474 398 1 1
10000000 4 2789653 3.14167345006326 399 1 1
10000000 4 2796641 3.14059107180208 400 1 1
10000000 4 2407641 3.14215321076213 401 1 1
10000000 4 2494605 3.14202190366309 402 1 1
10000000 4 2402983 3.14096838882299 403 1 1
10000000 4 2689865 3.142675585999 404 1 1
10000000 4 2754618 3.14130928514481 405 1 1
10000000 4 2319274 3.14152195114902 406 1 1
10000000 4 2518349 3.14135714482049 407 1 1
10000000 4 2686287 3.14122097060273 408 1 1
10000000 4 2520864 3.14272694416946 409 1 1
10000000 4 2390615 3.14169861905066 410 1 1
10000000 4 2514222 3.14180028612375 411 1 1
10000000 4 2313455 3.14146323074362 412 1 1
10000000 4 2373319 3.14202289089357 413 1 1
10000000 4 2316335 3.14217295713982 414 1 1
10000000 4 2321974 3.14132211336843 415 1 1
10000000 4 2306939 3.1412920165477 416 1 1
10000000 4 2328045 3.14093681895656 417 1 1
10000000 4 2347574 3.1400097371702 418 1 1
10000000 4 2316085 3.1413650393401 419 1 1
10000000 4 2347716 3.1411321676906 420 1 1
10000000 4 2310703 3.14026463010038 421 1 1
10000000 4 2307569 3.14193305546077 422 1 1
10000000 4 2324561 3.14153724842177 423 1 1
10000000 4 2323255 3.14108332822907 424 1 1
10000000 4 2352418 3.14132507374261 425 1 1
10000000 4 2304570 3.14156932383218 426 1 1
10000000 4 2343647 3.14113463437036 427 1 1
10000000 4 2306973 3.14258126911573 428 1 1
10000000 4 2824498 3.14264299418454 429 1 1
10000000 4 2323045 3.14104238318424 430 1 1
10000000 4 2325987 3.14226280629207 431 1 1
10000000 4 2498638 3.14164137252657 432 1 1
10000000 4 2449539 3.14211569332825 433 1 1
10000000 4 2445717 3.14202733343838 434 1 1
10000000 4 2296304 3.14253732234451 435 1 1
10000000 4 2403538 3.14115190123716 436 1 1
10000000 4 2403533 3.14075086559094 437 1 1
10000000 4 2501832 3.14122146396626 438 1 1
10000000 4 2810856 3.14262817994689 439 1 1
10000000 4 3034126 3.14204559736571 440 1 1
10000000 4 2572727 3.14122639761016 441 1 1
10000000 4 2434346 3.14201943558962 442 1 1
10000000 4 2313508 3.14151208201985 443 1 1
10000000 4 2312029 3.13975833594064 444 1 1
10000000 4 2357718 3.14069118761311 445 1 1
10000000 4 2587955 3.1421408694021 446 1 1
10000000 4 2396713 3.14091906118557 447 1 1
10000000 4 2731966 3.14149333084527 448 1 1
10000000 4 2773252 3.14135270417065 449 1 1
10000000 4 2483766 3.14090968910962 450 1 1
10000000 4 2573605 3.14083668748518 451 1 1
10000000 4 2385659 3.14276151311396 452 1 1
10000000 4 3245566 3.14238179027461 453 1 1
10000000 4 2512352 3.14443209905464 454 1 1
10000000 4 2427932 3.14128264224592 455 1 1
10000000 4 2331079 3.139935791453 456 1 1
10000000 4 2373473 3.14090771604812 457 1 1
10000000 4 2313669 3.14218579241841 458 1 1
10000000 4 2337134 3.14137688119391 459 1 1
10000000 4 2299052 3.14133790209518 460 1 1
10000000 4 2344548 3.14193651057474 461 1 1
10000000 4 2305372 3.14151997731823 462 1 1
10000000 4 2362639 3.14072275254198 463 1 1
10000000 4 2489408 3.14090870257856 464 1 1
10000000 4 2717137 3.14070105158523 465 1 1
10000000 4 2546155 3.14231069502728 466 1 1
10000000 4 2423571 3.14050477019121 467 1 1
10000000 4 2549405 3.14116522152125 468 1 1
10000000 4 2666710 3.14237438436958 469 1 1
10000000 4 2322774 3.14172329492001 470 1 1
10000000 4 2471107 3.14157721941828 471 1 1
10000000 4 2350164 3.14072225933509 472 1 1
10000000 4 2526484 3.14163150264706 473 1 1
10000000 4 2787317 3.14107247522165 474 1 1
10000000 4 2500483 3.14194687596222 475 1 1
10000000 4 2351728 3.14137194707731 476 1 1
10000000 4 2413449 3.14004523235157 477 1 1
10000000 4 2731240 3.14185309637477 478 1 1
10000000 4 2787306 3.14014038311597 479 1 1
10000000 4 2318662 3.14104534303121 480 1 1
10000000 4 2425605 3.14178942816134 481 1 1
10000000 4 2386456 3.14210384590369 482 1 1
10000000 4 2348378 3.14211668061766 483 1 1
10000000 4 2368479 3.14085247133265 484 1 1
10000000 4 2381326 3.14179831194319 485 1 1
10000000 4 2323283 3.14291214381966 486 1 1
10000000 4 2328642 3.14196020298948 487 1 1
10000000 4 2318669 3.14147655366828 488 1 1
10000000 4 2365210 3.14165321646383 489 1 1
10000000 4 2410702 3.14085740381752 490 1 1
10000000 4 2851688 3.1415022129527 491 1 1
10000000 4 2341713 3.14111687436255 492 1 1
10000000 4 2378134 3.14164235951793 493 1 1
10000000 4 2610951 3.14221936210433 494 1 1
10000000 4 2355248 3.14116867494668 495 1 1
10000000 4 2448477 3.14070844960498 496 1 1
10000000 4 2477755 3.14131668603027 497 1 1
10000000 4 2765859 3.14198537657166 498 1 1
10000000 4 2330228 3.14114696782727 499 1 1
10000000 4 2406753 3.14225391988321 500 1 1
10000000 4 2813842 3.14213988209749 501 1 1
10000000 4 2912429 3.14248843917784 502 1 1
10000000 4 2267428 3.14225490725949 503 1 1
10000000 4 2343955 3.14064630732229 504 1 1
10000000 4 2435655 3.14245140748827 505 1 1
10000000 4 2412029 3.14146865858817 506 1 1
10000000 4 2983444 3.14284201231774 507 1 1
10000000 4 3552142 3.14094520464043 508 1 1
10000000 4 2752847 3.14189060753796 509 1 1
10000000 4 2962010 3.14145336198339 510 1 1
10000000 4 2899281 3.14114696782727 511 1 1
10000000 4 2432694 3.14093681895656 512 1 1
10000000 4 2479700 3.14160485428216 513 1 1
10000000 4 2309379 3.14228897212114 514 1 1
10000000 4 2485439 3.14251213991721 515 1 1
10000000 4 2487797 3.1411632481387 516 1 1
10000000 4 2611741 3.14085000509603 517 1 1
10000000 4 2526429 3.1421685141832 518 1 1
10000000 4 2623724 3.14130681819074 519 1 1
10000000 4 2570426 3.14125205280822 520 1 1
10000000 4 2672310 3.1400383304479 521 1 1
10000000 4 2542801 3.14032774344527 522 1 1
10000000 4 2522541 3.14152392498229 523 1 1
10000000 4 2324006 3.14197747893383 524 1 1
10000000 4 2677833 3.14159646507566 525 1 1
10000000 4 2834307 3.14298919330311 526 1 1
10000000 4 2491251 3.14209545403201 527 1 1
10000000 4 3061318 3.14243462007651 528 1 1
10000000 4 2637257 3.14237487809549 529 1 1
10000000 4 2737152 3.14245140748827 530 1 1
10000000 4 2444838 3.14099157334781 531 1 1
10000000 4 2303774 3.14086726883374 532 1 1
10000000 4 2361029 3.14192071583008 533 1 1
10000000 4 2553444 3.14144151955296 534 1 1
10000000 4 2529306 3.14154070266527 535 1 1
10000000 4 2295704 3.14094323153432 536 1 1
10000000 4 2363554 3.1424247452122 537 1 1
10000000 4 2318103 3.1413576382268 538 1 1
10000000 4 2355852 3.14185112212784 539 1 1
10000000 4 2310793 3.1416384115562 540 1 1
10000000 4 2318034 3.14152737919649 541 1 1
10000000 4 2334714 3.14178399920827 542 1 1
10000000 4 2313903 3.14204461012097 543 1 1
10000000 4 2345919 3.14288102875296 544 1 1
10000000 4 2306696 3.1419399656963 545 1 1
10000000 4 2638848 3.14120814320517 546 1 1
10000000 4 2711508 3.14207718952507 547 1 1
10000000 4 2524635 3.1428859676113 548 1 1
10000000 4 2617842 3.14081202554108 549 1 1
10000000 4 2538173 3.14180077966928 550 1 1
10000000 4 2583454 3.14105422260557 551 1 1
10000000 4 2379171 3.14214235036018 552 1 1
10000000 4 2723545 3.14060142831412 553 1 1
10000000 4 2482824 3.14151257547484 554 1 1
10000000 4 2675689 3.14228699732638 555 1 1
10000000 4 2448506 3.14052005755945 556 1 1
10000000 4 2355680 3.14137096025585 557 1 1
10000000 4 2468422 3.14019017933783 558 1 1
10000000 4 2497946 3.14097480152965 559 1 1
10000000 4 2394829 3.1405969898006 560 1 1
10000000 4 2449185 3.1418501350053 561 1 1
10000000 4 2325458 3.14284645717919 562 1 1
10000000 4 2319718 3.14227514860998 563 1 1
10000000 4 2325624 3.14284546943111 564 1 1
10000000 4 2307495 3.14176277711722 565 1 1
10000000 4 2318956 3.14164877497689 566 1 1
10000000 4 2324052 3.14177807673542 567 1 1
10000000 4 2316963 3.14069463999631 568 1 1
10000000 4 2408653 3.14270175870304 569 1 1
10000000 4 2380265 3.14069118761311 570 1 1
10000000 4 2314113 3.14265385804758 571 1 1
10000000 4 2360006 3.14089341142641 572 1 1
10000000 4 2317390 3.14229835243013 573 1 1
10000000 4 2397239 3.14167147604208 574 1 1
10000000 4 2484506 3.14057183846092 575 1 1
10000000 4 2325631 3.14166900851911 576 1 1
10000000 4 2649392 3.14326433029925 577 1 1
10000000 4 2767994 3.14166999552783 578 1 1
10000000 4 2754183 3.14233686165391 579 1 1
10000000 4 2440912 3.14171786619549 580 1 1
10000000 4 2464286 3.14154070266527 581 1 1
10000000 4 2495472 3.14157524551803 582 1 1
10000000 4 2794757 3.14218529875191 583 1 1
10000000 4 2773546 3.14247510766905 584 1 1
10000000 4 2622144 3.14225786939205 585 1 1
10000000 4 2356723 3.14136158548289 586 1 1
10000000 4 2445398 3.14208755584079 587 1 1
10000000 4 2666731 3.14056049583169 588 1 1
10000000 4 2568799 3.14134826353336 589 1 1
10000000 4 2386328 3.14116472817538 590 1 1
10000000 4 2743901 3.14159942596695 591 1 1
10000000 4 2478242 3.14124169200471 592 1 1
10000000 4 2607286 3.14113710105399 593 1 1
10000000 4 3175103 3.14208953038487 594 1 1
10000000 4 2629020 3.14162903518687 595 1 1
10000000 4 2449081 3.14210927596219 596 1 1
10000000 4 2504702 3.14069414679824 597 1 1
10000000 4 2500340 3.14146767170595 598 1 1
10000000 4 2536023 3.14127474814044 599 1 1
10000000 4 2562974 3.14077010112495 600 1 1
10000000 4 2477297 3.14170700880275 601 1 1
10000000 4 2433909 3.14266126526999 602 1 1
10000000 4 2480679 3.14052498900031 603 1 1
10000000 4 2795102 3.14093385931412 604 1 1
10000000 4 2923887 3.14128609592954 605 1 1
10000000 4 2765528 3.14141438098665 606 1 1
10000000 4 2439481 3.14015566693688 607 1 1
10000000 4 2525270 3.13959815027435 608 1 1
10000000 4 2730635 3.14089341142641 609 1 1
10000000 4 2791088 3.14120962328415 610 1 1
10000000 4 2295251 3.14156389563976 611 1 1
10000000 4 2374922 3.14086381607101 612 1 1
10000000 4 2442920 3.14192515808596 613 1 1
10000000 4 2542982 3.14124810582739 614 1 1
10000000 4 2668120 3.14157524551803 615 1 1
10000000 4 2628801 3.14097184181563 616 1 1
10000000 4 2367862 3.14270175870304 617 1 1
10000000 4 2382782 3.14116176810342 618 1 1
10000000 4 2412902 3.14165913846596 619 1 1
10000000 4 2518129 3.14171737267601 620 1 1
10000000 4 2549860 3.14209051765784 621 1 1
10000000 4 2323476 3.14056000267576 622 1 1
10000000 4 2470391 3.1418229893786 623 1 1
10000000 4 2488440 3.14332213000937 624 1 1
10000000 4 2593488 3.14263410562519 625 1 1
10000000 4 2592282 3.14054323546615 626 1 1
10000000 4 2970591 3.14052992045666 627 1 1
10000000 4 2579020 3.14109615460727 628 1 1
10000000 4 2501744 3.14101327831953 629 1 1
10000000 4 2653538 3.14229736502654 630 1 1
10000000 4 2603414 3.14189504970871 631 1 1
10000000 4 2942511 3.14193897851793 632 1 1
10000000 4 2506506 3.14120715648662 633 1 1
10000000 4 2861955 3.14057479742115 634 1 1
10000000 4 2733050 3.14203868666553 635 1 1
10000000 4 2603314 3.14190936345545 636 1 1
10000000 4 2526050 3.14145434885662 637 1 1
10000000 4 2519095 3.14154909157396 638 1 1
10000000 4 2910872 3.14025526192948 639 1 1
10000000 4 2864864 3.14129991073996 640 1 1
10000000 4 2412247 3.14287806544541 641 1 1
10000000 4 2298515 3.14169121636545 642 1 1
10000000 4 2382622 3.14261040304607 643 1 1
10000000 4 2352514 3.14090919584401 644 1 1
10000000 4 2392172 3.14258176290666 645 1 1
10000000 4 2505100 3.1415431699867 646 1 1
10000000 4 2414017 3.14221936210433 647 1 1
10000000 4 2360160 3.14022370639662 648 1 1
10000000 4 2314775 3.14138625605816 649 1 1
10000000 4 2311011 3.142653364234 650 1 1
10000000 4 2483951 3.1410798749913 651 1 1
10000000 4 2482932 3.14181459900706 652 1 1
10000000 4 2377239 3.14229588392233 653 1 1
10000000 4 2393613 3.14099255993092 654 1 1
10000000 4 2321715 3.14292350344197 655 1 1
10000000 4 2322552 3.14176623185669 656 1 1
10000000 4 2398455 3.14063693687398 657 1 1
10000000 4 2396897 3.14109615460727 658 1 1
10000000 4 2452872 3.14062066201771 659 1 1
10000000 4 2458422 3.14116275479345 660 1 1
10000000 4 2949889 3.14206336787718 661 1 1
10000000 4 3068636 3.14174846470607 662 1 1
10000000 4 2295546 3.1418180538605 663 1 1
10000000 4 2320451 3.1413620788906 664 1 1
10000000 4 2328128 3.14140994017499 665 1 1
10000000 4 2341653 3.14208311312568 666 1 1
10000000 4 2294332 3.14288695538483 667 1 1
10000000 4 2323729 3.14123231800328 668 1 1
10000000 4 2438239 3.14133987569718 669 1 1
10000000 4 2443566 3.14124317211531 670 1 1
10000000 4 2505752 3.14152195114902 671 1 1
10000000 4 2479070 3.14129547025193 672 1 1
10000000 4 2568549 3.14183434112906 673 1 1
10000000 4 2856804 3.14189406255857 674 1 1
10000000 4 2705892 3.14237191574232 675 1 1
10000000 4 2303798 3.14067935092836 676 1 1
10000000 4 2317854 3.1410709952719 677 1 1
10000000 4 2335578 3.14052745472655 678 1 1
10000000 4 2534790 3.14216703320045 679 1 1
10000000 4 2490578 3.14061425075701 680 1 1
10000000 4 2313435 3.14145977667048 681 1 1
10000000 4 2516251 3.14167838512704 682 1 1
10000000 4 2871671 3.14042784246797 683 1 1
10000000 4 3259970 3.14166061896998 684 1 1
10000000 4 2420643 3.14120666312757 685 1 1
10000000 4 2380905 3.14048356537843 686 1 1
10000000 4 2450416 3.14233636793994 687 1 1
10000000 4 2431444 3.14152096423331 688 1 1
10000000 4 2400086 3.14116719490628 689 1 1
10000000 4 2438876 3.14106507548686 690 1 1
10000000 4 2391967 3.14031936105806 691 1 1
10000000 4 2507452 3.14159843900257 692 1 1
10000000 4 2327108 3.14315071313375 693 1 1
10000000 4 2443078 3.14142375607473 694 1 1
10000000 4 2471284 3.14127820180671 695 1 1
10000000 4 2559497 3.14219369110351 696 1 1
10000000 4 2359495 3.1412648805644 697 1 1
10000000 4 2572806 3.14163693107311 698 1 1
10000000 4 2424741 3.14079969471427 699 1 1
10000000 4 2521093 3.14164680098673 700 1 1
10000000 4 2311695 3.14178103796905 701 1 1
10000000 4 2329282 3.14218826075324 702 1 1
10000000 4 2480453 3.14189208826015 703 1 1
10000000 4 2504156 3.14287213884706 704 1 1
10000000 4 2629325 3.14135073055253 705 1 1
10000000 4 3308546 3.14251806515791 706 1 1
10000000 4 2856662 3.14183582179821 707 1 1
10000000 4 2388246 3.14125402630235 708 1 1
10000000 4 2354960 3.14068033731535 709 1 1
10000000 4 2495323 3.14154563731201 710 1 1
10000000 4 2395922 3.14158659547831 711 1 1
10000000 4 2302985 3.14255361707136 712 1 1
10000000 4 2306532 3.14239166486896 713 1 1
10000000 4 2306031 3.14005854325148 714 1 1
10000000 4 2432042 3.14051315356827 715 1 1
10000000 4 2508579 3.14259707050244 716 1 1
10000000 4 2406400 3.14186642260648 717 1 1
10000000 4 2513987 3.14100193250144 718 1 1
10000000 4 2686428 3.1427402778151 719 1 1
10000000 4 3024364 3.14143214435886 720 1 1
10000000 4 2556386 3.14234229251782 721 1 1
10000000 4 2503499 3.14116571486728 722 1 1
10000000 4 2432553 3.14051907127314 723 1 1
10000000 4 2328507 3.14098713373145 724 1 1
10000000 4 2309242 3.14034154982764 725 1 1
10000000 4 2305338 3.14187678753152 726 1 1
10000000 4 2314674 3.14108036831052 727 1 1
10000000 4 2415495 3.14103547689635 728 1 1
10000000 4 2482407 3.14177955735154 729 1 1
10000000 4 2671448 3.1412920165477 730 1 1
10000000 4 2945962 3.14246424504182 731 1 1
10000000 4 2583575 3.14151454929633 732 1 1
10000000 4 3103170 3.1415629086977 733 1 1
10000000 4 3344389 3.14190344050994 734 1 1
10000000 4 3023487 3.14229884613215 735 1 1
10000000 4 2791630 3.14282867780883 736 1 1
10000000 4 2531557 3.14143017064092 737 1 1
10000000 4 2551941 3.14160436079818 738 1 1
10000000 4 2660931 3.14213790749012 739 1 1
10000000 4 2458109 3.14092744677463 740 1 1
10000000 4 2898650 3.14022222724658 741 1 1
10000000 4 2854191 3.14264595704883 742 1 1
10000000 4 2433795 3.14144349328516 743 1 1
10000000 4 2339294 3.14100933193873 744 1 1
10000000 4 2418227 3.14167641109967 745 1 1
10000000 4 2341241 3.14182545714346 746 1 1
10000000 4 2408290 3.1408865057936 747 1 1
10000000 4 2373961 3.14297783320594 748 1 1
10000000 4 2359801 3.14148938325809 749 1 1
10000000 4 2388139 3.1412224506938 750 1 1
10000000 4 2362926 3.14109911455557 751 1 1
10000000 4 2349130 3.1409067295183 752 1 1
10000000 4 2377396 3.14206336787718 753 1 1
10000000 4 2419215 3.13956808647877 754 1 1
10000000 4 2390712 3.14255065438118 755 1 1
10000000 4 2360056 3.14191479284178 756 1 1
10000000 4 2379659 3.1429086865596 757 1 1
10000000 4 2619372 3.14085049834304 758 1 1
10000000 4 2678823 3.14033070194556 759 1 1
10000000 4 2984189 3.14073557597557 760 1 1
10000000 4 2802985 3.14183977025611 761 1 1
10000000 4 2998289 3.14147161923856 762 1 1
10000000 4 3080409 3.14206879779578 763 1 1
10000000 4 2475951 3.14218677975187 764 1 1
10000000 4 2306651 3.14014383428833 765 1 1
10000000 4 2328746 3.14146273730413 766 1 1
10000000 4 2350066 3.14324259420612 767 1 1
10000000 4 2434516 3.14091264870651 768 1 1
10000000 4 2405074 3.14255016060003 769 1 1
10000000 4 2344700 3.14201746113364 770 1 1
10000000 4 2772524 3.14194490159743 771 1 1
10000000 4 2616541 3.14221491901648 772 1 1
10000000 4 2341518 3.14097578810224 773 1 1
10000000 4 2323515 3.14195773501294 774 1 1
10000000 4 2334691 3.14222281784801 775 1 1
10000000 4 2315728 3.14200166557508 776 1 1
10000000 4 2323809 3.14108727479582 777 1 1
10000000 4 2705824 3.14209792222491 778 1 1
10000000 4 3248611 3.14257336848197 779 1 1
10000000 4 3262467 3.14160139989758 780 1 1
10000000 4 2815621 3.14212803449051 781 1 1
10000000 4 2395195 3.14108480819044 782 1 1
10000000 4 2490996 3.14161965887351 783 1 1
10000000 4 2456657 3.14211914884391 784 1 1
10000000 4 2375058 3.14231513838599 785 1 1
10000000 4 2345850 3.14203819304526 786 1 1
10000000 4 2358288 3.14059008547116 787 1 1
10000000 4 2459846 3.14172132083619 788 1 1
10000000 4 2339015 3.14151948386092 789 1 1
10000000 4 2401299 3.14162212631897 790 1 1
10000000 4 2315594 3.14246473879597 791 1 1
10000000 4 2382366 3.14209496039389 792 1 1
10000000 4 2329247 3.14124810582739 793 1 1
10000000 4 2333693 3.14256299896044 794 1 1
10000000 4 2333569 3.14260003328013 795 1 1
10000000 4 2366898 3.14123478484034 796 1 1
10000000 4 2303134 3.14053633137306 797 1 1
10000000 4 2336384 3.14223812194712 798 1 1
10000000 4 2313629 3.14209101129456 799 1 1
10000000 4 2322881 3.14127277462027 800 1 1
10000000 4 2327815 3.14143066407017 801 1 1
10000000 4 2451695 3.14051561927592 802 1 1
10000000 4 2659684 3.14076171637603 803 1 1
10000000 4 2551410 3.14072965745475 804 1 1
10000000 4 2476524 3.14241832658368 805 1 1
10000000 4 2797517 3.14030308949299 806 1 1
10000000 4 2413476 3.14106655543103 807 1 1
10000000 4 2338655 3.14278571182761 808 1 1
10000000 4 2394472 3.14147359300859 809 1 1
10000000 4 2409773 3.1419128185173 810 1 1
10000000 4 2398525 3.13955625825801 811 1 1
10000000 4 2363104 3.14179485713316 812 1 1
10000000 4 2443185 3.14076171637603 813 1 1
10000000 4 2674250 3.14111638103187 814 1 1
10000000 4 2837760 3.14309736529863 815 1 1
10000000 4 2575221 3.14252892815723 816 1 1
10000000 4 2468585 3.14133987569718 817 1 1
10000000 4 2789613 3.14216653953985 818 1 1
10000000 4 2792697 3.1413586250399 819 1 1
10000000 4 2423177 3.14135665141433 820 1 1
10000000 4 2369777 3.14216653953985 821 1 1
10000000 4 2406884 3.14112575434135 822 1 1
10000000 4 2472305 3.14235068570805 823 1 1
10000000 4 2600353 3.14202634620512 824 1 1
10000000 4 2774644 3.14230032723916 825 1 1
10000000 4 2850810 3.14193404263542 826 1 1
10000000 4 2470961 3.1420179547474 827 1 1
10000000 4 2343666 3.14127918856989 828 1 1
10000000 4 2372762 3.14158412808867 829 1 1
10000000 4 2389906 3.14179140233074 830 1 1
10000000 4 2360778 3.1414652045031 831 1 1
10000000 4 2388146 3.14029618645571 832 1 1
10000000 4 2401085 3.14214679324281 833 1 1
10000000 4 2397456 3.14192120941345 834 1 1
10000000 4 2445513 3.14298820546531 835 1 1
10000000 4 2434069 3.14034894615385 836 1 1
10000000 4 2431591 3.14145681604241 837 1 1
10000000 4 2375916 3.14313144842883 838 1 1
10000000 4 2329389 3.14215469173184 839 1 1
10000000 4 2353917 3.14130237768318 840 1 1
10000000 4 2575439 3.1410818482691 841 1 1
10000000 4 2352109 3.14298573587354 842 1 1
10000000 4 2355802 3.14095852317156 843 1 1
10000000 4 2322993 3.14171885323492 844 1 1
10000000 4 2532066 3.14180867641884 845 1 1
10000000 4 2669210 3.14186543547433 846 1 1
10000000 4 2872666 3.14119630262348 847 1 1
10000000 4 2632379 3.14164285301384 848 1 1
10000000 4 2250460 3.14105471591673 849 1 1
10000000 4 2312607 3.1410122917234 850 1 1
10000000 4 2325332 3.1414444801522 851 1 1
10000000 4 2314036 3.14210483318565 852 1 1
10000000 4 2305279 3.14190985703525 853 1 1
10000000 4 2365117 3.14143066407017 854 1 1
10000000 4 2733663 3.14121801042476 855 1 1
10000000 4 2825856 3.14079377595179 856 1 1
10000000 4 2389911 3.14062411424586 857 1 1
10000000 4 2449135 3.14284645717919 858 1 1
10000000 4 3259315 3.14272990719204 859 1 1
10000000 4 2380473 3.1413837889832 860 1 1
10000000 4 2772752 3.14238870248414 861 1 1
10000000 4 3086510 3.14045644336085 862 1 1
10000000 4 2492443 3.14200610805987 863 1 1
10000000 4 2823617 3.14032872961142 864 1 1
10000000 4 2866617 3.14255114816249 865 1 1
10000000 4 2883933 3.14189011396421 866 1 1
10000000 4 2568313 3.14076960790318 867 1 1
10000000 4 2882534 3.14087121485758 868 1 1
10000000 4 2676756 3.14069463999631 869 1 1
10000000 4 2461941 3.14193749775155 870 1 1
10000000 4 2378559 3.14195279907149 871 1 1
10000000 4 2344827 3.14176623185669 872 1 1
10000000 4 2336101 3.14071782048002 873 1 1
10000000 4 2343928 3.13974453468594 874 1 1
10000000 4 2319840 3.14206978505572 875 1 1
10000000 4 2442001 3.14083372803144 876 1 1
10000000 4 2374390 3.14256349274563 877 1 1
10000000 4 2505274 3.14221146329017 878 1 1
10000000 4 2436687 3.14148642257422 879 1 1
10000000 4 2328996 3.14182348293126 880 1 1
10000000 4 2320743 3.14159942596695 881 1 1
10000000 4 2333413 3.14065025279094 882 1 1
10000000 4 2328935 3.14260546505376 883 1 1
10000000 4 2319349 3.14098368070519 884 1 1
10000000 4 2339829 3.14132951431433 885 1 1
10000000 4 2308947 3.14173810062767 886 1 1
10000000 4 2350025 3.14156389563976 887 1 1
10000000 4 2307896 3.14100291909106 888 1 1
10000000 4 2352334 3.1423477234005 889 1 1
10000000 4 2330904 3.14205744435102 890 1 1
10000000 4 2318889 3.14127425476017 891 1 1
10000000 4 2365750 3.14258324428038 892 1 1
10000000 4 2315568 3.14217345080244 893 1 1
10000000 4 2353405 3.14177758319702 894 1 1
10000000 4 2303718 3.14132556713884 895 1 1
10000000 4 2327055 3.14146027010904 896 1 1
10000000 4 2323209 3.14051956441622 897 1 1
10000000 4 2329260 3.141388723137 898 1 1
10000000 4 2322080 3.14181311835791 899 1 1
10000000 4 2321320 3.14038296970316 900 1 1
10000000 4 2400311 3.14209841586395 901 1 1
10000000 4 2299896 3.14125550642457 902 1 1
10000000 4 2359495 3.14005164128929 903 1 1
10000000 4 2446720 3.1405126604272 904 1 1
10000000 4 2539183 3.14178547982997 905 1 1
10000000 4 2395893 3.14208854311252 906 1 1
10000000 4 2366430 3.14174846470607 907 1 1
10000000 4 2464138 3.14179683130939 908 1 1
10000000 4 2346443 3.14149234394755 909 1 1
10000000 4 2332689 3.14170898286857 910 1 1
10000000 4 2306415 3.14182052161761 911 1 1
10000000 4 2323600 3.14232353143117 912 1 1
10000000 4 2399827 3.14093731223084 913 1 1
10000000 4 2472297 3.14224947669763 914 1 1
10000000 4 2546979 3.14040121451877 915 1 1
10000000 4 2612261 3.14275855003177 916 1 1
10000000 4 2704276 3.14059797613585 917 1 1
10000000 4 3031430 3.14198290855557 918 1 1
10000000 4 2616287 3.14095161725243 919 1 1
10000000 4 2648437 3.14194638237079 920 1 1
10000000 4 2589172 3.14025033133566 921 1 1
10000000 4 2533974 3.14109023472739 922 1 1
10000000 4 2484072 3.14185704487609 923 1 1
10000000 4 2316271 3.14189406255857 924 1 1
10000000 4 2724597 3.14182693780424 925 1 1
10000000 4 2497772 3.14157129772498 926 1 1
10000000 4 2832419 3.14078884366676 927 1 1
10000000 4 2666236 3.13990128464351 928 1 1
10000000 4 2588915 3.14171046341957 929 1 1
10000000 4 2387866 3.14070943601024 930 1 1
10000000 4 2760504 3.14027794286044 931 1 1
10000000 4 2518864 3.14129497686515 932 1 1
10000000 4 2517223 3.1409812142625 933 1 1
10000000 4 3013416 3.1417158921185 934 1 1
10000000 4 2510943 3.14092054099215 935 1 1
10000000 4 2719534 3.14149925224464 936 1 1
10000000 4 2747922 3.14069020121931 937 1 1
10000000 4 3195770 3.14153379418587 938 1 1
10000000 4 2481780 3.14159301070953 939 1 1
10000000 4 2532691 3.14089143838537 940 1 1
10000000 4 2408412 3.14199870392553 941 1 1
10000000 4 2615670 3.14241042676919 942 1 1
10000000 4 2475846 3.1419557606345 943 1 1
10000000 4 2645006 3.14220010881439 944 1 1
10000000 4 2507381 3.1410463296481 945 1 1
10000000 4 2709753 3.14110207450945 946 1 1
10000000 4 2350388 3.14068477606446 947 1 1
10000000 4 2403563 3.14263854989858 948 1 1
10000000 4 2453357 3.14078835043911 949 1 1
10000000 4 3062395 3.14223713458139 950 1 1
10000000 4 2835170 3.14242869515048 951 1 1
10000000 4 2391073 3.14190541482263 952 1 1
10000000 4 2627866 3.14218974175599 953 1 1
10000000 4 2378139 3.14185507062419 954 1 1
10000000 4 2404969 3.14257534363669 955 1 1
10000000 4 2371700 3.14188665895229 956 1 1
10000000 4 2424791 3.14108431486983 957 1 1
10000000 4 2398369 3.14169072285434 958 1 1
10000000 4 2446850 3.14224305878508 959 1 1
10000000 4 2335736 3.14143165092914 960 1 1
10000000 4 2337123 3.14202881428944 961 1 1
10000000 4 2373911 3.14109270134129 962 1 1
10000000 4 2396929 3.14289041259708 963 1 1
10000000 4 2414280 3.1430652586782 964 1 1
10000000 4 2589244 3.14205991248421 965 1 1
10000000 4 2329090 3.14231464467884 966 1 1
10000000 4 2363455 3.14026068560055 967 1 1
10000000 4 2371248 3.14200660167007 968 1 1
10000000 4 2392719 3.14125451967627 969 1 1
10000000 4 2366213 3.14263756228118 970 1 1
10000000 4 2384546 3.14285139592888 971 1 1
10000000 4 2417700 3.14177116721197 972 1 1
10000000 4 2360644 3.14138724288923 973 1 1
10000000 4 2402185 3.14176771246165 974 1 1
10000000 4 2356008 3.14131520585039 975 1 1
10000000 4 2422616 3.14172674957265 976 1 1
10000000 4 2341187 3.14222874199773 977 1 1
10000000 4 2404275 3.14218134942549 978 1 1
10000000 4 2407519 3.14175734825626 979 1 1
10000000 4 2392377 3.14266274671867 980 1 1
10000000 4 2368130 3.14161965887351 981 1 1
10000000 4 2348843 3.14138526922771 982 1 1
10000000 4 2361577 3.14109714125608 983 1 1
10000000 4 2318381 3.14125896004853 984 1 1
10000000 4 2369552 3.14143954582324 985 1 1
10000000 4 2317965 3.14094323153432 986 1 1
10000000 4 2344069 3.14265780856186 987 1 1
10000000 4 2319169 3.14249140175071 988 1 1
10000000 4 2311750 3.14080659996536 989 1 1
10000000 4 2325354 3.14080018794548 990 1 1
10000000 4 2314980 3.14349356558302 991 1 1
10000000 4 2394825 3.14207867042313 992 1 1
10000000 4 2565624 3.14049392118145 993 1 1
10000000 4 2383355 3.14196760694237 994 1 1
10000000 4 2615277 3.1413058314102 995 1 1
10000000 4 2999275 3.14134974374439 996 1 1
10000000 4 2487351 3.14054372861682 997 1 1
10000000 4 2398281 3.14128264224592 998 1 1
10000000 4 2368493 3.14199426146168 999 1 1
10000000 4 2418528 3.14101278502139 1000 1 1
