10000 4 2211 3.09885342423303 1 1 1
10000 4 3317 3.10993624630695 2 1 1
10000 4 3882 3.16656111462951 3 1 1
10000 4 2783 3.17107975265578 4 1 1
10000 4 3601 3.15308213778969 5 1 1
10000 4 3819 3.15159155373464 6 1 1
10000 4 4486 3.10945273631841 7 1 1
10000 4 4668 3.13774709758393 8 1 1
10000 4 3805 3.1640563202025 9 1 1
10000 4 3965 3.15258511979823 10 1 1
10000 4 4057 3.16005688102386 11 1 1
10000 4 3850 3.1333228889237 12 1 1
10000 4 3370 3.1501023783273 13 1 1
10000 4 3881 3.13430496787337 14 1 1
10000 4 4354 3.1055900621118 15 1 1
10000 4 4205 3.11380974622451 16 1 1
10000 4 4162 3.16856780735108 17 1 1
10000 4 4110 3.13873195229127 18 1 1
10000 4 4065 3.13922461152095 19 1 1
10000 4 3714 3.09837335398916 20 1 1
10000 4 3889 3.13577924114142 21 1 1
10000 4 3899 3.12842171124668 22 1 1
10000 4 3772 3.11332503113325 23 1 1
10000 4 4378 3.12451179503203 24 1 1
10000 4 4166 3.16706254948535 25 1 1
10000 4 3797 3.13823944766986 26 1 1
10000 4 4189 3.16555872111428 27 1 1
10000 4 4175 3.1402103940964 28 1 1
10000 4 4372 3.15806095057635 29 1 1
10000 4 6421 3.14564328405159 30 1 1
10000 4 4644 3.13234142521535 31 1 1
10000 4 4270 3.10462589257994 32 1 1
10000 4 4460 3.14564328405159 33 1 1
10000 4 4332 3.19948808190689 34 1 1
10000 4 3977 3.13381385145722 35 1 1
10000 4 3933 3.12744331508991 36 1 1
10000 4 4969 3.11623558741041 37 1 1
10000 4 4898 3.11187179088222 38 1 1
10000 4 4145 3.15407664406245 39 1 1
10000 4 3738 3.13185092389602 40 1 1
10000 4 3767 3.1333228889237 41 1 1
10000 4 3973 3.16205533596838 42 1 1
10000 4 3901 3.147128245476 43 1 1
10000 4 4514 3.13479623824451 44 1 1
10000 4 4320 3.17611561060823 45 1 1
10000 4 4040 3.15109500551442 46 1 1
10000 4 3819 3.1496062992126 47 1 1
10000 4 3496 3.147128245476 48 1 1
10000 4 4112 3.19642000958926 49 1 1
10000 4 5349 3.13577924114142 50 1 1
10000 4 3744 3.13873195229127 51 1 1
10000 4 4759 3.1675641431739 52 1 1
10000 4 4056 3.14415972331394 53 1 1
10000 4 4259 3.14911037631869 54 1 1
10000 4 3997 3.17863954227591 55 1 1
10000 4 4235 3.15457413249211 56 1 1
10000 4 4013 3.13038034121146 57 1 1
10000 4 4227 3.1201248049922 58 1 1
10000 4 4583 3.13774709758393 59 1 1
10000 4 3918 3.13676286072773 60 1 1
10000 4 4196 3.19846473692628 61 1 1
10000 4 4212 3.1328320802005 62 1 1
10000 4 4100 3.14514860827174 63 1 1
10000 4 3941 3.12989045383412 64 1 1
10000 4 4079 3.17762948840165 65 1 1
10000 4 5487 3.14070351758794 66 1 1
10000 4 4405 3.13479623824451 67 1 1
10000 4 4226 3.17409934930963 68 1 1
10000 4 3873 3.19335781574325 69 1 1
10000 4 3285 3.14169022934339 70 1 1
10000 4 3791 3.10655483069276 71 1 1
10000 4 4172 3.12842171124668 72 1 1
10000 4 4058 3.11235605353252 73 1 1
10000 4 4164 3.14366551398931 74 1 1
10000 4 4202 3.14119679597927 75 1 1
10000 4 3928 3.16305551162423 76 1 1
10000 4 4174 3.14514860827174 77 1 1
10000 4 4013 3.13038034121146 78 1 1
10000 4 4038 3.16005688102386 79 1 1
10000 4 4109 3.11720698254364 80 1 1
10000 4 4339 3.08071472581639 81 1 1
10000 4 4675 3.11915159076731 82 1 1
10000 4 4256 3.19744204636291 83 1 1
10000 4 6884 3.12744331508991 84 1 1
10000 4 4180 3.1201248049922 85 1 1
10000 4 3449 3.14317146000314 86 1 1
10000 4 4352 3.07787011388119 87 1 1
10000 4 3857 3.19539862597859 88 1 1
10000 4 4125 3.12061163988142 89 1 1
10000 4 3789 3.09885342423303 90 1 1
10000 4 3705 3.13430496787337 91 1 1
10000 4 3978 3.09405940594059 92 1 1
10000 4 4127 3.15208825847124 93 1 1
10000 4 4233 3.13087038196619 94 1 1
10000 4 5698 3.10752019888129 95 1 1
10000 4 4286 3.17107975265578 96 1 1
10000 4 4417 3.13234142521535 97 1 1
10000 4 4149 3.13725490196078 98 1 1
10000 4 4056 3.13922461152095 99 1 1
10000 4 4167 3.15159155373464 100 1 1
10000 4 3939 3.14267756128221 101 1 1
10000 4 3741 3.12304809494066 102 1 1
10000 4 4330 3.14911037631869 103 1 1
10000 4 4208 3.12451179503203 104 1 1
10000 4 4175 3.14169022934339 105 1 1
10000 4 4252 3.17561130517625 106 1 1
10000 4 3956 3.12158576556891 107 1 1
10000 4 3934 3.16706254948535 108 1 1
10000 4 4023 3.14663310258024 109 1 1
10000 4 4466 3.09693403530505 110 1 1
10000 4 4200 3.17712470214456 111 1 1
10000 4 4063 3.12989045383412 112 1 1
10000 4 4078 3.1328320802005 113 1 1
10000 4 3991 3.11769290724864 114 1 1
10000 4 3877 3.12940071976217 115 1 1
10000 4 4045 3.15258511979823 116 1 1
10000 4 4377 3.15407664406245 117 1 1
10000 4 4812 3.17863954227591 118 1 1
10000 4 3792 3.15308213778969 119 1 1
10000 4 4265 3.1496062992126 120 1 1
10000 4 4484 3.10993624630695 121 1 1
10000 4 4267 3.15457413249211 122 1 1
10000 4 3836 3.16957210776545 123 1 1
10000 4 3703 3.13774709758393 124 1 1
10000 4 4957 3.12646553071752 125 1 1
10000 4 3822 3.12842171124668 126 1 1
10000 4 4323 3.17662007623888 127 1 1
10000 4 4031 3.15507177788295 128 1 1
10000 4 4007 3.10703743980115 129 1 1
10000 4 3851 3.13577924114142 130 1 1
10000 4 3979 3.12744331508991 131 1 1
10000 4 4760 3.11235605353252 132 1 1
10000 4 4931 3.12451179503203 133 1 1
10000 4 4054 3.20102432778489 134 1 1
10000 4 4388 3.15806095057635 135 1 1
10000 4 3996 3.1501023783273 136 1 1
10000 4 3984 3.1501023783273 137 1 1
10000 4 3985 3.11720698254364 138 1 1
10000 4 4479 3.13381385145722 139 1 1
10000 4 5182 3.12402374258044 140 1 1
10000 4 4023 3.12842171124668 141 1 1
10000 4 4065 3.07266861269012 142 1 1
10000 4 4364 3.14317146000314 143 1 1
10000 4 4051 3.13873195229127 144 1 1
10000 4 3940 3.15706393054459 145 1 1
10000 4 4877 3.14613811546327 146 1 1
10000 4 4222 3.10848616723656 147 1 1
10000 4 4397 3.17057704502219 148 1 1
10000 4 4049 3.13627097381214 149 1 1
10000 4 4407 3.12842171124668 150 1 1
10000 4 3938 3.14663310258024 151 1 1
10000 4 3712 3.10269934843314 152 1 1
10000 4 3567 3.14861460957179 153 1 1
10000 4 4265 3.14317146000314 154 1 1
10000 4 4290 3.11769290724864 155 1 1
10000 4 3766 3.13430496787337 156 1 1
10000 4 4247 3.12989045383412 157 1 1
10000 4 3888 3.1210986267166 158 1 1
10000 4 5828 3.17007449675067 159 1 1
10000 4 4107 3.17965023847377 160 1 1
10000 4 4548 3.13528766264305 161 1 1
10000 4 4357 3.11187179088222 162 1 1
10000 4 4044 3.16906987799081 163 1 1
10000 4 3937 3.14267756128221 164 1 1
10000 4 3982 3.11138767890479 165 1 1
10000 4 3819 3.10945273631841 166 1 1
10000 4 3963 3.14070351758794 167 1 1
10000 4 4317 3.15756236185665 168 1 1
10000 4 4404 3.12402374258044 169 1 1
10000 4 3859 3.15208825847124 170 1 1
10000 4 4221 3.14613811546327 171 1 1
10000 4 4174 3.15407664406245 172 1 1
10000 4 4303 3.11817898347365 173 1 1
10000 4 4158 3.1402103940964 174 1 1
10000 4 4243 3.15357931251971 175 1 1
10000 4 5184 3.1781344350866 176 1 1
10000 4 3967 3.16055625790139 177 1 1
10000 4 3335 3.11720698254364 178 1 1
10000 4 3935 3.16005688102386 179 1 1
10000 4 4125 3.15357931251971 180 1 1
10000 4 4362 3.15159155373464 181 1 1
10000 4 4169 3.1104199066874 182 1 1
10000 4 4445 3.14613811546327 183 1 1
10000 4 4324 3.16455696202532 184 1 1
10000 4 5120 3.12646553071752 185 1 1
10000 4 4258 3.15208825847124 186 1 1
10000 4 4193 3.14811899889816 187 1 1
10000 4 4221 3.14762354422411 188 1 1
10000 4 4261 3.13528766264305 189 1 1
10000 4 4421 3.11380974622451 190 1 1
10000 4 4364 3.1501023783273 191 1 1
10000 4 4049 3.17561130517625 192 1 1
10000 4 4341 3.16555872111428 193 1 1
10000 4 3928 3.14267756128221 194 1 1
10000 4 3793 3.17309217832778 195 1 1
10000 4 4115 3.12695434646654 196 1 1
10000 4 6032 3.16355583676052 197 1 1
10000 4 4256 3.11915159076731 198 1 1
10000 4 3796 3.13087038196619 199 1 1
10000 4 3977 3.15059861373661 200 1 1
10000 4 4096 3.14514860827174 201 1 1
10000 4 3931 3.14861460957179 202 1 1
10000 4 3828 3.0993336432667 203 1 1
10000 4 4112 3.11138767890479 204 1 1
10000 4 4362 3.15357931251971 205 1 1
10000 4 4520 3.15059861373661 206 1 1
10000 4 4196 3.14366551398931 207 1 1
10000 4 4170 3.13971742543171 208 1 1
10000 4 4154 3.14267756128221 209 1 1
10000 4 4090 3.13725490196078 210 1 1
10000 4 3657 3.11769290724864 211 1 1
10000 4 3967 3.1402103940964 212 1 1
10000 4 4656 3.15507177788295 213 1 1
10000 4 4218 3.11623558741041 214 1 1
10000 4 4093 3.13823944766986 215 1 1
10000 4 4226 3.16055625790139 216 1 1
10000 4 4109 3.12451179503203 217 1 1
10000 4 3995 3.11187179088222 218 1 1
10000 4 4158 3.13430496787337 219 1 1
10000 4 6090 3.13873195229127 220 1 1
10000 4 6197 3.15258511979823 221 1 1
10000 4 3434 3.16957210776545 222 1 1
10000 4 2590 3.15457413249211 223 1 1
10000 4 3171 3.12842171124668 224 1 1
10000 4 4053 3.14811899889816 225 1 1
10000 4 4135 3.11817898347365 226 1 1
10000 4 4855 3.10703743980115 227 1 1
10000 4 4170 3.13676286072773 228 1 1
10000 4 4199 3.15457413249211 229 1 1
10000 4 4103 3.16555872111428 230 1 1
10000 4 4235 3.1201248049922 231 1 1
10000 4 4150 3.18979266347687 232 1 1
10000 4 4240 3.147128245476 233 1 1
10000 4 4557 3.16205533596838 234 1 1
10000 4 3985 3.14415972331394 235 1 1
10000 4 4320 3.13234142521535 236 1 1
10000 4 3286 3.13528766264305 237 1 1
10000 4 3938 3.13922461152095 238 1 1
10000 4 4184 3.09119010819165 239 1 1
10000 4 4203 3.13971742543171 240 1 1
10000 4 6088 3.10366232153942 241 1 1
10000 4 4095 3.13823944766986 242 1 1
10000 4 5387 3.13381385145722 243 1 1
10000 4 4144 3.15308213778969 244 1 1
10000 4 4222 3.1496062992126 245 1 1
10000 4 4177 3.12207305650952 246 1 1
10000 4 4140 3.16856780735108 247 1 1
10000 4 5188 3.16055625790139 248 1 1
10000 4 4116 3.1640563202025 249 1 1
10000 4 3592 3.15706393054459 250 1 1
10000 4 3525 3.16155548529877 251 1 1
10000 4 3695 3.15905860053704 252 1 1
10000 4 4059 3.12744331508991 253 1 1
10000 4 4243 3.12793243665937 254 1 1
10000 4 7440 3.1328320802005 255 1 1
10000 4 4204 3.15656565656566 256 1 1
10000 4 3768 3.15357931251971 257 1 1
10000 4 3747 3.13577924114142 258 1 1
10000 4 4053 3.12597686777118 259 1 1
10000 4 3897 3.17309217832778 260 1 1
10000 4 3960 3.12158576556891 261 1 1
10000 4 4137 3.15855969677827 262 1 1
10000 4 5721 3.10077519379845 263 1 1
10000 4 4353 3.16355583676052 264 1 1
10000 4 4400 3.11477962934122 265 1 1
10000 4 4091 3.12304809494066 266 1 1
10000 4 4413 3.11915159076731 267 1 1
10000 4 3586 3.125 268 1 1
10000 4 3793 3.17057704502219 269 1 1
10000 4 4495 3.11575011684063 270 1 1
10000 4 3898 3.16355583676052 271 1 1
10000 4 3763 3.17107975265578 272 1 1
10000 4 4395 3.15756236185665 273 1 1
10000 4 4408 3.15905860053704 274 1 1
10000 4 4227 3.12891113892365 275 1 1
10000 4 4000 3.16205533596838 276 1 1
10000 4 4043 3.14564328405159 277 1 1
10000 4 4345 3.15159155373464 278 1 1
10000 4 3605 3.1402103940964 279 1 1
10000 4 4087 3.15258511979823 280 1 1
10000 4 4231 3.15855969677827 281 1 1
10000 4 5616 3.11866521128957 282 1 1
10000 4 4538 3.11477962934122 283 1 1
10000 4 3955 3.12646553071752 284 1 1
10000 4 4568 3.13381385145722 285 1 1
10000 4 4262 3.15756236185665 286 1 1
10000 4 4308 3.1496062992126 287 1 1
10000 4 3839 3.15806095057635 288 1 1
10000 4 3839 3.11672120928783 289 1 1
10000 4 3763 3.13627097381214 290 1 1
10000 4 4106 3.12597686777118 291 1 1
10000 4 4720 3.1402103940964 292 1 1
10000 4 5426 3.147128245476 293 1 1
10000 4 4183 3.16605983853095 294 1 1
10000 4 4119 3.11332503113325 295 1 1
10000 4 3994 3.19284802043423 296 1 1
10000 4 4182 3.1041440322831 297 1 1
10000 4 4080 3.18420633657061 298 1 1
10000 4 4082 3.15806095057635 299 1 1
10000 4 3937 3.15109500551442 300 1 1
10000 4 4358 3.14070351758794 301 1 1
10000 4 3856 3.0993336432667 302 1 1
10000 4 3387 3.16455696202532 303 1 1
10000 4 3419 3.14465408805031 304 1 1
10000 4 4017 3.12597686777118 305 1 1
10000 4 4158 3.09501702259362 306 1 1
10000 4 4392 3.16055625790139 307 1 1
10000 4 4212 3.1675641431739 308 1 1
10000 4 4193 3.147128245476 309 1 1
10000 4 4151 3.12207305650952 310 1 1
10000 4 4223 3.13528766264305 311 1 1
10000 4 4172 3.12304809494066 312 1 1
10000 4 4888 3.11963812197785 313 1 1
10000 4 6220 3.14911037631869 314 1 1
10000 4 2859 3.13823944766986 315 1 1
10000 4 3950 3.14564328405159 316 1 1
10000 4 4183 3.12256049960968 317 1 1
10000 4 9352 3.1333228889237 318 1 1
10000 4 4682 3.14911037631869 319 1 1
10000 4 4330 3.13381385145722 320 1 1
10000 4 4061 3.07929176289453 321 1 1
10000 4 4238 3.15656565656566 322 1 1
10000 4 3757 3.10607237148626 323 1 1
10000 4 4484 3.19846473692628 324 1 1
10000 4 4175 3.16205533596838 325 1 1
10000 4 4270 3.11187179088222 326 1 1
10000 4 4240 3.17258883248731 327 1 1
10000 4 4172 3.13038034121146 328 1 1
10000 4 4268 3.15208825847124 329 1 1
10000 4 4049 3.17965023847377 330 1 1
10000 4 3842 3.17611561060823 331 1 1
10000 4 4202 3.14267756128221 332 1 1
10000 4 3974 3.14663310258024 333 1 1
10000 4 4454 3.15556958030925 334 1 1
10000 4 4378 3.15308213778969 335 1 1
10000 4 4123 3.14861460957179 336 1 1
10000 4 4100 3.12597686777118 337 1 1
10000 4 4141 3.14663310258024 338 1 1
10000 4 4179 3.16105579263474 339 1 1
10000 4 3862 3.12793243665937 340 1 1
10000 4 3532 3.1328320802005 341 1 1
10000 4 4095 3.17762948840165 342 1 1
10000 4 3889 3.12304809494066 343 1 1
10000 4 4159 3.10896937665164 344 1 1
10000 4 4489 3.10703743980115 345 1 1
10000 4 4427 3.20615581917281 346 1 1
10000 4 4068 3.13234142521535 347 1 1
10000 4 4114 3.14514860827174 348 1 1
10000 4 4343 3.17107975265578 349 1 1
10000 4 4036 3.0993336432667 350 1 1
10000 4 3502 3.1328320802005 351 1 1
10000 4 3362 3.1328320802005 352 1 1
10000 4 3672 3.14465408805031 353 1 1
10000 4 4005 3.18217979315831 354 1 1
10000 4 4014 3.12207305650952 355 1 1
10000 4 3961 3.16305551162423 356 1 1
10000 4 3807 3.1210986267166 357 1 1
10000 4 4268 3.1402103940964 358 1 1
10000 4 4064 3.16605983853095 359 1 1
10000 4 4167 3.18522057652492 360 1 1
10000 4 4136 3.08975745403986 361 1 1
10000 4 3614 3.16255534471853 362 1 1
10000 4 4069 3.1328320802005 363 1 1
10000 4 4185 3.18167356029271 364 1 1
10000 4 4486 3.13676286072773 365 1 1
10000 4 4487 3.147128245476 366 1 1
10000 4 4209 3.1496062992126 367 1 1
10000 4 4072 3.15159155373464 368 1 1
10000 4 3861 3.15905860053704 369 1 1
10000 4 4170 3.14169022934339 370 1 1
10000 4 4309 3.10607237148626 371 1 1
10000 4 4071 3.15756236185665 372 1 1
10000 4 4281 3.14911037631869 373 1 1
10000 4 4454 3.12891113892365 374 1 1
10000 4 3964 3.11720698254364 375 1 1
10000 4 4071 3.12597686777118 376 1 1
10000 4 4015 3.18522057652492 377 1 1
10000 4 3950 3.15905860053704 378 1 1
10000 4 6014 3.14762354422411 379 1 1
10000 4 3994 3.1496062992126 380 1 1
10000 4 5207 3.1210986267166 381 1 1
10000 4 3874 3.13774709758393 382 1 1
10000 4 3943 3.08737264587836 383 1 1
10000 4 3465 3.15159155373464 384 1 1
10000 4 4739 3.11284046692607 385 1 1
10000 4 4461 3.16205533596838 386 1 1
10000 4 4114 3.11915159076731 387 1 1
10000 4 3747 3.17057704502219 388 1 1
10000 4 3898 3.13381385145722 389 1 1
10000 4 4025 3.19590923617769 390 1 1
10000 4 3880 3.09885342423303 391 1 1
10000 4 4052 3.19846473692628 392 1 1
10000 4 4827 3.15507177788295 393 1 1
10000 4 3931 3.14317146000314 394 1 1
10000 4 4058 3.14267756128221 395 1 1
10000 4 3871 3.10462589257994 396 1 1
10000 4 3997 3.12207305650952 397 1 1
10000 4 3704 3.11915159076731 398 1 1
10000 4 3718 3.16205533596838 399 1 1
10000 4 4249 3.14564328405159 400 1 1
10000 4 6278 3.10077519379845 401 1 1
10000 4 3785 3.14070351758794 402 1 1
10000 4 4930 3.12207305650952 403 1 1
10000 4 3902 3.15109500551442 404 1 1
10000 4 3944 3.11963812197785 405 1 1
10000 4 4031 3.11429461227032 406 1 1
10000 4 3960 3.11769290724864 407 1 1
10000 4 4250 3.15159155373464 408 1 1
10000 4 4377 3.16856780735108 409 1 1
10000 4 4027 3.16605983853095 410 1 1
10000 4 4123 3.14663310258024 411 1 1
10000 4 3904 3.12353584257379 412 1 1
10000 4 3927 3.15806095057635 413 1 1
10000 4 3901 3.17510715986665 414 1 1
10000 4 3985 3.13430496787337 415 1 1
10000 4 4143 3.14267756128221 416 1 1
10000 4 4212 3.16105579263474 417 1 1
10000 4 3808 3.14514860827174 418 1 1
10000 4 3958 3.10993624630695 419 1 1
10000 4 3727 3.12842171124668 420 1 1
10000 4 3743 3.147128245476 421 1 1
10000 4 4084 3.13577924114142 422 1 1
10000 4 4323 3.14762354422411 423 1 1
10000 4 4423 3.14811899889816 424 1 1
10000 4 4385 3.12989045383412 425 1 1
10000 4 4148 3.11380974622451 426 1 1
10000 4 3657 3.15457413249211 427 1 1
10000 4 4061 3.18674314850223 428 1 1
10000 4 4268 3.17057704502219 429 1 1
10000 4 4095 3.1328320802005 430 1 1
10000 4 2936 3.15159155373464 431 1 1
10000 4 3970 3.14317146000314 432 1 1
10000 4 4330 3.15756236185665 433 1 1
10000 4 3960 3.17510715986665 434 1 1
10000 4 3882 3.12353584257379 435 1 1
10000 4 3696 3.10655483069276 436 1 1
10000 4 3969 3.14218381775334 437 1 1
10000 4 6459 3.18674314850223 438 1 1
10000 4 4314 3.12256049960968 439 1 1
10000 4 3337 3.11187179088222 440 1 1
10000 4 3927 3.16605983853095 441 1 1
10000 4 3626 3.09214594928881 442 1 1
10000 4 3270 3.14119679597927 443 1 1
10000 4 3829 3.125 444 1 1
10000 4 4003 3.12695434646654 445 1 1
10000 4 5741 3.13922461152095 446 1 1
10000 4 3848 3.12940071976217 447 1 1
10000 4 4066 3.11235605353252 448 1 1
10000 4 4207 3.14415972331394 449 1 1
10000 4 3983 3.14366551398931 450 1 1
10000 4 3659 3.1781344350866 451 1 1
10000 4 3992 3.13971742543171 452 1 1
10000 4 4090 3.13774709758393 453 1 1
10000 4 4175 3.14564328405159 454 1 1
10000 4 3475 3.11138767890479 455 1 1
10000 4 3468 3.14911037631869 456 1 1
10000 4 3827 3.14317146000314 457 1 1
10000 4 4040 3.14663310258024 458 1 1
10000 4 4176 3.16656111462951 459 1 1
10000 4 3789 3.17762948840165 460 1 1
10000 4 4095 3.13922461152095 461 1 1
10000 4 4440 3.11720698254364 462 1 1
10000 4 3782 3.13234142521535 463 1 1
10000 4 3890 3.14514860827174 464 1 1
10000 4 4058 3.14415972331394 465 1 1
10000 4 3845 3.09358081979892 466 1 1
10000 4 3914 3.17208564631245 467 1 1
10000 4 3894 3.15905860053704 468 1 1
10000 4 4885 3.15357931251971 469 1 1
10000 4 4147 3.15855969677827 470 1 1
10000 4 4829 3.10945273631841 471 1 1
10000 4 4054 3.18015582763555 472 1 1
10000 4 3718 3.16305551162423 473 1 1
10000 4 4581 3.10173697270471 474 1 1
10000 4 3652 3.11623558741041 475 1 1
10000 4 3988 3.12061163988142 476 1 1
10000 4 4552 3.12207305650952 477 1 1
10000 4 4280 3.13136057617035 478 1 1
10000 4 3884 3.13087038196619 479 1 1
10000 4 4066 3.14613811546327 480 1 1
10000 4 3849 3.14218381775334 481 1 1
10000 4 3762 3.12940071976217 482 1 1
10000 4 4065 3.13185092389602 483 1 1
10000 4 4242 3.12207305650952 484 1 1
10000 4 4166 3.13087038196619 485 1 1
10000 4 4031 3.11429461227032 486 1 1
10000 4 3889 3.16555872111428 487 1 1
10000 4 3951 3.11187179088222 488 1 1
10000 4 4100 3.12158576556891 489 1 1
10000 4 3763 3.13381385145722 490 1 1
10000 4 4106 3.17611561060823 491 1 1
10000 4 4054 3.1333228889237 492 1 1
10000 4 3987 3.12940071976217 493 1 1
10000 4 3799 3.14317146000314 494 1 1
10000 4 4037 3.17007449675067 495 1 1
10000 4 3823 3.11526479750779 496 1 1
10000 4 3871 3.13823944766986 497 1 1
10000 4 3957 3.12842171124668 498 1 1
10000 4 4479 3.10848616723656 499 1 1
10000 4 4122 3.14415972331394 500 1 1
10000 4 4942 3.14070351758794 501 1 1
10000 4 3940 3.125 502 1 1
10000 4 3693 3.13087038196619 503 1 1
10000 4 3789 3.15208825847124 504 1 1
10000 4 3949 3.15407664406245 505 1 1
10000 4 5642 3.1640563202025 506 1 1
10000 4 4259 3.10029452798016 507 1 1
10000 4 4033 3.19131961065901 508 1 1
10000 4 4005 3.15407664406245 509 1 1
10000 4 3997 3.15756236185665 510 1 1
10000 4 4020 3.11915159076731 511 1 1
10000 4 3888 3.18928400574071 512 1 1
10000 4 3814 3.16105579263474 513 1 1
10000 4 4100 3.18167356029271 514 1 1
10000 4 4172 3.13873195229127 515 1 1
10000 4 4012 3.11332503113325 516 1 1
10000 4 3698 3.14762354422411 517 1 1
10000 4 4002 3.1055900621118 518 1 1
10000 4 3952 3.15308213778969 519 1 1
10000 4 3954 3.13577924114142 520 1 1
10000 4 5156 3.15606753984535 521 1 1
10000 4 4780 3.13136057617035 522 1 1
10000 4 3691 3.14762354422411 523 1 1
10000 4 4037 3.14070351758794 524 1 1
10000 4 3908 3.12304809494066 525 1 1
10000 4 4053 3.13823944766986 526 1 1
10000 4 3846 3.18268618714195 527 1 1
10000 4 3694 3.13381385145722 528 1 1
10000 4 3962 3.12548835755587 529 1 1
10000 4 4052 3.15855969677827 530 1 1
10000 4 4109 3.13971742543171 531 1 1
10000 4 4215 3.10607237148626 532 1 1
10000 4 4217 3.11623558741041 533 1 1
10000 4 3761 3.14762354422411 534 1 1
10000 4 4323 3.18369945877109 535 1 1
10000 4 3766 3.13873195229127 536 1 1
10000 4 4433 3.11575011684063 537 1 1
10000 4 4255 3.1496062992126 538 1 1
10000 4 3544 3.15855969677827 539 1 1
10000 4 4093 3.18268618714195 540 1 1
10000 4 3464 3.16906987799081 541 1 1
10000 4 2776 3.12256049960968 542 1 1
10000 4 3280 3.14119679597927 543 1 1
10000 4 3624 3.13136057617035 544 1 1
10000 4 4364 3.18116748846827 545 1 1
10000 4 4138 3.17359568390987 546 1 1
10000 4 4041 3.12597686777118 547 1 1
10000 4 3975 3.11672120928783 548 1 1
10000 4 4025 3.12061163988142 549 1 1
10000 4 3873 3.14415972331394 550 1 1
10000 4 3843 3.1210986267166 551 1 1
10000 4 4050 3.1402103940964 552 1 1
10000 4 4360 3.11187179088222 553 1 1
10000 4 3756 3.16305551162423 554 1 1
10000 4 3955 3.15407664406245 555 1 1
10000 4 3976 3.13038034121146 556 1 1
10000 4 3817 3.15556958030925 557 1 1
10000 4 3738 3.09837335398916 558 1 1
10000 4 3963 3.10655483069276 559 1 1
10000 4 3700 3.13038034121146 560 1 1
10000 4 7930 3.13971742543171 561 1 1
10000 4 3967 3.14070351758794 562 1 1
10000 4 4011 3.15905860053704 563 1 1
10000 4 3815 3.12793243665937 564 1 1
10000 4 3995 3.17007449675067 565 1 1
10000 4 3800 3.17712470214456 566 1 1
10000 4 3775 3.1328320802005 567 1 1
10000 4 4124 3.15656565656566 568 1 1
10000 4 3880 3.14267756128221 569 1 1
10000 4 4061 3.13087038196619 570 1 1
10000 4 3809 3.14267756128221 571 1 1
10000 4 3636 3.12793243665937 572 1 1
10000 4 3684 3.16706254948535 573 1 1
10000 4 6029 3.14861460957179 574 1 1
10000 4 5322 3.14366551398931 575 1 1
10000 4 3953 3.15855969677827 576 1 1
10000 4 4033 3.14218381775334 577 1 1
10000 4 3931 3.13038034121146 578 1 1
10000 4 4185 3.14267756128221 579 1 1
10000 4 3906 3.16255534471853 580 1 1
10000 4 3850 3.16155548529877 581 1 1
10000 4 4245 3.11526479750779 582 1 1
10000 4 3830 3.15556958030925 583 1 1
10000 4 3667 3.12646553071752 584 1 1
10000 4 4157 3.12548835755587 585 1 1
10000 4 3694 3.17057704502219 586 1 1
10000 4 3850 3.13922461152095 587 1 1
10000 4 3925 3.17662007623888 588 1 1
10000 4 5449 3.16205533596838 589 1 1
10000 4 4374 3.16555872111428 590 1 1
10000 4 4421 3.13774709758393 591 1 1
10000 4 3885 3.11769290724864 592 1 1
10000 4 4416 3.15258511979823 593 1 1
10000 4 3793 3.17662007623888 594 1 1
10000 4 3927 3.11138767890479 595 1 1
10000 4 4066 3.13971742543171 596 1 1
10000 4 4093 3.16656111462951 597 1 1
10000 4 3604 3.13185092389602 598 1 1
10000 4 3355 3.13430496787337 599 1 1
10000 4 3368 3.15407664406245 600 1 1
10000 4 3775 3.14613811546327 601 1 1
10000 4 3861 3.16555872111428 602 1 1
10000 4 5043 3.09310238168883 603 1 1
10000 4 4090 3.13185092389602 604 1 1
10000 4 4413 3.14663310258024 605 1 1
10000 4 4436 3.11138767890479 606 1 1
10000 4 4046 3.1201248049922 607 1 1
10000 4 3941 3.09789343246592 608 1 1
10000 4 3727 3.12061163988142 609 1 1
10000 4 5101 3.13577924114142 610 1 1
10000 4 3837 3.14465408805031 611 1 1
10000 4 4207 3.15806095057635 612 1 1
10000 4 6792 3.16505776230416 613 1 1
10000 4 4102 3.14762354422411 614 1 1
10000 4 4053 3.15308213778969 615 1 1
10000 4 4114 3.14169022934339 616 1 1
10000 4 6711 3.09166795486165 617 1 1
10000 4 3545 3.20975766329642 618 1 1
10000 4 3000 3.14564328405159 619 1 1
10000 4 4151 3.14564328405159 620 1 1
10000 4 4015 3.1862354628007 621 1 1
10000 4 3879 3.10800310800311 622 1 1
10000 4 3412 3.12158576556891 623 1 1
10000 4 3718 3.14613811546327 624 1 1
10000 4 3729 3.12548835755587 625 1 1
10000 4 4179 3.13971742543171 626 1 1
10000 4 4062 3.16505776230416 627 1 1
10000 4 3768 3.11284046692607 628 1 1
10000 4 3998 3.12548835755587 629 1 1
10000 4 3997 3.15507177788295 630 1 1
10000 4 4019 3.15806095057635 631 1 1
10000 4 3806 3.10462589257994 632 1 1
10000 4 5543 3.13381385145722 633 1 1
10000 4 3882 3.16255534471853 634 1 1
10000 4 3777 3.1041440322831 635 1 1
10000 4 4126 3.17107975265578 636 1 1
10000 4 4022 3.13185092389602 637 1 1
10000 4 4078 3.12597686777118 638 1 1
10000 4 4081 3.15407664406245 639 1 1
10000 4 4876 3.19335781574325 640 1 1
10000 4 4258 3.14911037631869 641 1 1
10000 4 4254 3.16355583676052 642 1 1
10000 4 3748 3.15407664406245 643 1 1
10000 4 4285 3.15159155373464 644 1 1
10000 4 3909 3.13627097381214 645 1 1
10000 4 3836 3.15258511979823 646 1 1
10000 4 3957 3.14564328405159 647 1 1
10000 4 3973 3.15109500551442 648 1 1
10000 4 4249 3.15059861373661 649 1 1
10000 4 4045 3.15855969677827 650 1 1
10000 4 3544 3.14415972331394 651 1 1
10000 4 3720 3.15556958030925 652 1 1
10000 4 3754 3.13087038196619 653 1 1
10000 4 3914 3.18369945877109 654 1 1
10000 4 4159 3.18471337579618 655 1 1
10000 4 4126 3.13577924114142 656 1 1
10000 4 4242 3.13922461152095 657 1 1
10000 4 3885 3.12989045383412 658 1 1
10000 4 3902 3.15606753984535 659 1 1
10000 4 3719 3.15208825847124 660 1 1
10000 4 4749 3.14465408805031 661 1 1
10000 4 3904 3.08975745403986 662 1 1
10000 4 4316 3.11477962934122 663 1 1
10000 4 4106 3.13627097381214 664 1 1
10000 4 4273 3.1333228889237 665 1 1
10000 4 3936 3.13087038196619 666 1 1
10000 4 5262 3.16656111462951 667 1 1
10000 4 4360 3.18268618714195 668 1 1
10000 4 4414 3.1501023783273 669 1 1
10000 4 3989 3.14762354422411 670 1 1
10000 4 6061 3.13038034121146 671 1 1
10000 4 4087 3.17309217832778 672 1 1
10000 4 4039 3.13087038196619 673 1 1
10000 4 4065 3.16155548529877 674 1 1
10000 4 3825 3.13038034121146 675 1 1
10000 4 3634 3.13234142521535 676 1 1
10000 4 4128 3.13922461152095 677 1 1
10000 4 4115 3.15507177788295 678 1 1
10000 4 4282 3.13823944766986 679 1 1
10000 4 3993 3.14762354422411 680 1 1
10000 4 3902 3.13823944766986 681 1 1
10000 4 4134 3.11380974622451 682 1 1
10000 4 3951 3.15258511979823 683 1 1
10000 4 3738 3.12940071976217 684 1 1
10000 4 3195 3.13185092389602 685 1 1
10000 4 3171 3.18877551020408 686 1 1
10000 4 3869 3.17510715986665 687 1 1
10000 4 4282 3.10752019888129 688 1 1
10000 4 3885 3.16155548529877 689 1 1
10000 4 3665 3.12061163988142 690 1 1
10000 4 4047 3.17107975265578 691 1 1
10000 4 3913 3.11720698254364 692 1 1
10000 4 3895 3.17309217832778 693 1 1
10000 4 4221 3.13528766264305 694 1 1
10000 4 3818 3.13873195229127 695 1 1
10000 4 3958 3.12353584257379 696 1 1
10000 4 3572 3.14514860827174 697 1 1
10000 4 3679 3.15059861373661 698 1 1
10000 4 4159 3.15955766192733 699 1 1
10000 4 4015 3.16055625790139 700 1 1
10000 4 3999 3.147128245476 701 1 1
10000 4 4126 3.10173697270471 702 1 1
10000 4 4224 3.1496062992126 703 1 1
10000 4 3918 3.12695434646654 704 1 1
10000 4 3577 3.12402374258044 705 1 1
10000 4 3841 3.14811899889816 706 1 1
10000 4 3385 3.15556958030925 707 1 1
10000 4 3684 3.10993624630695 708 1 1
10000 4 4136 3.14514860827174 709 1 1
10000 4 4676 3.16656111462951 710 1 1
10000 4 3936 3.13823944766986 711 1 1
10000 4 3577 3.12744331508991 712 1 1
10000 4 3956 3.15905860053704 713 1 1
10000 4 3942 3.10366232153942 714 1 1
10000 4 4091 3.12256049960968 715 1 1
10000 4 3765 3.14514860827174 716 1 1
10000 4 3914 3.10752019888129 717 1 1
10000 4 4068 3.14811899889816 718 1 1
10000 4 4310 3.125 719 1 1
10000 4 3994 3.14415972331394 720 1 1
10000 4 3872 3.14564328405159 721 1 1
10000 4 3989 3.17712470214456 722 1 1
10000 4 4290 3.14415972331394 723 1 1
10000 4 4207 3.15656565656566 724 1 1
10000 4 4428 3.14663310258024 725 1 1
10000 4 4349 3.15507177788295 726 1 1
10000 4 3977 3.13823944766986 727 1 1
10000 4 3917 3.13479623824451 728 1 1
10000 4 4093 3.12207305650952 729 1 1
10000 4 3989 3.14366551398931 730 1 1
10000 4 3928 3.17863954227591 731 1 1
10000 4 3859 3.13676286072773 732 1 1
10000 4 4033 3.16856780735108 733 1 1
10000 4 3834 3.14465408805031 734 1 1
10000 4 3793 3.17158261972724 735 1 1
10000 4 3931 3.13577924114142 736 1 1
10000 4 3743 3.10800310800311 737 1 1
10000 4 3982 3.19182891797 738 1 1
10000 4 3884 3.10029452798016 739 1 1
10000 4 3692 3.09837335398916 740 1 1
10000 4 4196 3.11526479750779 741 1 1
10000 4 4553 3.06842589751458 742 1 1
10000 4 3685 3.11672120928783 743 1 1
10000 4 3818 3.10993624630695 744 1 1
10000 4 3997 3.14465408805031 745 1 1
10000 4 4098 3.12353584257379 746 1 1
10000 4 3717 3.14119679597927 747 1 1
10000 4 4043 3.12744331508991 748 1 1
10000 4 4243 3.12061163988142 749 1 1
10000 4 4340 3.12451179503203 750 1 1
10000 4 4130 3.13234142521535 751 1 1
10000 4 5407 3.17762948840165 752 1 1
10000 4 4063 3.12061163988142 753 1 1
10000 4 3739 3.1501023783273 754 1 1
10000 4 3898 3.12891113892365 755 1 1
10000 4 4331 3.147128245476 756 1 1
10000 4 4197 3.11866521128957 757 1 1
10000 4 4184 3.14267756128221 758 1 1
10000 4 3976 3.17561130517625 759 1 1
10000 4 3805 3.20307495195388 760 1 1
10000 4 4070 3.1328320802005 761 1 1
10000 4 3979 3.14514860827174 762 1 1
10000 4 7526 3.15855969677827 763 1 1
10000 4 3871 3.16205533596838 764 1 1
10000 4 3722 3.14415972331394 765 1 1
10000 4 4132 3.1333228889237 766 1 1
10000 4 3947 3.13823944766986 767 1 1
10000 4 4049 3.13479623824451 768 1 1
10000 4 3949 3.08832612723904 769 1 1
10000 4 3759 3.17561130517625 770 1 1
10000 4 3861 3.11429461227032 771 1 1
10000 4 3709 3.14070351758794 772 1 1
10000 4 3845 3.15706393054459 773 1 1
10000 4 3211 3.13381385145722 774 1 1
10000 4 3727 3.14169022934339 775 1 1
10000 4 3998 3.17460317460317 776 1 1
10000 4 4005 3.14663310258024 777 1 1
10000 4 3936 3.14169022934339 778 1 1
10000 4 4387 3.09837335398916 779 1 1
10000 4 3925 3.12597686777118 780 1 1
10000 4 3950 3.17965023847377 781 1 1
10000 4 3810 3.14564328405159 782 1 1
10000 4 3969 3.13823944766986 783 1 1
10000 4 4001 3.11672120928783 784 1 1
10000 4 3816 3.1210986267166 785 1 1
10000 4 4093 3.09741365959424 786 1 1
10000 4 4353 3.13873195229127 787 1 1
10000 4 3933 3.18167356029271 788 1 1
10000 4 4247 3.15059861373661 789 1 1
10000 4 3923 3.16255534471853 790 1 1
10000 4 3994 3.11090371752994 791 1 1
10000 4 4055 3.16005688102386 792 1 1
10000 4 3854 3.13873195229127 793 1 1
10000 4 4156 3.16255534471853 794 1 1
10000 4 4198 3.17309217832778 795 1 1
10000 4 3891 3.12793243665937 796 1 1
10000 4 3930 3.147128245476 797 1 1
10000 4 4054 3.17712470214456 798 1 1
10000 4 4002 3.14169022934339 799 1 1
10000 4 4129 3.12158576556891 800 1 1
10000 4 3972 3.11380974622451 801 1 1
10000 4 4387 3.17863954227591 802 1 1
10000 4 3851 3.07550361371675 803 1 1
10000 4 3985 3.14119679597927 804 1 1
10000 4 3768 3.15357931251971 805 1 1
10000 4 3900 3.08689612594536 806 1 1
10000 4 4017 3.14663310258024 807 1 1
10000 4 4183 3.14169022934339 808 1 1
10000 4 4185 3.13774709758393 809 1 1
10000 4 4381 3.20051208193311 810 1 1
10000 4 4011 3.16255534471853 811 1 1
10000 4 4090 3.17359568390987 812 1 1
10000 4 4277 3.18369945877109 813 1 1
10000 4 4065 3.12402374258044 814 1 1
10000 4 3869 3.17309217832778 815 1 1
10000 4 3655 3.19539862597859 816 1 1
10000 4 5274 3.13873195229127 817 1 1
10000 4 4076 3.14861460957179 818 1 1
10000 4 4582 3.16205533596838 819 1 1
10000 4 3954 3.13922461152095 820 1 1
10000 4 3755 3.17359568390987 821 1 1
10000 4 3995 3.15905860053704 822 1 1
10000 4 3783 3.11720698254364 823 1 1
10000 4 4222 3.20256204963971 824 1 1
10000 4 4274 3.1402103940964 825 1 1
10000 4 3777 3.11477962934122 826 1 1
10000 4 3812 3.13185092389602 827 1 1
10000 4 3747 3.16656111462951 828 1 1
10000 4 4006 3.11623558741041 829 1 1
10000 4 3771 3.10896937665164 830 1 1
10000 4 3813 3.18471337579618 831 1 1
10000 4 4173 3.15706393054459 832 1 1
10000 4 4011 3.16105579263474 833 1 1
10000 4 4183 3.10800310800311 834 1 1
10000 4 3925 3.17309217832778 835 1 1
10000 4 3844 3.11769290724864 836 1 1
10000 4 3929 3.12304809494066 837 1 1
10000 4 5947 3.16706254948535 838 1 1
10000 4 4099 3.15407664406245 839 1 1
10000 4 3238 3.14911037631869 840 1 1
10000 4 2958 3.13528766264305 841 1 1
10000 4 3890 3.15159155373464 842 1 1
10000 4 3840 3.17863954227591 843 1 1
10000 4 3906 3.14861460957179 844 1 1
10000 4 3892 3.14861460957179 845 1 1
10000 4 3974 3.12940071976217 846 1 1
10000 4 3966 3.1333228889237 847 1 1
10000 4 3995 3.10703743980115 848 1 1
10000 4 3884 3.15109500551442 849 1 1
10000 4 4224 3.15308213778969 850 1 1
10000 4 3876 3.12646553071752 851 1 1
10000 4 3367 3.13136057617035 852 1 1
10000 4 3869 3.12842171124668 853 1 1
10000 4 3518 3.12646553071752 854 1 1
10000 4 3949 3.16957210776545 855 1 1
10000 4 3965 3.1791448100461 856 1 1
10000 4 3371 3.16005688102386 857 1 1
10000 4 3808 3.11866521128957 858 1 1
10000 4 6585 3.11623558741041 859 1 1
10000 4 3877 3.13038034121146 860 1 1
10000 4 4189 3.11963812197785 861 1 1
10000 4 4286 3.15208825847124 862 1 1
10000 4 4046 3.14267756128221 863 1 1
10000 4 3798 3.11187179088222 864 1 1
10000 4 3806 3.1328320802005 865 1 1
10000 4 2640 3.16806589577063 866 1 1
10000 4 2684 3.16155548529877 867 1 1
10000 4 2718 3.1501023783273 868 1 1
10000 4 2704 3.14119679597927 869 1 1
10000 4 2489 3.1041440322831 870 1 1
10000 4 2715 3.1210986267166 871 1 1
10000 4 2826 3.12989045383412 872 1 1
10000 4 2789 3.16706254948535 873 1 1
10000 4 2877 3.11915159076731 874 1 1
10000 4 2698 3.10125600868352 875 1 1
10000 4 2768 3.17208564631245 876 1 1
10000 4 2522 3.13873195229127 877 1 1
10000 4 2704 3.1640563202025 878 1 1
10000 4 2996 3.18674314850223 879 1 1
10000 4 2623 3.18826717678941 880 1 1
10000 4 2773 3.08118933908489 881 1 1
10000 4 2764 3.16806589577063 882 1 1
10000 4 2958 3.15756236185665 883 1 1
10000 4 3020 3.12744331508991 884 1 1
10000 4 2839 3.15756236185665 885 1 1
10000 4 2559 3.14811899889816 886 1 1
10000 4 2468 3.16355583676052 887 1 1
10000 4 2632 3.16205533596838 888 1 1
10000 4 2650 3.13577924114142 889 1 1
10000 4 2791 3.12256049960968 890 1 1
10000 4 2644 3.14119679597927 891 1 1
10000 4 2736 3.13430496787337 892 1 1
10000 4 2669 3.14119679597927 893 1 1
10000 4 2630 3.15308213778969 894 1 1
10000 4 2544 3.14861460957179 895 1 1
10000 4 2696 3.1402103940964 896 1 1
10000 4 3770 3.08166409861325 897 1 1
10000 4 3610 3.17057704502219 898 1 1
10000 4 2635 3.1402103940964 899 1 1
10000 4 2849 3.11235605353252 900 1 1
10000 4 2857 3.12842171124668 901 1 1
10000 4 2543 3.12548835755587 902 1 1
10000 4 2669 3.14514860827174 903 1 1
10000 4 2590 3.15806095057635 904 1 1
10000 4 2775 3.13922461152095 905 1 1
10000 4 2787 3.12402374258044 906 1 1
10000 4 2839 3.14514860827174 907 1 1
10000 4 2686 3.10607237148626 908 1 1
10000 4 2818 3.14762354422411 909 1 1
10000 4 2619 3.17712470214456 910 1 1
10000 4 2759 3.16055625790139 911 1 1
10000 4 2720 3.16305551162423 912 1 1
10000 4 2483 3.15059861373661 913 1 1
10000 4 2811 3.10945273631841 914 1 1
10000 4 2709 3.15507177788295 915 1 1
10000 4 2847 3.14564328405159 916 1 1
10000 4 2746 3.11187179088222 917 1 1
10000 4 2823 3.13725490196078 918 1 1
10000 4 2896 3.11138767890479 919 1 1
10000 4 2638 3.17007449675067 920 1 1
10000 4 9594 3.19488817891374 921 1 1
10000 4 23609 3.11575011684063 922 1 1
10000 4 24060 3.14119679597927 923 1 1
10000 4 28107 3.13528766264305 924 1 1
10000 4 27432 3.15905860053704 925 1 1
10000 4 25295 3.18015582763555 926 1 1
10000 4 26071 3.16305551162423 927 1 1
10000 4 25444 3.16957210776545 928 1 1
10000 4 24326 3.13087038196619 929 1 1
10000 4 23952 3.12353584257379 930 1 1
10000 4 23727 3.14169022934339 931 1 1
10000 4 30602 3.09693403530505 932 1 1
10000 4 26228 3.15159155373464 933 1 1
10000 4 23575 3.15606753984535 934 1 1
10000 4 24275 3.20153673763406 935 1 1
10000 4 23706 3.14564328405159 936 1 1
10000 4 24051 3.12793243665937 937 1 1
10000 4 23631 3.14218381775334 938 1 1
10000 4 24154 3.15556958030925 939 1 1
10000 4 22708 3.14465408805031 940 1 1
10000 4 23720 3.17007449675067 941 1 1
10000 4 24635 3.13676286072773 942 1 1
10000 4 24598 3.08499151627333 943 1 1
10000 4 23637 3.20102432778489 944 1 1
10000 4 23862 3.11575011684063 945 1 1
10000 4 27745 3.16005688102386 946 1 1
10000 4 24128 3.17510715986665 947 1 1
10000 4 21175 3.1333228889237 948 1 1
10000 4 21326 3.13087038196619 949 1 1
10000 4 24146 3.14514860827174 950 1 1
10000 4 22769 3.15159155373464 951 1 1
10000 4 23999 3.18066157760814 952 1 1
10000 4 22258 3.16055625790139 953 1 1
10000 4 25412 3.12744331508991 954 1 1
10000 4 21406 3.18674314850223 955 1 1
10000 4 23996 3.125 956 1 1
10000 4 21960 3.14465408805031 957 1 1
10000 4 24846 3.16706254948535 958 1 1
10000 4 23952 3.14564328405159 959 1 1
10000 4 26138 3.14911037631869 960 1 1
10000 4 26418 3.15606753984535 961 1 1
10000 4 24075 3.1201248049922 962 1 1
10000 4 23442 3.10173697270471 963 1 1
10000 4 23947 3.11817898347365 964 1 1
10000 4 23986 3.16656111462951 965 1 1
10000 4 25514 3.09837335398916 966 1 1
10000 4 24069 3.1501023783273 967 1 1
10000 4 26324 3.16355583676052 968 1 1
10000 4 24130 3.14415972331394 969 1 1
10000 4 23168 3.1501023783273 970 1 1
10000 4 23961 3.10993624630695 971 1 1
10000 4 23526 3.17409934930963 972 1 1
10000 4 23584 3.13430496787337 973 1 1
10000 4 25451 3.14811899889816 974 1 1
10000 4 24691 3.11720698254364 975 1 1
10000 4 23768 3.14317146000314 976 1 1
10000 4 23554 3.13185092389602 977 1 1
10000 4 23715 3.13627097381214 978 1 1
10000 4 24487 3.1333228889237 979 1 1
10000 4 22381 3.10269934843314 980 1 1
10000 4 26590 3.15606753984535 981 1 1
10000 4 26345 3.14564328405159 982 1 1
10000 4 25154 3.15457413249211 983 1 1
10000 4 22635 3.12646553071752 984 1 1
10000 4 21358 3.14415972331394 985 1 1
10000 4 23953 3.14762354422411 986 1 1
10000 4 24751 3.13922461152095 987 1 1
10000 4 29529 3.15905860053704 988 1 1
10000 4 22708 3.15208825847124 989 1 1
10000 4 24318 3.13528766264305 990 1 1
10000 4 24537 3.14762354422411 991 1 1
10000 4 23547 3.18471337579618 992 1 1
10000 4 25855 3.15806095057635 993 1 1
10000 4 27014 3.14218381775334 994 1 1
10000 4 25042 3.11915159076731 995 1 1
10000 4 23911 3.19744204636291 996 1 1
10000 4 25896 3.14613811546327 997 1 1
10000 4 23656 3.19642000958926 998 1 1
10000 4 24108 3.20666987333654 999 1 1
10000 4 25025 3.18217979315831 1000 1 1
