100000 4 29787 3.15243604495374 1 1 1
100000 4 37486 3.147128245476 2 1 1
100000 4 38651 3.15104535929795 3 1 1
100000 4 40039 3.15477317180895 4 1 1
100000 4 35307 3.14495078152027 5 1 1
100000 4 35915 3.1406541982695 6 1 1
100000 4 36871 3.13759942268171 7 1 1
100000 4 34676 3.14411029538916 8 1 1
100000 4 33667 3.1364185236878 9 1 1
100000 4 33377 3.13937243944935 10 1 1
100000 4 33552 3.14668260985856 11 1 1
100000 4 34310 3.14648459009172 12 1 1
100000 4 31525 3.14139415072409 13 1 1
100000 4 37424 3.14371492793034 14 1 1
100000 4 39342 3.15402690384949 15 1 1
100000 4 32107 3.14757400733385 16 1 1
100000 4 36654 3.14876332320481 17 1 1
100000 4 34063 3.14346787375833 18 1 1
100000 4 36415 3.13582840746954 19 1 1
100000 4 38031 3.12984147352937 20 1 1
100000 4 38753 3.14886247343147 21 1 1
100000 4 38076 3.1412461323407 22 1 1
100000 4 37445 3.13617261494073 23 1 1
100000 4 37424 3.13607426223853 24 1 1
100000 4 37921 3.14336906296168 25 1 1
100000 4 37826 3.14317146000314 26 1 1
100000 4 39398 3.13597591570497 27 1 1
100000 4 32804 3.14693016961954 28 1 1
100000 4 34691 3.13632015556148 29 1 1
100000 4 36477 3.1262211801485 30 1 1
100000 4 38502 3.14831722444353 31 1 1
100000 4 31841 3.14228255404726 32 1 1
100000 4 35438 3.14995353818531 33 1 1
100000 4 37324 3.14248004525171 34 1 1
100000 4 35266 3.14045693648426 35 1 1
100000 4 36818 3.12539067383423 36 1 1
100000 4 37677 3.13681205790555 37 1 1
100000 4 36543 3.13484537375194 38 1 1
100000 4 32086 3.13268486756575 39 1 1
100000 4 35519 3.13627097381214 40 1 1
100000 4 37329 3.13819020570837 41 1 1
100000 4 31785 3.14297388188704 42 1 1
100000 4 34445 3.12989045383412 43 1 1
100000 4 32656 3.15387769262308 44 1 1
100000 4 33104 3.1434184675835 45 1 1
100000 4 34134 3.13636933885334 46 1 1
100000 4 30135 3.14099946603009 47 1 1
100000 4 35266 3.147128245476 48 1 1
100000 4 37220 3.14598964969405 49 1 1
100000 4 31283 3.13789478638781 50 1 1
100000 4 30698 3.14663310258024 51 1 1
100000 4 31883 3.13971742543171 52 1 1
100000 4 35598 3.14554433644742 53 1 1
100000 4 30534 3.14420915279284 54 1 1
100000 4 32108 3.1339611702211 55 1 1
100000 4 33043 3.12998841904285 56 1 1
100000 4 34331 3.14673211869474 57 1 1
100000 4 35991 3.14425858382593 58 1 1
100000 4 34203 3.13425584930498 59 1 1
100000 4 37207 3.14465408805031 60 1 1
100000 4 35774 3.14801989548574 61 1 1
100000 4 37073 3.13809172642116 62 1 1
100000 4 37187 3.14722729275508 63 1 1
100000 4 36585 3.13401027955372 64 1 1
100000 4 36682 3.13814096529216 65 1 1
100000 4 31959 3.14169022934339 66 1 1
100000 4 31932 3.14381376047283 67 1 1
100000 4 29715 3.12842171124668 68 1 1
100000 4 33912 3.14178893461937 69 1 1
100000 4 31198 3.15258511979823 70 1 1
100000 4 34770 3.1379440190787 71 1 1
100000 4 30007 3.14129547025193 72 1 1
100000 4 36529 3.14935831824266 73 1 1
100000 4 36238 3.15537044048971 74 1 1
100000 4 30915 3.14381376047283 75 1 1
100000 4 34535 3.12842171124668 76 1 1
100000 4 34643 3.13686125662662 77 1 1
100000 4 32488 3.13013537835511 78 1 1
100000 4 31890 3.1353368135572 79 1 1
100000 4 33381 3.14134480971304 80 1 1
100000 4 36512 3.13361744798195 81 1 1
100000 4 34350 3.14164087903112 82 1 1
100000 4 37398 3.1511943026407 83 1 1
100000 4 36377 3.13474710427736 84 1 1
100000 4 37173 3.14480242778747 85 1 1
100000 4 37971 3.13047833708991 86 1 1
100000 4 34484 3.12954762389097 87 1 1
100000 4 31655 3.15581854043393 88 1 1
100000 4 33583 3.13912606730286 89 1 1
100000 4 29185 3.14727681873259 90 1 1
100000 4 31462 3.14070351758794 91 1 1
100000 4 30091 3.15771192194136 92 1 1
100000 4 31499 3.15447462225166 93 1 1
100000 4 34763 3.14866417922196 94 1 1
100000 4 28880 3.14589068029886 95 1 1
100000 4 29652 3.13991459432303 96 1 1
100000 4 35257 3.14144349328516 97 1 1
100000 4 30073 3.12661215939469 98 1 1
100000 4 33721 3.14406086901842 99 1 1
100000 4 35011 3.13764864610461 100 1 1
100000 4 35026 3.13543512000878 101 1 1
100000 4 35024 3.14154218305766 102 1 1
100000 4 30069 3.1380424890953 103 1 1
100000 4 29946 3.14891205088642 104 1 1
100000 4 36365 3.13809172642116 105 1 1
100000 4 35217 3.14628659524596 106 1 1
100000 4 36120 3.14688065455118 107 1 1
100000 4 34406 3.15303242893853 108 1 1
100000 4 33040 3.14420915279284 109 1 1
100000 4 33548 3.14574223788103 110 1 1
100000 4 32083 3.14930872673448 111 1 1
100000 4 36303 3.13735332873188 112 1 1
100000 4 33758 3.15333070555775 113 1 1
100000 4 35416 3.14208508766417 114 1 1
100000 4 34823 3.14584119793633 115 1 1
100000 4 33990 3.13096840852876 116 1 1
100000 4 33026 3.14178893461937 117 1 1
100000 4 34745 3.14164087903112 118 1 1
100000 4 30875 3.13996389041526 119 1 1
100000 4 30861 3.13922461152095 120 1 1
100000 4 30669 3.12842171124668 121 1 1
100000 4 33961 3.13499278951658 122 1 1
100000 4 30354 3.14193700416307 123 1 1
100000 4 30719 3.14673211869474 124 1 1
100000 4 34063 3.14549486497963 125 1 1
100000 4 35402 3.14198636377918 126 1 1
100000 4 35796 3.1352385132699 127 1 1
100000 4 30887 3.13917533863854 128 1 1
100000 4 28789 3.14742540601788 129 1 1
100000 4 32912 3.14465408805031 130 1 1
100000 4 35187 3.15000315000315 131 1 1
100000 4 34431 3.13553343262523 132 1 1
100000 4 35512 3.13189996711505 133 1 1
100000 4 30933 3.1379440190787 134 1 1
100000 4 34123 3.13819020570837 135 1 1
100000 4 30399 3.13008639038437 136 1 1
100000 4 32435 3.14001318805539 137 1 1
100000 4 28670 3.15253542661686 138 1 1
100000 4 35052 3.13111545988258 139 1 1
100000 4 33769 3.14376434342482 140 1 1
100000 4 37191 3.12675880182603 141 1 1
100000 4 30169 3.15188955778989 142 1 1
100000 4 33481 3.13656608744746 143 1 1
100000 4 34176 3.13735332873188 144 1 1
100000 4 36244 3.14594016421808 145 1 1
100000 4 33528 3.13219425868792 146 1 1
100000 4 30021 3.14504969178513 147 1 1
100000 4 19752 3.12920486904278 148 1 1
100000 4 25386 3.14940791131267 149 1 1
100000 4 25009 3.139816006782 150 1 1
100000 4 21092 3.13072335363086 151 1 1
100000 4 19467 3.14579171713041 152 1 1
100000 4 25740 3.13459971161683 153 1 1
100000 4 21960 3.14149283739633 154 1 1
100000 4 21476 3.13705806694482 155 1 1
100000 4 21086 3.13459971161683 156 1 1
100000 4 20114 3.14435745055498 157 1 1
100000 4 25036 3.13868269487296 158 1 1
100000 4 25469 3.14792079831271 159 1 1
100000 4 25062 3.15248573500205 160 1 1
100000 4 25865 3.14598964969405 161 1 1
100000 4 26150 3.13892899742608 162 1 1
100000 4 25985 3.15198890499905 163 1 1
100000 4 24838 3.13558259124545 164 1 1
100000 4 24828 3.14297388188704 165 1 1
100000 4 25230 3.14980471210785 166 1 1
100000 4 25794 3.129351754784 167 1 1
100000 4 22385 3.14806944641199 168 1 1
100000 4 25416 3.13214520625176 169 1 1
100000 4 19466 3.14386317907445 170 1 1
100000 4 25376 3.14688065455118 171 1 1
100000 4 26036 3.14386317907445 172 1 1
100000 4 21394 3.13764864610461 173 1 1
100000 4 22143 3.14757400733385 174 1 1
100000 4 19708 3.14504969178513 175 1 1
100000 4 25353 3.14159153026923 176 1 1
100000 4 19196 3.14722729275508 177 1 1
100000 4 25907 3.14420915279284 178 1 1
100000 4 26017 3.14697968624613 179 1 1
100000 4 21481 3.15035047649051 180 1 1
100000 4 25084 3.13528766264305 181 1 1
100000 4 18109 3.1402103940964 182 1 1
100000 4 26025 3.13966813707791 183 1 1
100000 4 199615 3.13755020080321 184 1 1
100000 4 187272 3.13273393690674 185 1 1
100000 4 190546 3.13116448007014 186 1 1
100000 4 226603 3.15646602064329 187 1 1
100000 4 225077 3.1339611702211 188 1 1
100000 4 225245 3.14920954840335 189 1 1
100000 4 189874 3.13273393690674 190 1 1
100000 4 220015 3.13656608744746 191 1 1
100000 4 189646 3.14411029538916 192 1 1
100000 4 224026 3.14559380947138 193 1 1
100000 4 185631 3.14876332320481 194 1 1
100000 4 187326 3.14455520266658 195 1 1
100000 4 191614 3.1382886911767 196 1 1
100000 4 224178 3.13131154984265 197 1 1
100000 4 224075 3.13189996711505 198 1 1
100000 4 223667 3.14841634657767 199 1 1
100000 4 223629 3.1380424890953 200 1 1
100000 4 222925 3.1400624872435 201 1 1
100000 4 183483 3.14346787375833 202 1 1
100000 4 224768 3.15114465329531 203 1 1
100000 4 225259 3.14090081035241 204 1 1
100000 4 187107 3.13096840852876 205 1 1
100000 4 226112 3.15512155105775 206 1 1
100000 4 176974 3.13366654654278 207 1 1
100000 4 45540 3.14534645991256 208 1 1
100000 4 49459 3.13838718282675 209 1 1
100000 4 41896 3.14045693648426 210 1 1
100000 4 42009 3.13912606730286 211 1 1
100000 4 46192 3.14248004525171 212 1 1
100000 4 48129 3.14792079831271 213 1 1
100000 4 47032 3.14450576230681 214 1 1
100000 4 46999 3.14975510654047 215 1 1
100000 4 48037 3.13273393690674 216 1 1
100000 4 42531 3.14420915279284 217 1 1
100000 4 38733 3.14346787375833 218 1 1
100000 4 48758 3.13710727338321 219 1 1
100000 4 44690 3.13347016153039 220 1 1
100000 4 44827 3.14707872417429 221 1 1
100000 4 42610 3.14782170737849 222 1 1
100000 4 45032 3.14119679597927 223 1 1
100000 4 47674 3.14737587536392 224 1 1
100000 4 49467 3.1312625250501 225 1 1
100000 4 47140 3.14119679597927 226 1 1
100000 4 39440 3.14262817994689 227 1 1
100000 4 42986 3.1579113574282 228 1 1
100000 4 43677 3.14198636377918 229 1 1
100000 4 40048 3.13873195229127 230 1 1
100000 4 42223 3.1428257146 231 1 1
100000 4 44844 3.14598964969405 232 1 1
100000 4 40336 3.14193700416307 233 1 1
100000 4 47953 3.14233192452119 234 1 1
100000 4 47476 3.13956956501264 235 1 1
100000 4 46561 3.15015199483375 236 1 1
100000 4 48876 3.13755020080321 237 1 1
100000 4 47321 3.14045693648426 238 1 1
100000 4 47760 3.14509914925068 239 1 1
100000 4 49074 3.15164121716384 240 1 1
100000 4 46780 3.138879733823 241 1 1
100000 4 44820 3.13632015556148 242 1 1
100000 4 50049 3.1474749382308 243 1 1
100000 4 45900 3.13140960403326 244 1 1
100000 4 48049 3.14841634657767 245 1 1
100000 4 49789 3.14569276018811 246 1 1
100000 4 47223 3.14886247343147 247 1 1
100000 4 40482 3.13504193118583 248 1 1
100000 4 47522 3.13814096529216 249 1 1
100000 4 46467 3.14658359685971 250 1 1
100000 4 48670 3.15303242893853 251 1 1
100000 4 39255 3.14564328405159 252 1 1
100000 4 41175 3.15025123253579 253 1 1
100000 4 47800 3.14980471210785 254 1 1
100000 4 45905 3.14198636377918 255 1 1
100000 4 41188 3.13214520625176 256 1 1
100000 4 44066 3.13013537835511 257 1 1
100000 4 44186 3.13666447100154 258 1 1
100000 4 43971 3.12861746394268 259 1 1
100000 4 44542 3.1377963256405 260 1 1
100000 4 44521 3.15362903861619 261 1 1
100000 4 45328 3.14188764609778 262 1 1
100000 4 38129 3.14579171713041 263 1 1
100000 4 40708 3.14584119793633 264 1 1
100000 4 43978 3.13150766436501 265 1 1
100000 4 44259 3.14584119793633 266 1 1
100000 4 46130 3.1324886055727 267 1 1
100000 4 44578 3.14861460957179 268 1 1
100000 4 42790 3.1353368135572 269 1 1
100000 4 40853 3.15362903861619 270 1 1
100000 4 39787 3.14198636377918 271 1 1
100000 4 43001 3.15681477389314 272 1 1
100000 4 38972 3.13617261494073 273 1 1
100000 4 38924 3.13518936543767 274 1 1
100000 4 37181 3.14420915279284 275 1 1
100000 4 44149 3.15139291566873 276 1 1
100000 4 43397 3.14594016421808 277 1 1
100000 4 44567 3.1511943026407 278 1 1
100000 4 39435 3.13047833708991 279 1 1
100000 4 39060 3.15114465329531 280 1 1
100000 4 44076 3.12695434646654 281 1 1
100000 4 45634 3.13607426223853 282 1 1
100000 4 45086 3.14792079831271 283 1 1
100000 4 38606 3.14411029538916 284 1 1
100000 4 43498 3.13617261494073 285 1 1
100000 4 36034 3.14411029538916 286 1 1
100000 4 42799 3.14025969947715 287 1 1
100000 4 45208 3.13288115415342 288 1 1
100000 4 43794 3.14297388188704 289 1 1
100000 4 43061 3.13750098046906 290 1 1
100000 4 45781 3.15114465329531 291 1 1
100000 4 45460 3.15447462225166 292 1 1
100000 4 44492 3.12597686777118 293 1 1
100000 4 39707 3.14129547025193 294 1 1
100000 4 37596 3.14891205088642 295 1 1
100000 4 43752 3.13479623824451 296 1 1
100000 4 45089 3.14668260985856 297 1 1
100000 4 39833 3.14752447200277 298 1 1
100000 4 41761 3.13563175140711 299 1 1
100000 4 38248 3.13489451079971 300 1 1
100000 4 43790 3.13868269487296 301 1 1
100000 4 37376 3.13307746534033 302 1 1
100000 4 39096 3.14001318805539 303 1 1
100000 4 41389 3.14119679597927 304 1 1
100000 4 42111 3.1428257146 305 1 1
100000 4 42544 3.15472340962506 306 1 1
100000 4 36218 3.14317146000314 307 1 1
100000 4 41065 3.1434184675835 308 1 1
100000 4 37298 3.14075283845538 309 1 1
100000 4 42146 3.13410850283637 310 1 1
100000 4 41055 3.1507475148479 311 1 1
100000 4 43041 3.14911037631869 312 1 1
100000 4 35520 3.13464884096359 313 1 1
100000 4 35651 3.13932316192629 314 1 1
100000 4 38306 3.14965590009291 315 1 1
100000 4 35149 3.12548835755587 316 1 1
100000 4 42604 3.14178893461937 317 1 1
100000 4 38135 3.13661527845302 318 1 1
100000 4 41817 3.14792079831271 319 1 1
100000 4 38138 3.13676286072773 320 1 1
100000 4 42538 3.14509914925068 321 1 1
100000 4 34952 3.13730411457435 322 1 1
100000 4 36799 3.13833793622897 323 1 1
100000 4 43249 3.14366551398931 324 1 1
100000 4 37770 3.13597591570497 325 1 1
100000 4 40339 3.13386295617293 326 1 1
100000 4 41934 3.14732634626884 327 1 1
100000 4 43512 3.1379440190787 328 1 1
100000 4 42237 3.14351728148625 329 1 1
100000 4 41476 3.14579171713041 330 1 1
100000 4 39805 3.14001318805539 331 1 1
100000 4 40809 3.14203572494619 332 1 1
100000 4 41473 3.13819020570837 333 1 1
100000 4 41151 3.14490132872081 334 1 1
100000 4 43258 3.12705212795897 335 1 1
100000 4 43623 3.138879733823 336 1 1
100000 4 43003 3.15646602064329 337 1 1
100000 4 43985 3.13636933885334 338 1 1
100000 4 42918 3.15089643003434 339 1 1
100000 4 37834 3.14792079831271 340 1 1
100000 4 37436 3.14376434342482 341 1 1
100000 4 43496 3.13597591570497 342 1 1
100000 4 42626 3.12646553071752 343 1 1
100000 4 41974 3.14075283845538 344 1 1
100000 4 40986 3.13489451079971 345 1 1
100000 4 43468 3.14149283739633 346 1 1
100000 4 36752 3.13759942268171 347 1 1
100000 4 42977 3.12920486904278 348 1 1
100000 4 41621 3.12436536328558 349 1 1
100000 4 41013 3.13942171851945 350 1 1
100000 4 38357 3.12949865431558 351 1 1
100000 4 37522 3.14440688625108 352 1 1
100000 4 32990 3.14425858382593 353 1 1
100000 4 42014 3.14109812790552 354 1 1
100000 4 39305 3.14248004525171 355 1 1
100000 4 37643 3.15512155105775 356 1 1
100000 4 36531 3.1504001008128 357 1 1
100000 4 39899 3.14554433644742 358 1 1
100000 4 39715 3.14277632860869 359 1 1
100000 4 39737 3.13838718282675 360 1 1
100000 4 34410 3.14218381775334 361 1 1
100000 4 38606 3.14668260985856 362 1 1
100000 4 40567 3.13878121125567 363 1 1
100000 4 40912 3.14475297965345 364 1 1
100000 4 39790 3.14327025837682 365 1 1
100000 4 40813 3.14915996158025 366 1 1
100000 4 41095 3.13302838523717 367 1 1
100000 4 36402 3.13464884096359 368 1 1
100000 4 40394 3.13907679751385 369 1 1
100000 4 40892 3.14188764609778 370 1 1
100000 4 41346 3.13548427554636 371 1 1
100000 4 36060 3.14346787375833 372 1 1
100000 4 40011 3.14490132872081 373 1 1
100000 4 38686 3.14381376047283 374 1 1
100000 4 40718 3.14846590998536 375 1 1
100000 4 40090 3.15925820617319 376 1 1
100000 4 35656 3.12592800987793 377 1 1
100000 4 37381 3.13543512000878 378 1 1
100000 4 40884 3.14228255404726 379 1 1
100000 4 41730 3.14509914925068 380 1 1
100000 4 41910 3.14500023587502 381 1 1
100000 4 36078 3.15308213778969 382 1 1
100000 4 39760 3.14732634626884 383 1 1
100000 4 40272 3.146385589554 384 1 1
100000 4 42547 3.13617261494073 385 1 1
100000 4 40446 3.14164087903112 386 1 1
100000 4 37709 3.13784555524177 387 1 1
100000 4 39726 3.14821810855056 388 1 1
100000 4 41625 3.13789478638781 389 1 1
100000 4 40597 3.13991459432303 390 1 1
100000 4 42115 3.13587757533946 391 1 1
100000 4 41106 3.14248004525171 392 1 1
100000 4 36904 3.14248004525171 393 1 1
100000 4 40201 3.13577924114142 394 1 1
100000 4 39298 3.1494575059446 395 1 1
100000 4 41198 3.15263481454626 396 1 1
100000 4 41722 3.15089643003434 397 1 1
100000 4 36762 3.13671366509308 398 1 1
100000 4 37150 3.14317146000314 399 1 1
100000 4 34534 3.14040762490971 400 1 1
100000 4 41223 3.1434184675835 401 1 1
100000 4 39875 3.14544539506794 402 1 1
100000 4 39024 3.12700323644835 403 1 1
100000 4 36362 3.1507475148479 404 1 1
100000 4 33200 3.15109500551442 405 1 1
100000 4 38715 3.12338950228788 406 1 1
100000 4 38335 3.14262817994689 407 1 1
100000 4 34162 3.1324886055727 408 1 1
100000 4 39007 3.14001318805539 409 1 1
100000 4 38686 3.1353368135572 410 1 1
100000 4 39448 3.13774709758393 411 1 1
100000 4 39503 3.14331965989281 412 1 1
100000 4 38480 3.13676286072773 413 1 1
100000 4 40403 3.14564328405159 414 1 1
100000 4 38500 3.14095013741657 415 1 1
100000 4 37746 3.13902752927143 416 1 1
100000 4 38757 3.13671366509308 417 1 1
100000 4 39268 3.14584119793633 418 1 1
100000 4 37834 3.1382886911767 419 1 1
100000 4 35159 3.14060488049998 420 1 1
100000 4 38002 3.14208508766417 421 1 1
100000 4 35017 3.14569276018811 422 1 1
100000 4 40075 3.13062534241215 423 1 1
100000 4 37880 3.13710727338321 424 1 1
100000 4 39121 3.14040762490971 425 1 1
100000 4 39895 3.13902752927143 426 1 1
100000 4 33262 3.13003740394698 427 1 1
100000 4 37985 3.14302327408734 428 1 1
100000 4 40174 3.14584119793633 429 1 1
100000 4 37898 3.13356835095966 430 1 1
100000 4 38452 3.13312654698123 431 1 1
100000 4 39102 3.13302838523717 432 1 1
100000 4 39470 3.12334072523972 433 1 1
100000 4 38950 3.14366551398931 434 1 1
100000 4 40157 3.14697968624613 435 1 1
100000 4 34868 3.15179021684317 436 1 1
100000 4 33406 3.13459971161683 437 1 1
100000 4 33266 3.15183988653376 438 1 1
100000 4 38627 3.14673211869474 439 1 1
100000 4 32203 3.13087038196619 440 1 1
100000 4 37294 3.12597686777118 441 1 1
100000 4 40176 3.1380424890953 442 1 1
100000 4 37534 3.14030900640623 443 1 1
100000 4 33814 3.12807920296542 444 1 1
100000 4 39740 3.14435745055498 445 1 1
100000 4 39297 3.14485187747657 446 1 1
100000 4 34015 3.14381376047283 447 1 1
100000 4 39165 3.1406541982695 448 1 1
100000 4 38138 3.15253542661686 449 1 1
100000 4 39991 3.12842171124668 450 1 1
100000 4 38859 3.13160573083849 451 1 1
100000 4 37694 3.13057633910403 452 1 1
100000 4 38165 3.13666447100154 453 1 1
100000 4 40669 3.13101742411197 454 1 1
100000 4 38375 3.13106644122988 455 1 1
100000 4 35741 3.13057633910403 456 1 1
100000 4 32290 3.14920954840335 457 1 1
100000 4 32451 3.1379440190787 458 1 1
100000 4 36935 3.13410850283637 459 1 1
100000 4 36776 3.14401144420166 460 1 1
100000 4 38924 3.14411029538916 461 1 1
100000 4 33016 3.15387769262308 462 1 1
100000 4 36532 3.14544539506794 463 1 1
100000 4 32978 3.13121350179262 464 1 1
100000 4 36499 3.14371492793034 465 1 1
100000 4 31528 3.15263481454626 466 1 1
100000 4 37480 3.16095587305601 467 1 1
100000 4 36892 3.13297930667168 468 1 1
100000 4 37509 3.13912606730286 469 1 1
100000 4 37981 3.14821810855056 470 1 1
100000 4 31825 3.15149223157165 471 1 1
100000 4 36267 3.13996389041526 472 1 1
100000 4 32020 3.14415972331394 473 1 1
100000 4 32656 3.1428257146 474 1 1
100000 4 32241 3.13410850283637 475 1 1
100000 4 31086 3.13681205790555 476 1 1
100000 4 38151 3.15025123253579 477 1 1
100000 4 35861 3.14688065455118 478 1 1
100000 4 37100 3.14425858382593 479 1 1
100000 4 34597 3.13956956501264 480 1 1
100000 4 38069 3.14050624960744 481 1 1
100000 4 36498 3.14420915279284 482 1 1
100000 4 37689 3.13897826257553 483 1 1
100000 4 37457 3.13976671533305 484 1 1
100000 4 36496 3.1280302793331 485 1 1
100000 4 36358 3.13695965869879 486 1 1
100000 4 37038 3.13710727338321 487 1 1
100000 4 36325 3.15208825847124 488 1 1
100000 4 32715 3.14134480971304 489 1 1
100000 4 37766 3.14361610160167 490 1 1
100000 4 36938 3.13661527845302 491 1 1
100000 4 38483 3.14925913678807 492 1 1
100000 4 34601 3.13784555524177 493 1 1
100000 4 36489 3.13917533863854 494 1 1
100000 4 38556 3.14678162908885 495 1 1
100000 4 38075 3.15183988653376 496 1 1
100000 4 36153 3.13415761678655 497 1 1
100000 4 37107 3.14129547025193 498 1 1
100000 4 33117 3.14386317907445 499 1 1
100000 4 37686 3.1319980581612 500 1 1
100000 4 37262 3.15089643003434 501 1 1
100000 4 36748 3.14470353307442 502 1 1
100000 4 36901 3.13809172642116 503 1 1
100000 4 37345 3.14030900640623 504 1 1
100000 4 36876 3.13897826257553 505 1 1
100000 4 36933 3.15104535929795 506 1 1
100000 4 33972 3.13715648136529 507 1 1
100000 4 33920 3.15611734444287 508 1 1
100000 4 36844 3.14331965989281 509 1 1
100000 4 31623 3.13430496787337 510 1 1
100000 4 36278 3.13401027955372 511 1 1
100000 4 34967 3.14628659524596 512 1 1
100000 4 35150 3.131556696834 513 1 1
100000 4 35498 3.13224331266053 514 1 1
100000 4 30602 3.14134480971304 515 1 1
100000 4 34258 3.14317146000314 516 1 1
100000 4 36256 3.14717776833624 517 1 1
100000 4 37391 3.15005276338379 518 1 1
100000 4 36197 3.14411029538916 519 1 1
100000 4 30631 3.14569276018811 520 1 1
100000 4 35840 3.13499278951658 521 1 1
100000 4 35897 3.14648459009172 522 1 1
100000 4 31101 3.13170380345427 523 1 1
100000 4 29473 3.13548427554636 524 1 1
100000 4 36541 3.14544539506794 525 1 1
100000 4 35576 3.13922461152095 526 1 1
100000 4 34554 3.14579171713041 527 1 1
100000 4 35152 3.13499278951658 528 1 1
100000 4 32573 3.15646602064329 529 1 1
100000 4 35618 3.13691045689101 530 1 1
100000 4 28466 3.13219425868792 531 1 1
100000 4 31750 3.14702920443102 532 1 1
100000 4 34949 3.1276878567519 533 1 1
100000 4 35254 3.1333228889237 534 1 1
100000 4 37071 3.14846590998536 535 1 1
100000 4 36071 3.139816006782 536 1 1
100000 4 32893 3.14841634657767 537 1 1
100000 4 35774 3.15377822631513 538 1 1
100000 4 35519 3.13435408798132 539 1 1
100000 4 31003 3.13676286072773 540 1 1
100000 4 36116 3.13538596601242 541 1 1
100000 4 30592 3.1406541982695 542 1 1
100000 4 35387 3.14920954840335 543 1 1
100000 4 34947 3.13548427554636 544 1 1
100000 4 34208 3.13971742543171 545 1 1
100000 4 36157 3.14896162990254 546 1 1
100000 4 32871 3.13087038196619 547 1 1
100000 4 35007 3.13632015556148 548 1 1
100000 4 30509 3.15035047649051 549 1 1
100000 4 36155 3.15333070555775 550 1 1
100000 4 29659 3.13991459432303 551 1 1
100000 4 36522 3.14262817994689 552 1 1
100000 4 35207 3.14455520266658 553 1 1
100000 4 31205 3.14584119793633 554 1 1
100000 4 33143 3.12387735657498 555 1 1
100000 4 36804 3.15064824587659 556 1 1
100000 4 35701 3.14262817994689 557 1 1
100000 4 29808 3.14806944641199 558 1 1
100000 4 36241 3.14223318512467 559 1 1
100000 4 36733 3.14228255404726 560 1 1
100000 4 30295 3.14693016961954 561 1 1
100000 4 31371 3.1380424890953 562 1 1
100000 4 31250 3.14732634626884 563 1 1
100000 4 33185 3.12573259357662 564 1 1
100000 4 35147 3.14742540601788 565 1 1
100000 4 31100 3.14693016961954 566 1 1
100000 4 36977 3.14223318512467 567 1 1
100000 4 30736 3.13932316192629 568 1 1
100000 4 32003 3.13755020080321 569 1 1
100000 4 24582 3.14663310258024 570 1 1
100000 4 22771 3.15253542661686 571 1 1
100000 4 20825 3.13543512000878 572 1 1
100000 4 25542 3.14519806884839 573 1 1
100000 4 25437 3.14267756128221 574 1 1
100000 4 25410 3.15179021684317 575 1 1
100000 4 25858 3.15497223624432 576 1 1
100000 4 25523 3.13666447100154 577 1 1
100000 4 25778 3.13715648136529 578 1 1
100000 4 25447 3.13356835095966 579 1 1
100000 4 25426 3.13474710427736 580 1 1
100000 4 25099 3.14331965989281 581 1 1
100000 4 25150 3.14129547025193 582 1 1
100000 4 25319 3.14727681873259 583 1 1
100000 4 21129 3.14475297965345 584 1 1
100000 4 25621 3.13700886205004 585 1 1
100000 4 21275 3.13268486756575 586 1 1
100000 4 25924 3.13705806694482 587 1 1
100000 4 24860 3.14777216425075 588 1 1
100000 4 20827 3.14218381775334 589 1 1
100000 4 26110 3.139816006782 590 1 1
100000 4 26086 3.15338042381433 591 1 1
100000 4 25215 3.13819020570837 592 1 1
100000 4 25697 3.13185092389602 593 1 1
100000 4 20698 3.14109812790552 594 1 1
100000 4 26648 3.13814096529216 595 1 1
100000 4 25881 3.13180188221293 596 1 1
100000 4 25848 3.13582840746954 597 1 1
100000 4 25405 3.1333228889237 598 1 1
100000 4 25918 3.14559380947138 599 1 1
100000 4 25185 3.1333228889237 600 1 1
100000 4 25926 3.14504969178513 601 1 1
100000 4 25863 3.14099946603009 602 1 1
100000 4 25397 3.1507475148479 603 1 1
100000 4 26337 3.15477317180895 604 1 1
100000 4 25223 3.13234142521535 605 1 1
100000 4 21596 3.15318156019424 606 1 1
100000 4 25096 3.1434184675835 607 1 1
100000 4 25432 3.1494575059446 608 1 1
100000 4 26505 3.12993943567192 609 1 1
100000 4 21428 3.14252942193171 610 1 1
100000 4 25206 3.15576874526635 611 1 1
100000 4 198448 3.15522110211873 612 1 1
100000 4 223695 3.12896009011405 613 1 1
100000 4 225204 3.13769787107199 614 1 1
100000 4 195067 3.13445233281615 615 1 1
100000 4 214033 3.14420915279284 616 1 1
100000 4 219190 3.13833793622897 617 1 1
100000 4 190733 3.13710727338321 618 1 1
100000 4 187597 3.15338042381433 619 1 1
100000 4 225008 3.13165476637855 620 1 1
100000 4 224192 3.14307266784008 621 1 1
100000 4 223849 3.1352385132699 622 1 1
100000 4 226129 3.14826766571694 623 1 1
100000 4 226285 3.12382856428839 624 1 1
100000 4 225003 3.13278300778497 625 1 1
100000 4 189225 3.15258511979823 626 1 1
100000 4 197872 3.15129360602527 627 1 1
100000 4 186803 3.13917533863854 628 1 1
100000 4 187884 3.13577924114142 629 1 1
100000 4 226257 3.13666447100154 630 1 1
100000 4 193876 3.14001318805539 631 1 1
100000 4 193300 3.14717776833624 632 1 1
100000 4 227636 3.13853493189379 633 1 1
100000 4 225600 3.14302327408734 634 1 1
100000 4 161138 3.13253766876547 635 1 1
100000 4 51278 3.12998841904285 636 1 1
100000 4 51838 3.14618760716702 637 1 1
100000 4 54628 3.14678162908885 638 1 1
100000 4 52122 3.13991459432303 639 1 1
100000 4 46617 3.14154218305766 640 1 1
100000 4 43603 3.12583029867309 641 1 1
100000 4 46331 3.12998841904285 642 1 1
100000 4 49342 3.13116448007014 643 1 1
100000 4 51387 3.13018436785927 644 1 1
100000 4 49623 3.15407664406245 645 1 1
100000 4 54883 3.14262817994689 646 1 1
100000 4 46282 3.13730411457435 647 1 1
100000 4 52201 3.14579171713041 648 1 1
100000 4 45317 3.13587757533946 649 1 1
100000 4 44313 3.14970550253551 650 1 1
100000 4 46883 3.15781163653588 651 1 1
100000 4 52888 3.14717776833624 652 1 1
100000 4 47381 3.15064824587659 653 1 1
100000 4 52735 3.13077236154159 654 1 1
100000 4 49692 3.1504001008128 655 1 1
100000 4 53301 3.13052733732997 656 1 1
100000 4 50585 3.13204710598847 657 1 1
100000 4 52392 3.15188955778989 658 1 1
100000 4 54468 3.15049935414763 659 1 1
100000 4 46231 3.15213793755615 660 1 1
100000 4 53658 3.14099946603009 661 1 1
100000 4 53730 3.14678162908885 662 1 1
100000 4 53855 3.14016109026393 663 1 1
100000 4 53572 3.15044972669849 664 1 1
100000 4 51764 3.14871375043295 665 1 1
100000 4 46488 3.12495117263793 666 1 1
100000 4 54211 3.14238129654652 667 1 1
100000 4 51191 3.124755878447 668 1 1
100000 4 53169 3.14440688625108 669 1 1
100000 4 45891 3.13312654698123 670 1 1
100000 4 45392 3.1379440190787 671 1 1
100000 4 54321 3.14169022934339 672 1 1
100000 4 52264 3.13622179360524 673 1 1
100000 4 53203 3.13563175140711 674 1 1
100000 4 46623 3.14183828958324 675 1 1
100000 4 48399 3.14297388188704 676 1 1
100000 4 48465 3.15372849551382 677 1 1
100000 4 49218 3.1266610386768 678 1 1
100000 4 47398 3.13656608744746 679 1 1
100000 4 46081 3.13504193118583 680 1 1
100000 4 45969 3.13484537375194 681 1 1
100000 4 42212 3.13577924114142 682 1 1
100000 4 42308 3.13528766264305 683 1 1
100000 4 39871 3.1496062992126 684 1 1
100000 4 45076 3.14070351758794 685 1 1
100000 4 46171 3.13469797185041 686 1 1
100000 4 41804 3.14119679597927 687 1 1
100000 4 48767 3.14559380947138 688 1 1
100000 4 48575 3.14361610160167 689 1 1
100000 4 46250 3.14361610160167 690 1 1
100000 4 40938 3.15442486948567 691 1 1
100000 4 48647 3.12915591019323 692 1 1
100000 4 45867 3.13986529977864 693 1 1
100000 4 47962 3.13548427554636 694 1 1
100000 4 43660 3.13932316192629 695 1 1
100000 4 41821 3.13961885027158 696 1 1
100000 4 45255 3.13961885027158 697 1 1
100000 4 48098 3.14534645991256 698 1 1
100000 4 46487 3.15821055789789 699 1 1
100000 4 48682 3.14534645991256 700 1 1
100000 4 43503 3.13371564664222 701 1 1
100000 4 48777 3.13917533863854 702 1 1
100000 4 43302 3.13435408798132 703 1 1
100000 4 42651 3.14856504148234 704 1 1
100000 4 46647 3.13445233281615 705 1 1
100000 4 48914 3.14035831488373 706 1 1
100000 4 43246 3.14440688625108 707 1 1
100000 4 46793 3.13976671533305 708 1 1
100000 4 45216 3.13848568065908 709 1 1
100000 4 47904 3.14529699466872 710 1 1
100000 4 39006 3.14886247343147 711 1 1
100000 4 48964 3.15228698420704 712 1 1
100000 4 46505 3.13136057617035 713 1 1
100000 4 46623 3.14139415072409 714 1 1
100000 4 50025 3.14683114104097 715 1 1
100000 4 46668 3.13705806694482 716 1 1
100000 4 49081 3.15109500551442 717 1 1
100000 4 42437 3.13131154984265 718 1 1
100000 4 46119 3.15492246778035 719 1 1
100000 4 44382 3.14524753098069 720 1 1
100000 4 46042 3.14425858382593 721 1 1
100000 4 40886 3.14485187747657 722 1 1
100000 4 38242 3.1352385132699 723 1 1
100000 4 45906 3.13996389041526 724 1 1
100000 4 42651 3.15228698420704 725 1 1
100000 4 43730 3.13627097381214 726 1 1
100000 4 41863 3.14841634657767 727 1 1
100000 4 37953 3.14539592671228 728 1 1
100000 4 46076 3.13239048379771 729 1 1
100000 4 45138 3.14218381775334 730 1 1
100000 4 41239 3.14129547025193 731 1 1
100000 4 44301 3.14579171713041 732 1 1
100000 4 39148 3.14529699466872 733 1 1
100000 4 44776 3.14683114104097 734 1 1
100000 4 37391 3.1507475148479 735 1 1
100000 4 40929 3.15517132580299 736 1 1
100000 4 39118 3.13833793622897 737 1 1
100000 4 44399 3.13381385145722 738 1 1
100000 4 44759 3.14925913678807 739 1 1
100000 4 43981 3.14346787375833 740 1 1
100000 4 43181 3.14851547495356 741 1 1
100000 4 45750 3.14351728148625 742 1 1
100000 4 44699 3.14752447200277 743 1 1
100000 4 44003 3.14381376047283 744 1 1
100000 4 46894 3.15736297044708 745 1 1
100000 4 45798 3.13922461152095 746 1 1
100000 4 45353 3.14193700416307 747 1 1
100000 4 44427 3.1276878567519 748 1 1
100000 4 38402 3.14608862531658 749 1 1
100000 4 43354 3.12944968627267 750 1 1
100000 4 46982 3.15164121716384 751 1 1
100000 4 40518 3.1306743472544 752 1 1
100000 4 43757 3.14965590009291 753 1 1
100000 4 46777 3.14480242778747 754 1 1
100000 4 38854 3.1380424890953 755 1 1
100000 4 45088 3.13991459432303 756 1 1
100000 4 44951 3.15094607155799 757 1 1
100000 4 43265 3.13784555524177 758 1 1
100000 4 45944 3.15925820617319 759 1 1
100000 4 46638 3.15099571464583 760 1 1
100000 4 39268 3.14208508766417 761 1 1
100000 4 37746 3.13661527845302 762 1 1
100000 4 47153 3.14060488049998 763 1 1
100000 4 42721 3.13912606730286 764 1 1
100000 4 43830 3.14589068029886 765 1 1
100000 4 43175 3.13351925547583 766 1 1
100000 4 40834 3.12656328164082 767 1 1
100000 4 42364 3.13293022964379 768 1 1
100000 4 38206 3.1412461323407 769 1 1
100000 4 42095 3.14085148483754 770 1 1
100000 4 36351 3.15352958799136 771 1 1
100000 4 41708 3.12925382942437 772 1 1
100000 4 38836 3.15323127374777 773 1 1
100000 4 41755 3.14613811546327 774 1 1
100000 4 42484 3.13799325331451 775 1 1
100000 4 42565 3.14307266784008 776 1 1
100000 4 42089 3.14272694416946 777 1 1
100000 4 44082 3.13646771006492 778 1 1
100000 4 38159 3.13622179360524 779 1 1
100000 4 38388 3.1434184675835 780 1 1
100000 4 44444 3.1428257146 781 1 1
100000 4 40839 3.14871375043295 782 1 1
100000 4 42131 3.14095013741657 783 1 1
100000 4 42305 3.14470353307442 784 1 1
100000 4 38645 3.14717776833624 785 1 1
100000 4 41149 3.14608862531658 786 1 1
100000 4 44946 3.1402103940964 787 1 1
100000 4 41948 3.14618760716702 788 1 1
100000 4 41034 3.14569276018811 789 1 1
100000 4 40051 3.13661527845302 790 1 1
100000 4 37191 3.13361744798195 791 1 1
100000 4 39635 3.14460464458106 792 1 1
100000 4 43558 3.14386317907445 793 1 1
100000 4 35351 3.13538596601242 794 1 1
100000 4 44177 3.14519806884839 795 1 1
100000 4 41876 3.15811081810861 796 1 1
100000 4 42784 3.1501023783273 797 1 1
100000 4 37416 3.14445632350167 798 1 1
100000 4 43036 3.14569276018811 799 1 1
100000 4 41176 3.13548427554636 800 1 1
100000 4 42788 3.14233192452119 801 1 1
100000 4 42208 3.14248004525171 802 1 1
100000 4 37538 3.14075283845538 803 1 1
100000 4 43157 3.12226801548645 804 1 1
100000 4 39134 3.14415972331394 805 1 1
100000 4 43519 3.13170380345427 806 1 1
100000 4 41897 3.15811081810861 807 1 1
100000 4 44539 3.13750098046906 808 1 1
100000 4 42621 3.15930811152358 809 1 1
100000 4 40606 3.14955669989449 810 1 1
100000 4 43876 3.13504193118583 811 1 1
100000 4 41568 3.13047833708991 812 1 1
100000 4 40885 3.14475297965345 813 1 1
100000 4 42667 3.1382886911767 814 1 1
100000 4 35635 3.15218761820704 815 1 1
100000 4 36703 3.1513432600646 816 1 1
100000 4 42052 3.14307266784008 817 1 1
100000 4 37595 3.14613811546327 818 1 1
100000 4 42032 3.14801989548574 819 1 1
100000 4 40470 3.15487270088652 820 1 1
100000 4 40000 3.14455520266658 821 1 1
100000 4 34066 3.139816006782 822 1 1
100000 4 41797 3.14995353818531 823 1 1
100000 4 40228 3.14099946603009 824 1 1
100000 4 40680 3.1328320802005 825 1 1
100000 4 36763 3.13062534241215 826 1 1
100000 4 41243 3.14139415072409 827 1 1
100000 4 40060 3.15069787958033 828 1 1
100000 4 42549 3.14401144420166 829 1 1
100000 4 41446 3.13671366509308 830 1 1
100000 4 35390 3.13769787107199 831 1 1
100000 4 41594 3.14623710042789 832 1 1
100000 4 41851 3.1380424890953 833 1 1
100000 4 42358 3.13646771006492 834 1 1
100000 4 38645 3.13819020570837 835 1 1
100000 4 35769 3.12944968627267 836 1 1
100000 4 35839 3.12896009011405 837 1 1
100000 4 36134 3.14579171713041 838 1 1
100000 4 40362 3.14188764609778 839 1 1
100000 4 39912 3.14267756128221 840 1 1
100000 4 36817 3.14881289753763 841 1 1
100000 4 37820 3.14188764609778 842 1 1
100000 4 41947 3.131556696834 843 1 1
100000 4 42817 3.12695434646654 844 1 1
100000 4 39305 3.13297930667168 845 1 1
100000 4 39433 3.138879733823 846 1 1
100000 4 38371 3.13307746534033 847 1 1
100000 4 34155 3.13386295617293 848 1 1
100000 4 41682 3.12641665754795 849 1 1
100000 4 42146 3.14351728148625 850 1 1
100000 4 40270 3.13868269487296 851 1 1
100000 4 41086 3.131556696834 852 1 1
100000 4 42162 3.1400624872435 853 1 1
100000 4 40863 3.13342106912327 854 1 1
100000 4 36203 3.13430496787337 855 1 1
100000 4 42646 3.14025969947715 856 1 1
100000 4 40424 3.14169022934339 857 1 1
100000 4 34634 3.13587757533946 858 1 1
100000 4 43007 3.14267756128221 859 1 1
100000 4 39537 3.14628659524596 860 1 1
100000 4 39714 3.14307266784008 861 1 1
100000 4 36237 3.12714991556695 862 1 1
100000 4 35857 3.13361744798195 863 1 1
100000 4 37823 3.14757400733385 864 1 1
100000 4 32130 3.14811899889816 865 1 1
100000 4 35576 3.13853493189379 866 1 1
100000 4 39498 3.14203572494619 867 1 1
100000 4 40334 3.14109812790552 868 1 1
100000 4 39793 3.13302838523717 869 1 1
100000 4 37181 3.14504969178513 870 1 1
100000 4 39988 3.15372849551382 871 1 1
100000 4 37847 3.13666447100154 872 1 1
100000 4 38818 3.14975510654047 873 1 1
100000 4 35155 3.14485187747657 874 1 1
100000 4 38651 3.12984147352937 875 1 1
100000 4 34665 3.13691045689101 876 1 1
100000 4 40581 3.14169022934339 877 1 1
100000 4 36843 3.13843643097009 878 1 1
100000 4 33322 3.1434184675835 879 1 1
100000 4 40437 3.1349436493879 880 1 1
100000 4 35243 3.12964556763946 881 1 1
100000 4 37980 3.15049935414763 882 1 1
100000 4 38993 3.13873195229127 883 1 1
100000 4 38300 3.13823944766986 884 1 1
100000 4 39053 3.14420915279284 885 1 1
100000 4 39240 3.13459971161683 886 1 1
100000 4 36661 3.14549486497963 887 1 1
100000 4 38825 3.1379440190787 888 1 1
100000 4 40349 3.13843643097009 889 1 1
100000 4 39802 3.13971742543171 890 1 1
100000 4 37643 3.14648459009172 891 1 1
100000 4 39105 3.15035047649051 892 1 1
100000 4 39015 3.15318156019424 893 1 1
100000 4 38241 3.14327025837682 894 1 1
100000 4 39726 3.15129360602527 895 1 1
100000 4 38977 3.14782170737849 896 1 1
100000 4 39477 3.14598964969405 897 1 1
100000 4 32253 3.12763894536015 898 1 1
100000 4 39629 3.14707872417429 899 1 1
100000 4 39141 3.13033134557293 900 1 1
100000 4 39529 3.12051426075017 901 1 1
100000 4 32768 3.1421344519332 902 1 1
100000 4 40317 3.14851547495356 903 1 1
100000 4 35393 3.15452437658712 904 1 1
100000 4 38384 3.13504193118583 905 1 1
100000 4 38227 3.14164087903112 906 1 1
100000 4 40417 3.14055556427932 907 1 1
100000 4 32490 3.13597591570497 908 1 1
100000 4 34137 3.13917533863854 909 1 1
100000 4 40105 3.14633609162131 910 1 1
100000 4 35999 3.14391259922974 911 1 1
100000 4 32996 3.14164087903112 912 1 1
100000 4 34967 3.14579171713041 913 1 1
100000 4 37284 3.14070351758794 914 1 1
100000 4 39270 3.14095013741657 915 1 1
100000 4 32077 3.13932316192629 916 1 1
100000 4 34686 3.138879733823 917 1 1
100000 4 37042 3.14257880016341 918 1 1
100000 4 36541 3.13971742543171 919 1 1
100000 4 39371 3.1364185236878 920 1 1
100000 4 36994 3.14460464458106 921 1 1
100000 4 35962 3.14851547495356 922 1 1
100000 4 37910 3.14514860827174 923 1 1
100000 4 37376 3.14722729275508 924 1 1
100000 4 37709 3.13234142521535 925 1 1
100000 4 38504 3.15129360602527 926 1 1
100000 4 36838 3.13907679751385 927 1 1
100000 4 37377 3.14841634657767 928 1 1
100000 4 30155 3.14534645991256 929 1 1
100000 4 34614 3.1501023783273 930 1 1
100000 4 33431 3.14139415072409 931 1 1
100000 4 38026 3.13819020570837 932 1 1
100000 4 32968 3.13873195229127 933 1 1
100000 4 37304 3.14050624960744 934 1 1
100000 4 32261 3.14801989548574 935 1 1
100000 4 38471 3.14732634626884 936 1 1
100000 4 37135 3.12563489458796 937 1 1
100000 4 36852 3.15741281593862 938 1 1
100000 4 37181 3.14262817994689 939 1 1
100000 4 34543 3.14440688625108 940 1 1
100000 4 36814 3.14589068029886 941 1 1
100000 4 38528 3.14361610160167 942 1 1
100000 4 36499 3.1377963256405 943 1 1
100000 4 37261 3.15193923061163 944 1 1
100000 4 32575 3.14995353818531 945 1 1
100000 4 38802 3.13563175140711 946 1 1
100000 4 36527 3.13258673349518 947 1 1
100000 4 38502 3.1377963256405 948 1 1
100000 4 32560 3.12763894536015 949 1 1
100000 4 37767 3.13838718282675 950 1 1
100000 4 32029 3.1324886055727 951 1 1
100000 4 34076 3.13814096529216 952 1 1
100000 4 37615 3.13003740394698 953 1 1
100000 4 36633 3.1324886055727 954 1 1
100000 4 36716 3.1382886911767 955 1 1
100000 4 37202 3.14159153026923 956 1 1
100000 4 36124 3.1317528420657 957 1 1
100000 4 38773 3.15089643003434 958 1 1
100000 4 38114 3.14598964969405 959 1 1
100000 4 35756 3.1382886911767 960 1 1
100000 4 37900 3.15412638584428 961 1 1
100000 4 37429 3.12891113892365 962 1 1
100000 4 34366 3.14356669076734 963 1 1
100000 4 32420 3.13991459432303 964 1 1
100000 4 34927 3.1501023783273 965 1 1
100000 4 32595 3.13695965869879 966 1 1
100000 4 34067 3.14139415072409 967 1 1
100000 4 36988 3.14154218305766 968 1 1
100000 4 36647 3.1474749382308 969 1 1
100000 4 36433 3.14243067012334 970 1 1
100000 4 37956 3.13912606730286 971 1 1
100000 4 31912 3.14995353818531 972 1 1
100000 4 35683 3.13455058381005 973 1 1
100000 4 31567 3.15218761820704 974 1 1
100000 4 35617 3.14707872417429 975 1 1
100000 4 31423 3.14154218305766 976 1 1
100000 4 35946 3.13784555524177 977 1 1
100000 4 31820 3.14287510214344 978 1 1
100000 4 31008 3.13455058381005 979 1 1
100000 4 37014 3.1319980581612 980 1 1
100000 4 35248 3.14792079831271 981 1 1
100000 4 36410 3.14406086901842 982 1 1
100000 4 35676 3.13499278951658 983 1 1
100000 4 36286 3.1339611702211 984 1 1
100000 4 37121 3.15179021684317 985 1 1
100000 4 36229 3.14272694416946 986 1 1
100000 4 35807 3.14757400733385 987 1 1
100000 4 34875 3.13322471487655 988 1 1
100000 4 35874 3.14767308267363 989 1 1
100000 4 29746 3.15447462225166 990 1 1
100000 4 35186 3.14475297965345 991 1 1
100000 4 36847 3.13952028130102 992 1 1
100000 4 36431 3.14045693648426 993 1 1
100000 4 34508 3.13489451079971 994 1 1
100000 4 31150 3.13819020570837 995 1 1
100000 4 37322 3.14297388188704 996 1 1
100000 4 31910 3.14851547495356 997 1 1
100000 4 35094 3.1562667676672 998 1 1
100000 4 36473 3.13907679751385 999 1 1
100000 4 35383 3.15407664406245 1000 1 1
