1000 1 1064 3.05810397553517 1 1 1
1000 1 1567 3.18979266347687 1 1 1
1000 1 1442 3.13479623824451 2 1 1
1000 1 1425 3.16957210776545 3 1 1
1000 1 1574 3.09119010819165 4 1 1
1000 1 1441 3.25732899022801 5 1 1
1000 1 1473 3.2 6 1 1
1000 1 1436 3.11526479750779 7 1 1
1000 1 1458 3.0441400304414 8 1 1
1000 1 1582 3.14465408805031 9 1 1
1000 1 1455 3.2258064516129 10 1 1
1000 1 1454 3.21543408360129 11 1 1
1000 1 1450 3.03951367781155 12 1 1
1000 1 3540 3.18979266347687 13 1 1
1000 1 2447 3.18979266347687 14 1 1
1000 1 1487 3.03030303030303 15 1 1
1000 1 1494 3.21543408360129 16 1 1
1000 1 1627 3.21027287319422 17 1 1
1000 1 1680 3.1201248049922 18 1 1
1000 1 1519 3.11526479750779 19 1 1
1000 1 1506 3.1496062992126 20 1 1
1000 1 1521 3.00751879699248 21 1 1
1000 1 1476 3.27332242225859 22 1 1
1000 1 1473 3.19488817891374 23 1 1
1000 1 1724 3.003003003003 24 1 1
1000 1 1441 3.05810397553517 25 1 1
1000 1 1464 3.1496062992126 26 1 1
1000 1 1454 3.1201248049922 27 1 1
1000 1 1441 3.13971742543171 28 1 1
1000 1 1447 3.17965023847377 29 1 1
1000 1 1460 3.13479623824451 30 1 1
1000 1 1457 3.30578512396694 31 1 1
1000 1 1446 3.14465408805031 32 1 1
1000 1 1478 3.13971742543171 33 1 1
1000 1 1447 3.19488817891374 34 1 1
1000 1 1442 3.00751879699248 35 1 1
1000 1 1423 2.94985250737463 36 1 1
1000 1 1470 3.2 37 1 1
1000 1 1765 3.13479623824451 38 1 1
1000 1 1462 3.2 39 1 1
1000 1 1463 3.07219662058372 40 1 1
1000 1 1506 3.08166409861325 41 1 1
1000 1 1448 3.13479623824451 42 1 1
1000 1 1519 3.35570469798658 43 1 1
1000 1 1686 2.97619047619048 44 1 1
1000 1 1888 3.18471337579618 45 1 1
1000 1 1465 3.16455696202532 46 1 1
1000 1 1449 3.3112582781457 47 1 1
1000 1 1590 3.02571860816944 48 1 1
1000 1 1517 3.10077519379845 49 1 1
1000 1 1552 3.15955766192733 50 1 1
1000 1 1897 3.1201248049922 51 1 1
1000 1 1472 3.2 52 1 1
1000 1 1497 3.2520325203252 53 1 1
1000 1 1493 3.12989045383412 54 1 1
1000 1 1492 3.28407224958949 55 1 1
1000 1 1534 3.11526479750779 56 1 1
1000 1 1492 3.13971742543171 57 1 1
1000 1 1494 3.16957210776545 58 1 1
1000 1 1539 3.23101777059774 59 1 1
1000 1 1541 3.2258064516129 60 1 1
1000 1 1605 3.24675324675325 61 1 1
1000 1 1493 3.09119010819165 62 1 1
1000 1 1681 3.20512820512821 63 1 1
1000 1 1684 3.11526479750779 64 1 1
1000 1 1512 3.09597523219814 65 1 1
1000 1 1501 3.1496062992126 66 1 1
1000 1 1498 3.06748466257669 67 1 1
1000 1 1619 3.18979266347687 68 1 1
1000 1 2189 3.125 69 1 1
1000 1 1732 3.28947368421053 70 1 1
1000 1 1560 3.125 71 1 1
1000 1 1522 3.22061191626409 72 1 1
1000 1 1528 3.32778702163062 73 1 1
1000 1 2120 3.2626427406199 74 1 1
1000 1 1524 2.97176820208024 75 1 1
1000 1 1537 3.10077519379845 76 1 1
1000 1 1817 3.2626427406199 77 1 1
1000 1 1708 3.16957210776545 78 1 1
1000 1 2123 3.17460317460317 79 1 1
1000 1 1515 3.20512820512821 80 1 1
1000 1 1535 3.08641975308642 81 1 1
1000 1 1556 3.18471337579618 82 1 1
1000 1 1656 3.09119010819165 83 1 1
1000 1 1667 3.1104199066874 84 1 1
1000 1 1494 3.26797385620915 85 1 1
1000 1 1481 3.14465408805031 86 1 1
1000 1 1493 3.125 87 1 1
1000 1 1491 3.17460317460317 88 1 1
1000 1 1482 3.13971742543171 89 1 1
1000 1 1476 3.22061191626409 90 1 1
1000 1 1500 3.18471337579618 91 1 1
1000 1 1476 3.08641975308642 92 1 1
1000 1 1496 3.27868852459016 93 1 1
1000 1 1512 3.14465408805031 94 1 1
1000 1 1515 3.16957210776545 95 1 1
1000 1 1776 3.1055900621118 96 1 1
1000 1 1527 3.08641975308642 97 1 1
1000 1 1509 3.16455696202532 98 1 1
1000 1 1510 3.03030303030303 99 1 1
1000 1 1483 3.1496062992126 100 1 1
1000 1 1478 3.12989045383412 101 1 1
1000 1 1491 3.07692307692308 102 1 1
1000 1 1511 3.06278713629403 103 1 1
1000 1 1561 3.14465408805031 104 1 1
1000 1 1515 3.125 105 1 1
1000 1 1564 3.1201248049922 106 1 1
1000 1 1507 3.1201248049922 107 1 1
1000 1 1486 3.19488817891374 108 1 1
1000 1 1524 3.08641975308642 109 1 1
1000 1 1551 3.00751879699248 110 1 1
1000 1 1551 3.3500837520938 111 1 1
1000 1 1563 3.1055900621118 112 1 1
1000 1 1667 3.30578512396694 113 1 1
1000 1 1580 3.20512820512821 114 1 1
1000 1 1625 3.01204819277108 115 1 1
1000 1 1598 3.3003300330033 116 1 1
1000 1 1559 3.14465408805031 117 1 1
1000 1 1576 3.25732899022801 118 1 1
1000 1 1585 3.01204819277108 119 1 1
1000 1 1645 3.1201248049922 120 1 1
1000 1 1578 3.24149108589951 121 1 1
1000 1 1592 3.125 122 1 1
1000 1 1575 3.21543408360129 123 1 1
1000 1 1578 3.15457413249211 124 1 1
1000 1 1558 3.10077519379845 125 1 1
1000 1 1559 3.12989045383412 126 1 1
1000 1 1578 3.03030303030303 127 1 1
1000 1 1548 3.01659125188537 128 1 1
1000 1 1559 3.16455696202532 129 1 1
1000 1 1570 3.1496062992126 130 1 1
1000 1 1555 3.15457413249211 131 1 1
1000 1 1546 3.25732899022801 132 1 1
1000 1 1565 3.12989045383412 133 1 1
1000 1 1605 3.27332242225859 134 1 1
1000 1 1629 3.24149108589951 135 1 1
1000 1 1633 3.11526479750779 136 1 1
1000 1 1606 3.03951367781155 137 1 1
1000 1 1757 3.1496062992126 138 1 1
1000 1 1758 3.1201248049922 139 1 1
1000 1 1595 3.24675324675325 140 1 1
1000 1 2222 3.13479623824451 141 1 1
1000 1 1598 3.1201248049922 142 1 1
1000 1 1728 3.08641975308642 143 1 1
1000 1 1668 3.07219662058372 144 1 1
1000 1 1639 3.09119010819165 145 1 1
1000 1 2012 3.23101777059774 146 1 1
1000 1 1540 3.13971742543171 147 1 1
1000 1 1558 3.09119010819165 148 1 1
1000 1 1551 3.13971742543171 149 1 1
1000 1 2569 3.07219662058372 150 1 1
1000 1 1599 3.09597523219814 151 1 1
1000 1 1796 3.07219662058372 152 1 1
1000 1 1592 3.15457413249211 153 1 1
1000 1 1542 3.1104199066874 154 1 1
1000 1 1711 3.15955766192733 155 1 1
1000 1 1546 3.21543408360129 156 1 1
1000 1 1699 3.27868852459016 157 1 1
1000 1 1576 3.15955766192733 158 1 1
1000 1 1540 3.18979266347687 159 1 1
1000 1 1547 3.21027287319422 160 1 1
1000 1 1533 3.1104199066874 161 1 1
1000 1 1551 3.07692307692308 162 1 1
1000 1 1566 3.1055900621118 163 1 1
1000 1 1524 3.12989045383412 164 1 1
1000 1 1579 3.05343511450382 165 1 1
1000 1 1527 3.18471337579618 166 1 1
1000 1 1534 3.18471337579618 167 1 1
1000 1 1592 3.16455696202532 168 1 1
1000 1 1584 3.2 169 1 1
1000 1 1606 3.08166409861325 170 1 1
1000 1 1580 3.20512820512821 171 1 1
1000 1 1560 3.3003300330033 172 1 1
1000 1 1592 3.18979266347687 173 1 1
1000 1 1580 3.27332242225859 174 1 1
1000 1 1551 3.03490136570561 175 1 1
1000 1 1544 3.27332242225859 176 1 1
1000 1 1549 3.03490136570561 177 1 1
1000 1 1531 3.16455696202532 178 1 1
1000 1 1544 3.15457413249211 179 1 1
1000 1 1570 3.13479623824451 180 1 1
1000 1 1557 3.05810397553517 181 1 1
1000 1 1542 3.14465408805031 182 1 1
1000 1 1567 3.03951367781155 183 1 1
1000 1 1557 3.16957210776545 184 1 1
1000 1 1582 3.24149108589951 185 1 1
1000 1 1563 3.24149108589951 186 1 1
1000 1 1574 3.01204819277108 187 1 1
1000 1 1609 3.18471337579618 188 1 1
1000 1 1605 3.15955766192733 189 1 1
1000 1 1589 3.09597523219814 190 1 1
1000 1 1596 3.03490136570561 191 1 1
1000 1 1581 3.16455696202532 192 1 1
1000 1 1566 3.09119010819165 193 1 1
1000 1 1569 3.1496062992126 194 1 1
1000 1 1560 3.18471337579618 195 1 1
1000 1 1556 3.13971742543171 196 1 1
1000 1 1586 3.21543408360129 197 1 1
1000 1 1544 3.23101777059774 198 1 1
1000 1 1621 3.1104199066874 199 1 1
1000 1 1568 3.13479623824451 200 1 1
1000 1 1562 3.125 201 1 1
1000 1 1564 3.12989045383412 202 1 1
1000 1 1545 3.09597523219814 203 1 1
1000 1 1581 3.09597523219814 204 1 1
1000 1 1546 3.2520325203252 205 1 1
1000 1 1569 3.125 206 1 1
1000 1 1583 3.2 207 1 1
1000 1 1591 3.12989045383412 208 1 1
1000 1 1688 3.04878048780488 209 1 1
1000 1 1643 3.05343511450382 210 1 1
1000 1 1634 3.14465408805031 211 1 1
1000 1 1597 3.1055900621118 212 1 1
1000 1 1607 3.09119010819165 213 1 1
1000 1 1677 3.3112582781457 214 1 1
1000 1 1642 3.20512820512821 215 1 1
1000 1 1616 2.97176820208024 216 1 1
1000 1 1624 3.06278713629403 217 1 1
1000 1 1596 3.12989045383412 218 1 1
1000 1 1615 3.15457413249211 219 1 1
1000 1 1609 3.08166409861325 220 1 1
1000 1 1619 3.1104199066874 221 1 1
1000 1 1593 3.08641975308642 222 1 1
1000 1 1601 3.03030303030303 223 1 1
1000 1 1623 3.1496062992126 224 1 1
1000 1 1621 3.1055900621118 225 1 1
1000 1 1652 3.05810397553517 226 1 1
1000 1 1633 3.0441400304414 227 1 1
1000 1 1660 3.3167495854063 228 1 1
1000 1 1630 3.2258064516129 229 1 1
1000 1 1647 3.1104199066874 230 1 1
1000 1 1656 3.14465408805031 231 1 1
1000 1 1663 3.2 232 1 1
1000 1 1902 3.21027287319422 233 1 1
1000 1 1699 3.16957210776545 234 1 1
1000 1 1645 3.10077519379845 235 1 1
1000 1 1614 3.12989045383412 236 1 1
1000 1 1640 3.23624595469256 237 1 1
1000 1 1855 3.15457413249211 238 1 1
1000 1 1873 3.08166409861325 239 1 1
1000 1 1780 3.23101777059774 240 1 1
1000 1 1657 3.09597523219814 241 1 1
1000 1 1706 2.9806259314456 242 1 1
1000 1 1618 3.0441400304414 243 1 1
1000 1 1673 3.14465408805031 244 1 1
1000 1 2029 3.06748466257669 245 1 1
1000 1 1713 3.23624595469256 246 1 1
1000 1 1797 3.24675324675325 247 1 1
1000 1 1653 3.1055900621118 248 1 1
1000 1 1637 3.16957210776545 249 1 1
1000 1 1644 3.09597523219814 250 1 1
1000 1 1606 3.19488817891374 251 1 1
1000 1 1672 3.07692307692308 252 1 1
1000 1 1610 3.2520325203252 253 1 1
1000 1 1613 3.1201248049922 254 1 1
1000 1 1631 3.12989045383412 255 1 1
1000 1 1616 3.28947368421053 256 1 1
1000 1 1641 3.18979266347687 257 1 1
1000 1 1606 3.23624595469256 258 1 1
1000 1 1606 3.1201248049922 259 1 1
1000 1 1630 2.9806259314456 260 1 1
1000 1 1602 3.15955766192733 261 1 1
1000 1 1657 3.05343511450382 262 1 1
1000 1 1637 3.22061191626409 263 1 1
1000 1 1855 3.21027287319422 264 1 1
1000 1 1656 3.08166409861325 265 1 1
1000 1 1600 3.09119010819165 266 1 1
1000 1 1605 3.16455696202532 267 1 1
1000 1 1627 3.09597523219814 268 1 1
1000 1 1624 3.17965023847377 269 1 1
1000 1 1619 3.09119010819165 270 1 1
1000 1 1607 3.07219662058372 271 1 1
1000 1 1607 3.14465408805031 272 1 1
1000 1 1615 3.11526479750779 273 1 1
1000 1 1602 3.12989045383412 274 1 1
1000 1 1609 3.2520325203252 275 1 1
1000 1 1596 3.09119010819165 276 1 1
1000 1 1626 3.15955766192733 277 1 1
1000 1 1615 3.26797385620915 278 1 1
1000 1 1633 3.19488817891374 279 1 1
1000 1 1604 3.08166409861325 280 1 1
1000 1 1625 3.23624595469256 281 1 1
1000 1 2478 3.18979266347687 282 1 1
1000 1 1720 3.05343511450382 283 1 1
1000 1 1662 3.08641975308642 284 1 1
1000 1 1647 3.10077519379845 285 1 1
1000 1 1579 3.18979266347687 286 1 1
1000 1 1630 3.1496062992126 287 1 1
1000 1 1623 3.27868852459016 288 1 1
1000 1 1606 3.18471337579618 289 1 1
1000 1 1669 3.15457413249211 290 1 1
1000 1 1643 3.13479623824451 291 1 1
1000 1 1660 3.18979266347687 292 1 1
1000 1 2054 3.2520325203252 293 1 1
1000 1 1665 3.1055900621118 294 1 1
1000 1 1614 3.1104199066874 295 1 1
1000 1 1646 3.17460317460317 296 1 1
1000 1 1626 3.13971742543171 297 1 1
1000 1 1683 3.15457413249211 298 1 1
1000 1 1913 3.11526479750779 299 1 1
1000 1 1666 3.2258064516129 300 1 1
1000 1 1685 3.1496062992126 301 1 1
1000 1 1911 3.16455696202532 302 1 1
1000 1 1742 3.18471337579618 303 1 1
1000 1 2327 3.1201248049922 304 1 1
1000 1 1646 3.06748466257669 305 1 1
1000 1 1984 3.003003003003 306 1 1
1000 1 1620 3.0441400304414 307 1 1
1000 1 1633 3.2 308 1 1
1000 1 1630 3.2 309 1 1
1000 1 1631 3.04878048780488 310 1 1
1000 1 1644 3.23101777059774 311 1 1
1000 1 1814 3.17460317460317 312 1 1
1000 1 1607 3.1104199066874 313 1 1
1000 1 1648 3.1201248049922 314 1 1
1000 1 4160 3.21543408360129 315 1 1
1000 1 3871 3.14465408805031 316 1 1
1000 1 1648 3.23624595469256 317 1 1
1000 1 1630 3.15457413249211 318 1 1
1000 1 1608 3.03490136570561 319 1 1
1000 1 1609 3.16957210776545 320 1 1
1000 1 1612 3.20512820512821 321 1 1
1000 1 1636 3.21027287319422 322 1 1
1000 1 1615 3.13971742543171 323 1 1
1000 1 1596 3.1055900621118 324 1 1
1000 1 1615 3.1201248049922 325 1 1
1000 1 1607 3.18471337579618 326 1 1
1000 1 1640 3.23101777059774 327 1 1
1000 1 1638 3.09597523219814 328 1 1
1000 1 1616 3.09119010819165 329 1 1
1000 1 1618 3.08641975308642 330 1 1
1000 1 1653 3.07219662058372 331 1 1
1000 1 1638 3.59712230215827 332 1 1
1000 1 1651 3.17460317460317 333 1 1
1000 1 1676 3.04878048780488 334 1 1
1000 1 1636 3.1104199066874 335 1 1
1000 1 1627 3.16957210776545 336 1 1
1000 1 1592 3.27868852459016 337 1 1
1000 1 1610 3.21027287319422 338 1 1
1000 1 1622 3.24149108589951 339 1 1
1000 1 1616 3.10077519379845 340 1 1
1000 1 1663 3.08166409861325 341 1 1
1000 1 1625 3.15457413249211 342 1 1
1000 1 1620 3.21027287319422 343 1 1
1000 1 1616 3.09119010819165 344 1 1
1000 1 1614 3.20512820512821 345 1 1
1000 1 1612 3.09597523219814 346 1 1
1000 1 1608 3.21543408360129 347 1 1
1000 1 1613 3.35570469798658 348 1 1
1000 1 1648 3.03490136570561 349 1 1
1000 1 1626 3.23101777059774 350 1 1
1000 1 1674 3.21543408360129 351 1 1
1000 1 1687 3.08641975308642 352 1 1
1000 1 1667 3.25732899022801 353 1 1
1000 1 1629 3.1201248049922 354 1 1
1000 1 1623 3.24149108589951 355 1 1
1000 1 1653 3.10077519379845 356 1 1
1000 1 1599 3.16455696202532 357 1 1
1000 1 2793 3.06748466257669 358 1 1
1000 1 1641 3.07692307692308 359 1 1
1000 1 1674 3.03030303030303 360 1 1
1000 1 1624 3.07219662058372 361 1 1
1000 1 1625 3.13971742543171 362 1 1
1000 1 1855 3.1496062992126 363 1 1
1000 1 1976 3.2 364 1 1
1000 1 1611 3.125 365 1 1
1000 1 1655 3.11526479750779 366 1 1
1000 1 1658 3.1496062992126 367 1 1
1000 1 1687 3.16957210776545 368 1 1
1000 1 1707 3.01204819277108 369 1 1
1000 1 4499 3.06748466257669 370 1 1
1000 1 1766 3.22061191626409 371 1 1
1000 1 1621 3.23101777059774 372 1 1
1000 1 1605 3.15457413249211 373 1 1
1000 1 1634 3.16455696202532 374 1 1
1000 1 1622 3.14465408805031 375 1 1
1000 1 1624 3.12989045383412 376 1 1
1000 1 1597 3.15955766192733 377 1 1
1000 1 1611 3.03030303030303 378 1 1
1000 1 1618 3.08641975308642 379 1 1
1000 1 1635 3.21543408360129 380 1 1
1000 1 1620 3.08166409861325 381 1 1
1000 1 1611 3.20512820512821 382 1 1
1000 1 1684 3.14465408805031 383 1 1
1000 1 1627 3.1496062992126 384 1 1
1000 1 1663 3.17460317460317 385 1 1
1000 1 1641 3.15955766192733 386 1 1
1000 1 1636 3.2258064516129 387 1 1
1000 1 1617 3.18979266347687 388 1 1
1000 1 1637 3.09597523219814 389 1 1
1000 1 1644 3.15955766192733 390 1 1
1000 1 1628 3.16455696202532 391 1 1
1000 1 1635 3.125 392 1 1
1000 1 1599 3.10077519379845 393 1 1
1000 1 1616 3.1104199066874 394 1 1
1000 1 1605 3.13479623824451 395 1 1
1000 1 1627 3.09119010819165 396 1 1
1000 1 1599 3.15955766192733 397 1 1
1000 1 1607 3.10077519379845 398 1 1
1000 1 1616 3.1201248049922 399 1 1
1000 1 1597 3.37268128161889 400 1 1
1000 1 1625 3.1104199066874 401 1 1
1000 1 1626 3.15457413249211 402 1 1
1000 1 1660 3.24675324675325 403 1 1
1000 1 1683 3.18979266347687 404 1 1
1000 1 1651 3.17965023847377 405 1 1
1000 1 1628 3.04878048780488 406 1 1
1000 1 1620 3.02114803625378 407 1 1
1000 1 1583 3.17965023847377 408 1 1
1000 1 1621 3.1201248049922 409 1 1
1000 1 1639 3.21027287319422 410 1 1
1000 1 1629 3.16957210776545 411 1 1
1000 1 1635 3.09597523219814 412 1 1
1000 1 1611 3.1055900621118 413 1 1
1000 1 1629 3.125 414 1 1
1000 1 1618 3.2520325203252 415 1 1
1000 1 1688 3.29489291598023 416 1 1
1000 1 1608 3.15457413249211 417 1 1
1000 1 1644 3.03951367781155 418 1 1
1000 1 1610 3.15955766192733 419 1 1
1000 1 1642 3.03030303030303 420 1 1
1000 1 1643 3.07692307692308 421 1 1
1000 1 1776 3.2258064516129 422 1 1
1000 1 1699 3.1496062992126 423 1 1
1000 1 1626 3.13971742543171 424 1 1
1000 1 1639 3.18471337579618 425 1 1
1000 1 1606 3.1055900621118 426 1 1
1000 1 1625 2.98953662182362 427 1 1
1000 1 1606 3.18979266347687 428 1 1
1000 1 1656 3.34448160535117 429 1 1
1000 1 1639 3.1201248049922 430 1 1
1000 1 1652 3.19488817891374 431 1 1
1000 1 2069 3.1055900621118 432 1 1
1000 1 1638 3.11526479750779 433 1 1
1000 1 1656 3.15457413249211 434 1 1
1000 1 1618 3.17965023847377 435 1 1
1000 1 1629 3.125 436 1 1
1000 1 1654 3.10077519379845 437 1 1
1000 1 1633 3.20512820512821 438 1 1
1000 1 1661 3.125 439 1 1
1000 1 4459 3.08166409861325 440 1 1
1000 1 2868 3.26797385620915 441 1 1
1000 1 1691 3.0441400304414 442 1 1
1000 1 1643 3.17965023847377 443 1 1
1000 1 1631 3.18979266347687 444 1 1
1000 1 1623 3.21027287319422 445 1 1
1000 1 1609 3.20512820512821 446 1 1
1000 1 1615 3.05810397553517 447 1 1
1000 1 1615 3.16455696202532 448 1 1
1000 1 1600 3.08166409861325 449 1 1
1000 1 1611 3.15457413249211 450 1 1
1000 1 1632 3.09119010819165 451 1 1
1000 1 1647 3.1201248049922 452 1 1
1000 1 1611 3.15955766192733 453 1 1
1000 1 2537 3.1104199066874 454 1 1
1000 1 1664 3.2258064516129 455 1 1
1000 1 1665 3.125 456 1 1
1000 1 1689 3.19488817891374 457 1 1
1000 1 1624 3.17965023847377 458 1 1
1000 1 1628 3.13479623824451 459 1 1
1000 1 1631 3.21543408360129 460 1 1
1000 1 1610 3.16455696202532 461 1 1
1000 1 1644 3.05810397553517 462 1 1
1000 1 1612 3.05343511450382 463 1 1
1000 1 1646 3.22061191626409 464 1 1
1000 1 1620 3.16455696202532 465 1 1
1000 1 1622 3.09597523219814 466 1 1
1000 1 1624 3.09597523219814 467 1 1
1000 1 1636 3.16455696202532 468 1 1
1000 1 1647 3.25732899022801 469 1 1
1000 1 1634 3.16455696202532 470 1 1
1000 1 1646 3.1104199066874 471 1 1
1000 1 1620 3.17460317460317 472 1 1
1000 1 1679 3.09119010819165 473 1 1
1000 1 1656 3.16455696202532 474 1 1
1000 1 1650 3.14465408805031 475 1 1
1000 1 1648 3.11526479750779 476 1 1
1000 1 1615 3.12989045383412 477 1 1
1000 1 1640 3.08166409861325 478 1 1
1000 1 1611 3.07219662058372 479 1 1
1000 1 1633 3.06278713629403 480 1 1
1000 1 1631 3.14465408805031 481 1 1
1000 1 1622 3.3003300330033 482 1 1
1000 1 1619 3.16957210776545 483 1 1
1000 1 1622 3.04878048780488 484 1 1
1000 1 1613 3.23624595469256 485 1 1
1000 1 1613 3.1104199066874 486 1 1
1000 1 1617 3.14465408805031 487 1 1
1000 1 1630 3.12989045383412 488 1 1
1000 1 1635 3.24675324675325 489 1 1
1000 1 1634 3.13971742543171 490 1 1
1000 1 1641 3.13479623824451 491 1 1
1000 1 1660 3.11526479750779 492 1 1
1000 1 1617 3.15457413249211 493 1 1
1000 1 1637 3.08641975308642 494 1 1
1000 1 1612 3.08641975308642 495 1 1
1000 1 1623 3.02114803625378 496 1 1
1000 1 1650 3.13479623824451 497 1 1
1000 1 1588 3.125 498 1 1
1000 1 1614 3.1201248049922 499 1 1
1000 1 1639 3.03490136570561 500 1 1
1000 1 1607 3.03951367781155 501 1 1
1000 1 1632 3.18979266347687 502 1 1
1000 1 1607 3.13971742543171 503 1 1
1000 1 1713 3.24675324675325 504 1 1
1000 1 1634 3.11526479750779 505 1 1
1000 1 1619 3.14465408805031 506 1 1
1000 1 1617 3.03951367781155 507 1 1
1000 1 1638 3.2 508 1 1
1000 1 1623 3.06278713629403 509 1 1
1000 1 1658 3.19488817891374 510 1 1
1000 1 1954 3.05343511450382 511 1 1
1000 1 1649 3.25732899022801 512 1 1
1000 1 1691 3.08641975308642 513 1 1
1000 1 1614 3.12989045383412 514 1 1
1000 1 1644 3.12989045383412 515 1 1
1000 1 1632 3.02571860816944 516 1 1
1000 1 1601 3.12989045383412 517 1 1
1000 1 1618 3.1201248049922 518 1 1
1000 1 1610 3.13479623824451 519 1 1
1000 1 1636 3.28947368421053 520 1 1
1000 1 1623 3.003003003003 521 1 1
1000 1 1631 3.21543408360129 522 1 1
1000 1 1609 3.27868852459016 523 1 1
1000 1 1607 3.15457413249211 524 1 1
1000 1 1649 3.21543408360129 525 1 1
1000 1 1609 3.01659125188537 526 1 1
1000 1 1654 3.1104199066874 527 1 1
1000 1 1655 3.17460317460317 528 1 1
1000 1 1715 3.16455696202532 529 1 1
1000 1 1676 3.1055900621118 530 1 1
1000 1 1624 3.15457413249211 531 1 1
1000 1 1645 3.09119010819165 532 1 1
1000 1 1648 3.10077519379845 533 1 1
1000 1 1713 3.13971742543171 534 1 1
1000 1 1619 2.93255131964809 535 1 1
1000 1 1632 3.2 536 1 1
1000 1 1607 3.0441400304414 537 1 1
1000 1 1630 3.08641975308642 538 1 1
1000 1 1640 3.13479623824451 539 1 1
1000 1 1648 3.10077519379845 540 1 1
1000 1 1625 3.11526479750779 541 1 1
1000 1 1632 3.22061191626409 542 1 1
1000 1 1615 3.22061191626409 543 1 1
1000 1 1635 3.2520325203252 544 1 1
1000 1 1621 3.29489291598023 545 1 1
1000 1 1638 3.15457413249211 546 1 1
1000 1 1649 3.10077519379845 547 1 1
1000 1 1652 3.13479623824451 548 1 1
1000 1 1654 3.21543408360129 549 1 1
1000 1 1655 3.2258064516129 550 1 1
1000 1 1615 3.15955766192733 551 1 1
1000 1 1683 3.18471337579618 552 1 1
1000 1 1610 3.14465408805031 553 1 1
1000 1 1630 3.13971742543171 554 1 1
1000 1 1614 3.01204819277108 555 1 1
1000 1 1603 3.13479623824451 556 1 1
1000 1 1645 3.21543408360129 557 1 1
1000 1 1605 3.06748466257669 558 1 1
1000 1 1614 3.28947368421053 559 1 1
1000 1 1623 3.08641975308642 560 1 1
1000 1 1636 3.16957210776545 561 1 1
1000 1 1615 2.9940119760479 562 1 1
1000 1 1642 3.08641975308642 563 1 1
1000 1 4348 3.16455696202532 564 1 1
1000 1 1735 3.20512820512821 565 1 1
1000 1 1639 3.1201248049922 566 1 1
1000 1 1727 3.02571860816944 567 1 1
1000 1 1615 3.15457413249211 568 1 1
1000 1 1653 3.2626427406199 569 1 1
1000 1 1641 3.15955766192733 570 1 1
1000 1 1624 3.14465408805031 571 1 1
1000 1 1650 3.09119010819165 572 1 1
1000 1 1608 3.2 573 1 1
1000 1 1598 3.20512820512821 574 1 1
1000 1 1613 3.12989045383412 575 1 1
1000 1 1605 3.11526479750779 576 1 1
1000 1 1625 3.07219662058372 577 1 1
1000 1 1643 3.125 578 1 1
1000 1 1631 3.05810397553517 579 1 1
1000 1 1607 2.9673590504451 580 1 1
1000 1 1627 3.02114803625378 581 1 1
1000 1 1641 3.15457413249211 582 1 1
1000 1 1646 3.1055900621118 583 1 1
1000 1 1631 3.01659125188537 584 1 1
1000 1 1745 3.20512820512821 585 1 1
1000 1 1654 3.07219662058372 586 1 1
1000 1 1662 3.04878048780488 587 1 1
1000 1 2729 3.12989045383412 588 1 1
1000 1 1639 3.07692307692308 589 1 1
1000 1 1727 3.04878048780488 590 1 1
1000 1 1660 3.14465408805031 591 1 1
1000 1 1722 3.10077519379845 592 1 1
1000 1 1684 3.18471337579618 593 1 1
1000 1 1641 3.125 594 1 1
1000 1 1630 3.26797385620915 595 1 1
1000 1 1666 2.9806259314456 596 1 1
1000 1 1799 3.1055900621118 597 1 1
1000 1 1635 3.13479623824451 598 1 1
1000 1 5318 3.11526479750779 599 1 1
1000 1 1681 3.08641975308642 600 1 1
1000 1 1646 3.1104199066874 601 1 1
1000 1 1631 3.17460317460317 602 1 1
1000 1 1617 3.19488817891374 603 1 1
1000 1 1634 3.1104199066874 604 1 1
1000 1 1613 2.95420974889217 605 1 1
1000 1 1639 3.11526479750779 606 1 1
1000 1 1617 3.32225913621262 607 1 1
1000 1 1616 3.27332242225859 608 1 1
1000 1 1603 3.17965023847377 609 1 1
1000 1 1611 3.01659125188537 610 1 1
1000 1 1629 3.21543408360129 611 1 1
1000 1 1622 3.16957210776545 612 1 1
1000 1 1633 3.24675324675325 613 1 1
1000 1 1620 3.12989045383412 614 1 1
1000 1 1648 3.09119010819165 615 1 1
1000 1 1651 3.125 616 1 1
1000 1 2021 3.2520325203252 617 1 1
1000 1 1650 3.06278713629403 618 1 1
1000 1 1625 3.15457413249211 619 1 1
1000 1 1600 2.98953662182362 620 1 1
1000 1 1619 3.18471337579618 621 1 1
1000 1 1615 3.14465408805031 622 1 1
1000 1 1635 3.13479623824451 623 1 1
1000 1 1615 3.14465408805031 624 1 1
1000 1 1621 3.09119010819165 625 1 1
1000 1 1606 3.04878048780488 626 1 1
1000 1 1612 3.12989045383412 627 1 1
1000 1 1610 3.09119010819165 628 1 1
1000 1 1620 3.15457413249211 629 1 1
1000 1 1609 3.14465408805031 630 1 1
1000 1 1581 3.18471337579618 631 1 1
1000 1 1626 3.15955766192733 632 1 1
1000 1 1657 3.02571860816944 633 1 1
1000 1 1670 3.29489291598023 634 1 1
1000 1 1655 3.11526479750779 635 1 1
1000 1 1667 3.06748466257669 636 1 1
1000 1 1651 3.14465408805031 637 1 1
1000 1 1619 3.16455696202532 638 1 1
1000 1 1655 3.07692307692308 639 1 1
1000 1 1608 3.1201248049922 640 1 1
1000 1 1636 3.08166409861325 641 1 1
1000 1 1624 3.125 642 1 1
1000 1 1643 3.01659125188537 643 1 1
1000 1 1604 3.1496062992126 644 1 1
1000 1 1610 3.08641975308642 645 1 1
1000 1 1644 3.32778702163062 646 1 1
1000 1 1634 3.1104199066874 647 1 1
1000 1 1603 3.0441400304414 648 1 1
1000 1 1590 3.19488817891374 649 1 1
1000 1 1625 3.18471337579618 650 1 1
1000 1 1641 3.21027287319422 651 1 1
1000 1 1607 3.3003300330033 652 1 1
1000 1 1641 3.13971742543171 653 1 1
1000 1 1761 3.07692307692308 654 1 1
1000 1 1672 3.2 655 1 1
1000 1 1629 2.94117647058824 656 1 1
1000 1 1615 3.19488817891374 657 1 1
1000 1 1601 3.09597523219814 658 1 1
1000 1 1606 3.17965023847377 659 1 1
1000 1 1620 3.1104199066874 660 1 1
1000 1 1616 3.27868852459016 661 1 1
1000 1 1623 3.08166409861325 662 1 1
1000 1 1613 3.1104199066874 663 1 1
1000 1 1621 3.15457413249211 664 1 1
1000 1 1625 2.95420974889217 665 1 1
1000 1 1624 3.19488817891374 666 1 1
1000 1 1627 3.15955766192733 667 1 1
1000 1 1613 3.16455696202532 668 1 1
1000 1 1633 3.03490136570561 669 1 1
1000 1 1683 3.2258064516129 670 1 1
1000 1 1660 3.17460317460317 671 1 1
1000 1 1636 3.13479623824451 672 1 1
1000 1 1643 3.20512820512821 673 1 1
1000 1 1657 3.01659125188537 674 1 1
1000 1 1601 3.33889816360601 675 1 1
1000 1 1608 3.3167495854063 676 1 1
1000 1 1858 3.23624595469256 677 1 1
1000 1 1659 3.1496062992126 678 1 1
1000 1 1661 3.29489291598023 679 1 1
1000 1 1620 3.18979266347687 680 1 1
1000 1 1725 3.10077519379845 681 1 1
1000 1 1622 3.13971742543171 682 1 1
1000 1 1662 3.11526479750779 683 1 1
1000 1 1691 3.17460317460317 684 1 1
1000 1 1616 3.19488817891374 685 1 1
1000 1 1719 3.18979266347687 686 1 1
1000 1 1617 3.09597523219814 687 1 1
1000 1 1877 3.13971742543171 688 1 1
1000 1 1608 3.13971742543171 689 1 1
1000 1 1723 3.18979266347687 690 1 1
1000 1 1658 3.23624595469256 691 1 1
1000 1 1698 3.14465408805031 692 1 1
1000 1 1685 3.10077519379845 693 1 1
1000 1 1637 3.23624595469256 694 1 1
1000 1 1610 3.2 695 1 1
1000 1 1609 3.07692307692308 696 1 1
1000 1 1622 3.1201248049922 697 1 1
1000 1 1622 3.06748466257669 698 1 1
1000 1 1625 3.09597523219814 699 1 1
1000 1 1618 3.2626427406199 700 1 1
1000 1 1636 3.18979266347687 701 1 1
1000 1 1586 3.125 702 1 1
1000 1 1631 3.2520325203252 703 1 1
1000 1 1633 3.08641975308642 704 1 1
1000 1 1606 3.0441400304414 705 1 1
1000 1 1595 3.09119010819165 706 1 1
1000 1 1649 3.28947368421053 707 1 1
1000 1 1640 3.05810397553517 708 1 1
1000 1 1669 3.14465408805031 709 1 1
1000 1 1643 3.04878048780488 710 1 1
1000 1 1721 3.14465408805031 711 1 1
1000 1 1686 3.13479623824451 712 1 1
1000 1 1632 3.05810397553517 713 1 1
1000 1 1637 3.15457413249211 714 1 1
1000 1 1637 3.1055900621118 715 1 1
1000 1 1624 3.125 716 1 1
1000 1 1633 3.125 717 1 1
1000 1 1709 3.12989045383412 718 1 1
1000 1 1637 3.03490136570561 719 1 1
1000 1 1636 3.2520325203252 720 1 1
1000 1 1628 3.2626427406199 721 1 1
1000 1 1623 3.0441400304414 722 1 1
1000 1 1602 3.21543408360129 723 1 1
1000 1 1633 3.18471337579618 724 1 1
1000 1 1632 3.2 725 1 1
1000 1 1614 3.1104199066874 726 1 1
1000 1 1667 3.24675324675325 727 1 1
1000 1 1663 3.01204819277108 728 1 1
1000 1 1675 3.16455696202532 729 1 1
1000 1 1635 3.06748466257669 730 1 1
1000 1 1624 3.13479623824451 731 1 1
1000 1 1676 3.28947368421053 732 1 1
1000 1 1625 2.9673590504451 733 1 1
1000 1 1641 3.13479623824451 734 1 1
1000 1 1614 3.16957210776545 735 1 1
1000 1 1608 3.13971742543171 736 1 1
1000 1 1609 3.2626427406199 737 1 1
1000 1 1642 3.25732899022801 738 1 1
1000 1 1595 3.08641975308642 739 1 1
1000 1 1630 3.21027287319422 740 1 1
1000 1 1617 3.2 741 1 1
1000 1 1628 3.125 742 1 1
1000 1 1643 3.15457413249211 743 1 1
1000 1 1614 3.20512820512821 744 1 1
1000 1 1590 3.24675324675325 745 1 1
1000 1 1694 3.21027287319422 746 1 1
1000 1 2245 3.06748466257669 747 1 1
1000 1 1686 3.15457413249211 748 1 1
1000 1 1609 3.07219662058372 749 1 1
1000 1 1839 2.98953662182362 750 1 1
1000 1 1655 3.11526479750779 751 1 1
1000 1 1602 3.2520325203252 752 1 1
1000 1 1600 3.17460317460317 753 1 1
1000 1 1609 3.0441400304414 754 1 1
1000 1 1634 3.1055900621118 755 1 1
1000 1 1605 3.20512820512821 756 1 1
1000 1 1690 3.08641975308642 757 1 1
1000 1 1658 3.09597523219814 758 1 1
1000 1 1624 3.12989045383412 759 1 1
1000 1 1615 3.1055900621118 760 1 1
1000 1 1579 3.27868852459016 761 1 1
1000 1 1632 3.09597523219814 762 1 1
1000 1 1647 3.22061191626409 763 1 1
1000 1 1699 3.23624595469256 764 1 1
1000 1 1658 3.23624595469256 765 1 1
1000 1 1690 3.125 766 1 1
1000 1 1650 3.25732899022801 767 1 1
1000 1 1623 3.22061191626409 768 1 1
1000 1 1624 3.18471337579618 769 1 1
1000 1 1641 3.15457413249211 770 1 1
1000 1 1632 3.17460317460317 771 1 1
1000 1 1640 3.10077519379845 772 1 1
1000 1 1631 3.16957210776545 773 1 1
1000 1 1607 3.1055900621118 774 1 1
1000 1 1627 3.17460317460317 775 1 1
1000 1 1626 3.12989045383412 776 1 1
1000 1 1666 3.17460317460317 777 1 1
1000 1 1640 3.18979266347687 778 1 1
1000 1 1624 3.21027287319422 779 1 1
1000 1 1614 3.22061191626409 780 1 1
1000 1 1621 3.3112582781457 781 1 1
1000 1 1619 3.15955766192733 782 1 1
1000 1 1640 3.13479623824451 783 1 1
1000 1 1628 3.37268128161889 784 1 1
1000 1 1633 3.16957210776545 785 1 1
1000 1 1623 3.1496062992126 786 1 1
1000 1 1617 3.20512820512821 787 1 1
1000 1 1614 3.19488817891374 788 1 1
1000 1 1625 3.16455696202532 789 1 1
1000 1 1663 3.2 790 1 1
1000 1 1628 3.07692307692308 791 1 1
1000 1 1949 3.27332242225859 792 1 1
1000 1 1636 3.10077519379845 793 1 1
1000 1 1781 3.1104199066874 794 1 1
1000 1 1610 3.1055900621118 795 1 1
1000 1 1625 3.2626427406199 796 1 1
1000 1 1639 3.11526479750779 797 1 1
1000 1 1638 3.13479623824451 798 1 1
1000 1 1849 3.21027287319422 799 1 1
1000 1 1642 3.1201248049922 800 1 1
1000 1 1697 3.01204819277108 801 1 1
1000 1 1678 3.12989045383412 802 1 1
1000 1 1669 3.03490136570561 803 1 1
1000 1 1640 3.17965023847377 804 1 1
1000 1 3403 3.04878048780488 805 1 1
1000 1 2514 3.27868852459016 806 1 1
1000 1 1616 3.13971742543171 807 1 1
1000 1 1674 3.21027287319422 808 1 1
1000 1 1849 3.18471337579618 809 1 1
1000 1 1620 3.10077519379845 810 1 1
1000 1 1651 3.2520325203252 811 1 1
1000 1 1622 3.07692307692308 812 1 1
1000 1 1612 3.125 813 1 1
1000 1 1626 3.22061191626409 814 1 1
1000 1 1628 3.08166409861325 815 1 1
1000 1 1650 3.09597523219814 816 1 1
1000 1 1704 3.26797385620915 817 1 1
1000 1 1712 3.18471337579618 818 1 1
1000 1 1649 3.125 819 1 1
1000 1 1650 3.13479623824451 820 1 1
1000 1 1658 2.98953662182362 821 1 1
1000 1 1590 3.26797385620915 822 1 1
1000 1 1618 3.07692307692308 823 1 1
1000 1 1597 3.18471337579618 824 1 1
1000 1 1604 3.003003003003 825 1 1
1000 1 1617 3.23624595469256 826 1 1
1000 1 1645 3.16455696202532 827 1 1
1000 1 1623 3.04878048780488 828 1 1
1000 1 1628 3.21027287319422 829 1 1
1000 1 1613 3.15457413249211 830 1 1
1000 1 1646 3.15457413249211 831 1 1
1000 1 1622 3.06278713629403 832 1 1
1000 1 1618 3.15955766192733 833 1 1
1000 1 1629 3.03951367781155 834 1 1
1000 1 1631 3.20512820512821 835 1 1
1000 1 1661 3.13479623824451 836 1 1
1000 1 1646 3.16957210776545 837 1 1
1000 1 1624 3.125 838 1 1
1000 1 1612 2.9806259314456 839 1 1
1000 1 1607 3.19488817891374 840 1 1
1000 1 1627 3.2 841 1 1
1000 1 1596 3.18979266347687 842 1 1
1000 1 1657 3.09597523219814 843 1 1
1000 1 1642 3.15457413249211 844 1 1
1000 1 1614 3.21543408360129 845 1 1
1000 1 1630 3.24149108589951 846 1 1
1000 1 1620 3.07692307692308 847 1 1
1000 1 1615 3.22061191626409 848 1 1
1000 1 1620 3.0441400304414 849 1 1
1000 1 1649 3.1201248049922 850 1 1
1000 1 1643 3.04878048780488 851 1 1
1000 1 1638 3.24675324675325 852 1 1
1000 1 1648 3.125 853 1 1
1000 1 1628 3.11526479750779 854 1 1
1000 1 1702 3.1496062992126 855 1 1
1000 1 1672 3.08641975308642 856 1 1
1000 1 1620 3.21543408360129 857 1 1
1000 1 1632 3.1496062992126 858 1 1
1000 1 1608 3.2520325203252 859 1 1
1000 1 1629 3.13971742543171 860 1 1
1000 1 1623 3.16455696202532 861 1 1
1000 1 1635 3.03490136570561 862 1 1
1000 1 1653 3.15955766192733 863 1 1
1000 1 1634 3.1055900621118 864 1 1
1000 1 1631 3.22061191626409 865 1 1
1000 1 1605 3.34448160535117 866 1 1
1000 1 1608 3.10077519379845 867 1 1
1000 1 1619 3.09597523219814 868 1 1
1000 1 1628 3.09597523219814 869 1 1
1000 1 1605 3.125 870 1 1
1000 1 1621 3.17460317460317 871 1 1
1000 1 1607 3.08166409861325 872 1 1
1000 1 1646 3.18979266347687 873 1 1
1000 1 1669 3.19488817891374 874 1 1
1000 1 1722 3.13479623824451 875 1 1
1000 1 1662 3.13971742543171 876 1 1
1000 1 1627 3.05810397553517 877 1 1
1000 1 1601 3.41296928327645 878 1 1
1000 1 1634 3.1496062992126 879 1 1
1000 1 1617 3.09119010819165 880 1 1
1000 1 1654 3.17965023847377 881 1 1
1000 1 1608 3.09597523219814 882 1 1
1000 1 1706 3.17965023847377 883 1 1
1000 1 1650 3.10077519379845 884 1 1
1000 1 1638 3.07692307692308 885 1 1
1000 1 1633 3.14465408805031 886 1 1
1000 1 1613 3.2 887 1 1
1000 1 1658 3.22061191626409 888 1 1
1000 1 1611 3.05810397553517 889 1 1
1000 1 1645 3.125 890 1 1
1000 1 1623 3.2 891 1 1
1000 1 1687 3.19488817891374 892 1 1
1000 1 1687 3.03490136570561 893 1 1
1000 1 1689 2.97176820208024 894 1 1
1000 1 1661 3.18471337579618 895 1 1
1000 1 1638 3.1055900621118 896 1 1
1000 1 1660 3.08641975308642 897 1 1
1000 1 1595 3.17965023847377 898 1 1
1000 1 1631 3.30578512396694 899 1 1
1000 1 1628 3.21027287319422 900 1 1
1000 1 1602 3.19488817891374 901 1 1
1000 1 1614 3.1496062992126 902 1 1
1000 1 1639 3.11526479750779 903 1 1
1000 1 1624 3.10077519379845 904 1 1
1000 1 1619 3.1055900621118 905 1 1
1000 1 1620 3.1201248049922 906 1 1
1000 1 1931 3.12989045383412 907 1 1
1000 1 1641 3.003003003003 908 1 1
1000 1 2038 3.04878048780488 909 1 1
1000 1 1639 3.3167495854063 910 1 1
1000 1 1685 3.07692307692308 911 1 1
1000 1 1647 3.10077519379845 912 1 1
1000 1 1639 3.15457413249211 913 1 1
1000 1 1697 3.19488817891374 914 1 1
1000 1 1653 3.06278713629403 915 1 1
1000 1 1640 3.01204819277108 916 1 1
1000 1 1614 3.125 917 1 1
1000 1 1615 3.09119010819165 918 1 1
1000 1 1607 3.27332242225859 919 1 1
1000 1 1608 3.05343511450382 920 1 1
1000 1 1597 3.1104199066874 921 1 1
1000 1 1584 3.09597523219814 922 1 1
1000 1 1673 3.1104199066874 923 1 1
1000 1 1613 3.13479623824451 924 1 1
1000 1 1627 3.15457413249211 925 1 1
1000 1 1621 3.15457413249211 926 1 1
1000 1 1622 3.1104199066874 927 1 1
1000 1 1642 3.1104199066874 928 1 1
1000 1 1652 3.13971742543171 929 1 1
1000 1 1647 3.22061191626409 930 1 1
1000 1 1607 3.2 931 1 1
1000 1 1889 3.003003003003 932 1 1
1000 1 1659 3.13971742543171 933 1 1
1000 1 1625 3.23101777059774 934 1 1
1000 1 1595 3.16957210776545 935 1 1
1000 1 1617 3.18979266347687 936 1 1
1000 1 1614 3.06748466257669 937 1 1
1000 1 1624 3.125 938 1 1
1000 1 1617 2.98507462686567 939 1 1
1000 1 1611 3.03490136570561 940 1 1
1000 1 1652 3.23624595469256 941 1 1
1000 1 1600 3.13971742543171 942 1 1
1000 1 1593 3.13971742543171 943 1 1
1000 1 1620 3.17460317460317 944 1 1
1000 1 1639 3.13971742543171 945 1 1
1000 1 1663 3.13479623824451 946 1 1
1000 1 1637 3.13479623824451 947 1 1
1000 1 1641 2.9806259314456 948 1 1
1000 1 1632 3.18979266347687 949 1 1
1000 1 1638 3.15955766192733 950 1 1
1000 1 1646 3.09119010819165 951 1 1
1000 1 1611 3.21543408360129 952 1 1
1000 1 1627 3.01659125188537 953 1 1
1000 1 1630 3.08166409861325 954 1 1
1000 1 1620 3.21543408360129 955 1 1
1000 1 1600 3.13479623824451 956 1 1
1000 1 1592 3.22061191626409 957 1 1
1000 1 1609 3.17460317460317 958 1 1
1000 1 1631 3.02571860816944 959 1 1
1000 1 1640 3.34448160535117 960 1 1
1000 1 1587 3.03030303030303 961 1 1
1000 1 1606 3.18979266347687 962 1 1
1000 1 1614 3.1055900621118 963 1 1
1000 1 1607 3.09119010819165 964 1 1
1000 1 1683 3.21543408360129 965 1 1
1000 1 1624 3.21027287319422 966 1 1
1000 1 1669 3.19488817891374 967 1 1
1000 1 1600 3.16455696202532 968 1 1
1000 1 1655 3.37268128161889 969 1 1
1000 1 1636 3.125 970 1 1
1000 1 1639 3.08641975308642 971 1 1
1000 1 1628 3.1496062992126 972 1 1
1000 1 1628 3.08641975308642 973 1 1
1000 1 1680 3.13971742543171 974 1 1
1000 1 1628 3.18471337579618 975 1 1
1000 1 1620 3.21027287319422 976 1 1
1000 1 1614 3.07692307692308 977 1 1
1000 1 1629 3.18471337579618 978 1 1
1000 1 1647 3.14465408805031 979 1 1
1000 1 1616 3.17460317460317 980 1 1
1000 1 1622 2.9806259314456 981 1 1
1000 1 1619 3.2 982 1 1
1000 1 1685 2.9806259314456 983 1 1
1000 1 1695 3.16957210776545 984 1 1
1000 1 1667 3.10077519379845 985 1 1
1000 1 1645 3.03951367781155 986 1 1
1000 1 1601 3.14465408805031 987 1 1
1000 1 1624 3.07219662058372 988 1 1
1000 1 1614 3.125 989 1 1
1000 1 1634 3.06278713629403 990 1 1
1000 1 1620 3.13971742543171 991 1 1
1000 1 1589 3.02571860816944 992 1 1
1000 1 1627 3.03951367781155 993 1 1
1000 1 1617 3.15457413249211 994 1 1
1000 1 1632 3.21027287319422 995 1 1
1000 1 1596 3.14465408805031 996 1 1
1000 1 1623 3.125 997 1 1
1000 1 1636 2.98953662182362 998 1 1
1000 1 1628 3.14465408805031 999 1 1
1000 1 1635 3.10077519379845 1000 1 1
