100000 4 17050 inf 1 1e-05 1
100000 4 24677 100000 2 1e-05 1
100000 4 24339 100000 3 1e-05 1
100000 4 21746 inf 4 1e-05 1
100000 4 24396 inf 5 1e-05 1
100000 4 21133 inf 6 1e-05 1
100000 4 25779 200000 7 1e-05 1
100000 4 19642 200000 8 1e-05 1
100000 4 24332 200000 9 1e-05 1
100000 4 24761 inf 10 1e-05 1
100000 4 20795 inf 11 1e-05 1
100000 4 20495 200000 12 1e-05 1
100000 4 138807 100000 13 1e-05 1
100000 4 221592 100000 14 1e-05 1
100000 4 222172 200000 15 1e-05 1
100000 4 182756 inf 16 1e-05 1
100000 4 221164 inf 17 1e-05 1
100000 4 181485 200000 18 1e-05 1
100000 4 219947 inf 19 1e-05 1
100000 4 216997 inf 20 1e-05 1
100000 4 183973 inf 21 1e-05 1
100000 4 186979 200000 22 1e-05 1
100000 4 222781 200000 23 1e-05 1
100000 4 183788 inf 24 1e-05 1
100000 4 222841 inf 25 1e-05 1
100000 4 222713 inf 26 1e-05 1
100000 4 222350 inf 27 1e-05 1
100000 4 183595 200000 28 1e-05 1
100000 4 219828 200000 29 1e-05 1
100000 4 179833 100000 30 1e-05 1
100000 4 221561 200000 31 1e-05 1
100000 4 180529 inf 32 1e-05 1
100000 4 219685 inf 33 1e-05 1
100000 4 190744 200000 34 1e-05 1
100000 4 182317 inf 35 1e-05 1
100000 4 223316 inf 36 1e-05 1
100000 4 154380 inf 37 1e-05 1
100000 4 50006 200000 38 1e-05 1
100000 4 48440 200000 39 1e-05 1
100000 4 44648 200000 40 1e-05 1
100000 4 48599 inf 41 1e-05 1
100000 4 41868 inf 42 1e-05 1
100000 4 48306 200000 43 1e-05 1
100000 4 49445 200000 44 1e-05 1
100000 4 49758 200000 45 1e-05 1
100000 4 51982 100000 46 1e-05 1
100000 4 49178 100000 47 1e-05 1
100000 4 41778 200000 48 1e-05 1
100000 4 49044 200000 49 1e-05 1
100000 4 42068 200000 50 1e-05 1
100000 4 42580 200000 51 1e-05 1
100000 4 43902 inf 52 1e-05 1
100000 4 43746 inf 53 1e-05 1
100000 4 49806 inf 54 1e-05 1
100000 4 50662 200000 55 1e-05 1
100000 4 49631 inf 56 1e-05 1
100000 4 49089 inf 57 1e-05 1
100000 4 45398 66666.6666666667 58 1e-05 1
100000 4 47838 200000 59 1e-05 1
100000 4 41419 inf 60 1e-05 1
100000 4 46729 200000 61 1e-05 1
100000 4 37914 200000 62 1e-05 1
100000 4 43576 200000 63 1e-05 1
100000 4 45805 inf 64 1e-05 1
100000 4 46275 200000 65 1e-05 1
100000 4 38971 inf 66 1e-05 1
100000 4 44869 inf 67 1e-05 1
100000 4 44803 inf 68 1e-05 1
100000 4 45563 200000 69 1e-05 1
100000 4 47249 200000 70 1e-05 1
100000 4 39224 200000 71 1e-05 1
100000 4 43844 200000 72 1e-05 1
100000 4 45810 66666.6666666667 73 1e-05 1
100000 4 38211 100000 74 1e-05 1
100000 4 45605 inf 75 1e-05 1
100000 4 44470 200000 76 1e-05 1
100000 4 46576 200000 77 1e-05 1
100000 4 45592 inf 78 1e-05 1
100000 4 46916 inf 79 1e-05 1
100000 4 45214 inf 80 1e-05 1
100000 4 46170 inf 81 1e-05 1
100000 4 47328 inf 82 1e-05 1
100000 4 39256 100000 83 1e-05 1
100000 4 43402 inf 84 1e-05 1
100000 4 46606 200000 85 1e-05 1
100000 4 46738 200000 86 1e-05 1
100000 4 45008 100000 87 1e-05 1
100000 4 41549 inf 88 1e-05 1
100000 4 38558 200000 89 1e-05 1
100000 4 39777 inf 90 1e-05 1
100000 4 44778 inf 91 1e-05 1
100000 4 45279 inf 92 1e-05 1
100000 4 46364 200000 93 1e-05 1
100000 4 46597 inf 94 1e-05 1
100000 4 45846 66666.6666666667 95 1e-05 1
100000 4 46564 inf 96 1e-05 1
100000 4 40801 66666.6666666667 97 1e-05 1
100000 4 41459 100000 98 1e-05 1
100000 4 38161 inf 99 1e-05 1
100000 4 44701 inf 100 1e-05 1
100000 4 45100 inf 101 1e-05 1
100000 4 39407 200000 102 1e-05 1
100000 4 44110 inf 103 1e-05 1
100000 4 44964 inf 104 1e-05 1
100000 4 46981 inf 105 1e-05 1
100000 4 44779 200000 106 1e-05 1
100000 4 45186 200000 107 1e-05 1
100000 4 37760 inf 108 1e-05 1
100000 4 39775 inf 109 1e-05 1
100000 4 38791 inf 110 1e-05 1
100000 4 36596 200000 111 1e-05 1
100000 4 42952 200000 112 1e-05 1
100000 4 37286 100000 113 1e-05 1
100000 4 41157 200000 114 1e-05 1
100000 4 37050 inf 115 1e-05 1
100000 4 41817 inf 116 1e-05 1
100000 4 34997 inf 117 1e-05 1
100000 4 37434 inf 118 1e-05 1
100000 4 37085 inf 119 1e-05 1
100000 4 41799 100000 120 1e-05 1
100000 4 43606 inf 121 1e-05 1
100000 4 43123 inf 122 1e-05 1
100000 4 34467 200000 123 1e-05 1
100000 4 43500 200000 124 1e-05 1
100000 4 42450 inf 125 1e-05 1
100000 4 44303 inf 126 1e-05 1
100000 4 44054 inf 127 1e-05 1
100000 4 43312 200000 128 1e-05 1
100000 4 36920 inf 129 1e-05 1
100000 4 38341 100000 130 1e-05 1
100000 4 43664 200000 131 1e-05 1
100000 4 44002 inf 132 1e-05 1
100000 4 44389 200000 133 1e-05 1
100000 4 43609 200000 134 1e-05 1
100000 4 43564 inf 135 1e-05 1
100000 4 43458 200000 136 1e-05 1
100000 4 43071 200000 137 1e-05 1
100000 4 42530 inf 138 1e-05 1
100000 4 39310 inf 139 1e-05 1
100000 4 41392 inf 140 1e-05 1
100000 4 43172 200000 141 1e-05 1
100000 4 38404 inf 142 1e-05 1
100000 4 38011 200000 143 1e-05 1
100000 4 42731 inf 144 1e-05 1
100000 4 45323 inf 145 1e-05 1
100000 4 43694 200000 146 1e-05 1
100000 4 42906 100000 147 1e-05 1
100000 4 43532 inf 148 1e-05 1
100000 4 37552 inf 149 1e-05 1
100000 4 42105 200000 150 1e-05 1
100000 4 43565 inf 151 1e-05 1
100000 4 43425 inf 152 1e-05 1
100000 4 44021 inf 153 1e-05 1
100000 4 42686 200000 154 1e-05 1
100000 4 43400 200000 155 1e-05 1
100000 4 42046 inf 156 1e-05 1
100000 4 41773 inf 157 1e-05 1
100000 4 41617 inf 158 1e-05 1
100000 4 41514 100000 159 1e-05 1
100000 4 42259 200000 160 1e-05 1
100000 4 34780 200000 161 1e-05 1
100000 4 36972 200000 162 1e-05 1
100000 4 33598 200000 163 1e-05 1
100000 4 40856 200000 164 1e-05 1
100000 4 42337 200000 165 1e-05 1
100000 4 40858 inf 166 1e-05 1
100000 4 42199 100000 167 1e-05 1
100000 4 40564 inf 168 1e-05 1
100000 4 42515 inf 169 1e-05 1
100000 4 42137 inf 170 1e-05 1
100000 4 35093 inf 171 1e-05 1
100000 4 40250 100000 172 1e-05 1
100000 4 40957 200000 173 1e-05 1
100000 4 41533 200000 174 1e-05 1
100000 4 41393 inf 175 1e-05 1
100000 4 41771 200000 176 1e-05 1
100000 4 41551 inf 177 1e-05 1
100000 4 41670 inf 178 1e-05 1
100000 4 42413 inf 179 1e-05 1
100000 4 42629 inf 180 1e-05 1
100000 4 36193 inf 181 1e-05 1
100000 4 38724 200000 182 1e-05 1
100000 4 39430 inf 183 1e-05 1
100000 4 41298 inf 184 1e-05 1
100000 4 40728 inf 185 1e-05 1
100000 4 36646 inf 186 1e-05 1
100000 4 37510 inf 187 1e-05 1
100000 4 33719 inf 188 1e-05 1
100000 4 39332 inf 189 1e-05 1
100000 4 41193 100000 190 1e-05 1
100000 4 42822 200000 191 1e-05 1
100000 4 41732 inf 192 1e-05 1
100000 4 42397 inf 193 1e-05 1
100000 4 37066 200000 194 1e-05 1
100000 4 35038 200000 195 1e-05 1
100000 4 36057 200000 196 1e-05 1
100000 4 36334 200000 197 1e-05 1
100000 4 35677 200000 198 1e-05 1
100000 4 40525 100000 199 1e-05 1
100000 4 40365 200000 200 1e-05 1
100000 4 39790 inf 201 1e-05 1
100000 4 34014 inf 202 1e-05 1
100000 4 39989 100000 203 1e-05 1
100000 4 34781 inf 204 1e-05 1
100000 4 36804 inf 205 1e-05 1
100000 4 34786 200000 206 1e-05 1
100000 4 33693 inf 207 1e-05 1
100000 4 33371 100000 208 1e-05 1
100000 4 39263 inf 209 1e-05 1
100000 4 39570 inf 210 1e-05 1
100000 4 39737 200000 211 1e-05 1
100000 4 40697 200000 212 1e-05 1
100000 4 40398 inf 213 1e-05 1
100000 4 39832 inf 214 1e-05 1
100000 4 40518 inf 215 1e-05 1
100000 4 38627 inf 216 1e-05 1
100000 4 38947 inf 217 1e-05 1
100000 4 33130 inf 218 1e-05 1
100000 4 34455 200000 219 1e-05 1
100000 4 37369 200000 220 1e-05 1
100000 4 38782 200000 221 1e-05 1
100000 4 34306 inf 222 1e-05 1
100000 4 38502 200000 223 1e-05 1
100000 4 34318 inf 224 1e-05 1
100000 4 38371 100000 225 1e-05 1
100000 4 33682 inf 226 1e-05 1
100000 4 34979 inf 227 1e-05 1
100000 4 34095 200000 228 1e-05 1
100000 4 38799 200000 229 1e-05 1
100000 4 39510 inf 230 1e-05 1
100000 4 35591 inf 231 1e-05 1
100000 4 35303 inf 232 1e-05 1
100000 4 40137 inf 233 1e-05 1
100000 4 38333 inf 234 1e-05 1
100000 4 38662 inf 235 1e-05 1
100000 4 33237 200000 236 1e-05 1
100000 4 37955 200000 237 1e-05 1
100000 4 40036 200000 238 1e-05 1
100000 4 39579 200000 239 1e-05 1
100000 4 40077 inf 240 1e-05 1
100000 4 39931 inf 241 1e-05 1
100000 4 35116 inf 242 1e-05 1
100000 4 38582 inf 243 1e-05 1
100000 4 39092 inf 244 1e-05 1
100000 4 40908 200000 245 1e-05 1
100000 4 40707 inf 246 1e-05 1
100000 4 39934 inf 247 1e-05 1
100000 4 39203 200000 248 1e-05 1
100000 4 38557 inf 249 1e-05 1
100000 4 39313 inf 250 1e-05 1
100000 4 40281 inf 251 1e-05 1
100000 4 34529 200000 252 1e-05 1
100000 4 39156 inf 253 1e-05 1
100000 4 38341 inf 254 1e-05 1
100000 4 35671 inf 255 1e-05 1
100000 4 34948 200000 256 1e-05 1
100000 4 38317 200000 257 1e-05 1
100000 4 38843 100000 258 1e-05 1
100000 4 38198 inf 259 1e-05 1
100000 4 38973 200000 260 1e-05 1
100000 4 38160 100000 261 1e-05 1
100000 4 39050 100000 262 1e-05 1
100000 4 33385 inf 263 1e-05 1
100000 4 31598 200000 264 1e-05 1
100000 4 38821 inf 265 1e-05 1
100000 4 39165 inf 266 1e-05 1
100000 4 33207 inf 267 1e-05 1
100000 4 33921 200000 268 1e-05 1
100000 4 37736 200000 269 1e-05 1
100000 4 37576 200000 270 1e-05 1
100000 4 39610 inf 271 1e-05 1
100000 4 38744 200000 272 1e-05 1
100000 4 37866 200000 273 1e-05 1
100000 4 38327 inf 274 1e-05 1
100000 4 35773 inf 275 1e-05 1
100000 4 31401 200000 276 1e-05 1
100000 4 37872 100000 277 1e-05 1
100000 4 36575 66666.6666666667 278 1e-05 1
100000 4 36924 200000 279 1e-05 1
100000 4 33721 66666.6666666667 280 1e-05 1
100000 4 34353 200000 281 1e-05 1
100000 4 37319 200000 282 1e-05 1
100000 4 39088 66666.6666666667 283 1e-05 1
100000 4 33590 inf 284 1e-05 1
100000 4 33246 inf 285 1e-05 1
100000 4 30969 200000 286 1e-05 1
100000 4 37016 inf 287 1e-05 1
100000 4 37184 200000 288 1e-05 1
100000 4 38361 inf 289 1e-05 1
100000 4 38784 inf 290 1e-05 1
100000 4 34683 200000 291 1e-05 1
100000 4 35967 inf 292 1e-05 1
100000 4 37182 200000 293 1e-05 1
100000 4 37303 inf 294 1e-05 1
100000 4 37884 200000 295 1e-05 1
100000 4 38028 200000 296 1e-05 1
100000 4 38617 inf 297 1e-05 1
100000 4 37395 inf 298 1e-05 1
100000 4 37405 200000 299 1e-05 1
100000 4 32084 200000 300 1e-05 1
100000 4 32579 inf 301 1e-05 1
100000 4 37224 100000 302 1e-05 1
100000 4 34693 inf 303 1e-05 1
100000 4 36538 66666.6666666667 304 1e-05 1
100000 4 37686 100000 305 1e-05 1
100000 4 32659 inf 306 1e-05 1
100000 4 37208 inf 307 1e-05 1
100000 4 37713 inf 308 1e-05 1
100000 4 38055 inf 309 1e-05 1
100000 4 32688 200000 310 1e-05 1
100000 4 37880 inf 311 1e-05 1
100000 4 37621 inf 312 1e-05 1
100000 4 38459 inf 313 1e-05 1
100000 4 33323 200000 314 1e-05 1
100000 4 34996 inf 315 1e-05 1
100000 4 35804 200000 316 1e-05 1
100000 4 37509 inf 317 1e-05 1
100000 4 37012 200000 318 1e-05 1
100000 4 36317 inf 319 1e-05 1
100000 4 37563 200000 320 1e-05 1
100000 4 34279 inf 321 1e-05 1
100000 4 36594 200000 322 1e-05 1
100000 4 38262 200000 323 1e-05 1
100000 4 36007 200000 324 1e-05 1
100000 4 32191 100000 325 1e-05 1
100000 4 35526 inf 326 1e-05 1
100000 4 36435 inf 327 1e-05 1
100000 4 36588 inf 328 1e-05 1
100000 4 32090 100000 329 1e-05 1
100000 4 36855 inf 330 1e-05 1
100000 4 35609 inf 331 1e-05 1
100000 4 31108 200000 332 1e-05 1
100000 4 33374 inf 333 1e-05 1
100000 4 35957 200000 334 1e-05 1
100000 4 34276 inf 335 1e-05 1
100000 4 37040 100000 336 1e-05 1
100000 4 36121 inf 337 1e-05 1
100000 4 35700 inf 338 1e-05 1
100000 4 35274 inf 339 1e-05 1
100000 4 37122 200000 340 1e-05 1
100000 4 37366 200000 341 1e-05 1
100000 4 32172 inf 342 1e-05 1
100000 4 33079 inf 343 1e-05 1
100000 4 35365 200000 344 1e-05 1
100000 4 37063 200000 345 1e-05 1
100000 4 37120 200000 346 1e-05 1
100000 4 36361 inf 347 1e-05 1
100000 4 33355 inf 348 1e-05 1
100000 4 35944 inf 349 1e-05 1
100000 4 34568 200000 350 1e-05 1
100000 4 32595 inf 351 1e-05 1
100000 4 36276 inf 352 1e-05 1
100000 4 37604 66666.6666666667 353 1e-05 1
100000 4 37112 inf 354 1e-05 1
100000 4 32759 200000 355 1e-05 1
100000 4 32038 100000 356 1e-05 1
100000 4 30539 200000 357 1e-05 1
100000 4 32420 inf 358 1e-05 1
100000 4 30921 inf 359 1e-05 1
100000 4 32360 200000 360 1e-05 1
100000 4 36329 inf 361 1e-05 1
100000 4 35941 inf 362 1e-05 1
100000 4 38285 200000 363 1e-05 1
100000 4 31049 100000 364 1e-05 1
100000 4 34792 inf 365 1e-05 1
100000 4 37054 inf 366 1e-05 1
100000 4 37116 inf 367 1e-05 1
100000 4 32728 inf 368 1e-05 1
100000 4 31989 200000 369 1e-05 1
100000 4 36557 inf 370 1e-05 1
100000 4 35988 inf 371 1e-05 1
100000 4 34580 inf 372 1e-05 1
100000 4 35578 200000 373 1e-05 1
100000 4 30424 100000 374 1e-05 1
100000 4 34898 200000 375 1e-05 1
100000 4 35094 inf 376 1e-05 1
100000 4 31074 inf 377 1e-05 1
100000 4 34115 inf 378 1e-05 1
100000 4 27909 100000 379 1e-05 1
100000 4 35941 inf 380 1e-05 1
100000 4 28652 200000 381 1e-05 1
100000 4 34564 inf 382 1e-05 1
100000 4 30221 200000 383 1e-05 1
100000 4 35093 100000 384 1e-05 1
100000 4 30192 inf 385 1e-05 1
100000 4 34701 inf 386 1e-05 1
100000 4 29343 200000 387 1e-05 1
100000 4 35189 100000 388 1e-05 1
100000 4 33773 inf 389 1e-05 1
100000 4 36113 100000 390 1e-05 1
100000 4 34997 inf 391 1e-05 1
100000 4 33421 200000 392 1e-05 1
100000 4 29199 200000 393 1e-05 1
100000 4 35598 100000 394 1e-05 1
100000 4 35218 inf 395 1e-05 1
100000 4 27564 200000 396 1e-05 1
100000 4 31668 100000 397 1e-05 1
100000 4 30738 100000 398 1e-05 1
100000 4 30686 100000 399 1e-05 1
100000 4 29196 200000 400 1e-05 1
100000 4 33964 inf 401 1e-05 1
100000 4 35919 inf 402 1e-05 1
100000 4 31468 inf 403 1e-05 1
100000 4 35063 inf 404 1e-05 1
100000 4 29729 inf 405 1e-05 1
100000 4 34556 inf 406 1e-05 1
100000 4 29268 inf 407 1e-05 1
100000 4 34349 200000 408 1e-05 1
100000 4 29093 inf 409 1e-05 1
100000 4 34888 200000 410 1e-05 1
100000 4 29159 66666.6666666667 411 1e-05 1
100000 4 34358 inf 412 1e-05 1
100000 4 29938 200000 413 1e-05 1
100000 4 29660 200000 414 1e-05 1
100000 4 35001 100000 415 1e-05 1
100000 4 34626 inf 416 1e-05 1
100000 4 28888 200000 417 1e-05 1
100000 4 35672 inf 418 1e-05 1
100000 4 29003 inf 419 1e-05 1
100000 4 34336 inf 420 1e-05 1
100000 4 28578 inf 421 1e-05 1
100000 4 36074 200000 422 1e-05 1
100000 4 28979 inf 423 1e-05 1
100000 4 34689 inf 424 1e-05 1
100000 4 33191 200000 425 1e-05 1
100000 4 30747 200000 426 1e-05 1
100000 4 34290 inf 427 1e-05 1
100000 4 29922 inf 428 1e-05 1
100000 4 31522 inf 429 1e-05 1
100000 4 29994 inf 430 1e-05 1
100000 4 34642 66666.6666666667 431 1e-05 1
100000 4 32046 200000 432 1e-05 1
100000 4 24671 inf 433 1e-05 1
100000 4 25649 inf 434 1e-05 1
100000 4 25363 inf 435 1e-05 1
100000 4 21574 inf 436 1e-05 1
100000 4 25135 inf 437 1e-05 1
100000 4 25137 200000 438 1e-05 1
100000 4 25973 100000 439 1e-05 1
100000 4 20412 200000 440 1e-05 1
100000 4 25080 inf 441 1e-05 1
100000 4 25515 inf 442 1e-05 1
100000 4 25578 100000 443 1e-05 1
100000 4 25333 inf 444 1e-05 1
100000 4 25151 inf 445 1e-05 1
100000 4 25928 inf 446 1e-05 1
100000 4 26558 inf 447 1e-05 1
100000 4 25263 inf 448 1e-05 1
100000 4 25387 inf 449 1e-05 1
100000 4 24598 200000 450 1e-05 1
100000 4 25144 100000 451 1e-05 1
100000 4 20651 inf 452 1e-05 1
100000 4 25245 inf 453 1e-05 1
100000 4 24936 200000 454 1e-05 1
100000 4 25675 inf 455 1e-05 1
100000 4 25435 100000 456 1e-05 1
100000 4 25096 200000 457 1e-05 1
100000 4 25382 inf 458 1e-05 1
100000 4 25601 200000 459 1e-05 1
100000 4 25259 inf 460 1e-05 1
100000 4 25096 inf 461 1e-05 1
100000 4 24807 inf 462 1e-05 1
100000 4 25085 100000 463 1e-05 1
100000 4 26186 inf 464 1e-05 1
100000 4 25825 inf 465 1e-05 1
100000 4 21935 inf 466 1e-05 1
100000 4 19853 inf 467 1e-05 1
100000 4 25853 inf 468 1e-05 1
100000 4 20232 200000 469 1e-05 1
100000 4 25261 inf 470 1e-05 1
100000 4 25596 200000 471 1e-05 1
100000 4 25482 inf 472 1e-05 1
100000 4 25521 200000 473 1e-05 1
100000 4 19838 200000 474 1e-05 1
100000 4 24970 inf 475 1e-05 1
100000 4 24870 200000 476 1e-05 1
100000 4 25109 inf 477 1e-05 1
100000 4 26257 200000 478 1e-05 1
100000 4 20307 200000 479 1e-05 1
100000 4 25408 100000 480 1e-05 1
100000 4 21477 inf 481 1e-05 1
100000 4 25612 200000 482 1e-05 1
100000 4 25554 inf 483 1e-05 1
100000 4 25415 inf 484 1e-05 1
100000 4 103422 100000 485 1e-05 1
100000 4 225360 200000 486 1e-05 1
100000 4 186110 100000 487 1e-05 1
100000 4 219899 inf 488 1e-05 1
100000 4 224107 200000 489 1e-05 1
100000 4 208584 200000 490 1e-05 1
100000 4 203059 inf 491 1e-05 1
100000 4 190293 inf 492 1e-05 1
100000 4 179087 inf 493 1e-05 1
100000 4 179414 inf 494 1e-05 1
100000 4 227061 200000 495 1e-05 1
100000 4 185763 100000 496 1e-05 1
100000 4 207275 100000 497 1e-05 1
100000 4 180850 inf 498 1e-05 1
100000 4 223219 inf 499 1e-05 1
100000 4 180052 200000 500 1e-05 1
100000 4 202334 100000 501 1e-05 1
100000 4 190243 inf 502 1e-05 1
100000 4 204781 inf 503 1e-05 1
100000 4 224608 200000 504 1e-05 1
100000 4 223446 inf 505 1e-05 1
100000 4 180132 200000 506 1e-05 1
100000 4 213670 inf 507 1e-05 1
100000 4 184800 inf 508 1e-05 1
100000 4 221226 inf 509 1e-05 1
100000 4 64033 200000 510 1e-05 1
100000 4 50732 inf 511 1e-05 1
100000 4 48780 inf 512 1e-05 1
100000 4 52106 inf 513 1e-05 1
100000 4 47118 200000 514 1e-05 1
100000 4 48821 inf 515 1e-05 1
100000 4 43369 inf 516 1e-05 1
100000 4 49907 200000 517 1e-05 1
100000 4 49633 inf 518 1e-05 1
100000 4 44635 inf 519 1e-05 1
100000 4 49093 inf 520 1e-05 1
100000 4 43567 inf 521 1e-05 1
100000 4 50910 40000 522 1e-05 1
100000 4 43388 200000 523 1e-05 1
100000 4 49006 200000 524 1e-05 1
100000 4 51062 100000 525 1e-05 1
100000 4 50349 inf 526 1e-05 1
100000 4 53031 200000 527 1e-05 1
100000 4 44122 inf 528 1e-05 1
100000 4 51025 200000 529 1e-05 1
100000 4 51664 200000 530 1e-05 1
100000 4 50698 inf 531 1e-05 1
100000 4 49058 200000 532 1e-05 1
100000 4 49531 100000 533 1e-05 1
100000 4 51173 40000 534 1e-05 1
100000 4 51762 200000 535 1e-05 1
100000 4 45804 66666.6666666667 536 1e-05 1
100000 4 51874 inf 537 1e-05 1
100000 4 49976 inf 538 1e-05 1
100000 4 44871 inf 539 1e-05 1
100000 4 52071 inf 540 1e-05 1
100000 4 49658 inf 541 1e-05 1
100000 4 51287 200000 542 1e-05 1
100000 4 52518 100000 543 1e-05 1
100000 4 51247 200000 544 1e-05 1
100000 4 49398 inf 545 1e-05 1
100000 4 47684 inf 546 1e-05 1
100000 4 49099 200000 547 1e-05 1
100000 4 39914 inf 548 1e-05 1
100000 4 41547 inf 549 1e-05 1
100000 4 48648 66666.6666666667 550 1e-05 1
100000 4 47741 inf 551 1e-05 1
100000 4 47372 inf 552 1e-05 1
100000 4 48123 200000 553 1e-05 1
100000 4 46228 200000 554 1e-05 1
100000 4 41815 200000 555 1e-05 1
100000 4 45846 inf 556 1e-05 1
100000 4 37713 inf 557 1e-05 1
100000 4 44402 inf 558 1e-05 1
100000 4 40767 200000 559 1e-05 1
100000 4 46032 inf 560 1e-05 1
100000 4 39430 200000 561 1e-05 1
100000 4 47045 200000 562 1e-05 1
100000 4 39447 inf 563 1e-05 1
100000 4 46323 inf 564 1e-05 1
100000 4 41295 200000 565 1e-05 1
100000 4 45379 inf 566 1e-05 1
100000 4 46079 200000 567 1e-05 1
100000 4 48119 200000 568 1e-05 1
100000 4 45198 inf 569 1e-05 1
100000 4 40931 inf 570 1e-05 1
100000 4 42807 200000 571 1e-05 1
100000 4 38575 inf 572 1e-05 1
100000 4 41072 inf 573 1e-05 1
100000 4 41079 inf 574 1e-05 1
100000 4 45386 200000 575 1e-05 1
100000 4 38984 200000 576 1e-05 1
100000 4 47545 200000 577 1e-05 1
100000 4 45523 inf 578 1e-05 1
100000 4 47491 200000 579 1e-05 1
100000 4 48357 200000 580 1e-05 1
100000 4 47423 inf 581 1e-05 1
100000 4 47457 inf 582 1e-05 1
100000 4 45890 100000 583 1e-05 1
100000 4 46097 200000 584 1e-05 1
100000 4 46297 200000 585 1e-05 1
100000 4 46225 inf 586 1e-05 1
100000 4 45311 inf 587 1e-05 1
100000 4 47580 inf 588 1e-05 1
100000 4 43350 200000 589 1e-05 1
100000 4 38452 inf 590 1e-05 1
100000 4 43213 200000 591 1e-05 1
100000 4 44170 inf 592 1e-05 1
100000 4 42861 inf 593 1e-05 1
100000 4 42919 inf 594 1e-05 1
100000 4 45113 200000 595 1e-05 1
100000 4 42716 inf 596 1e-05 1
100000 4 44807 200000 597 1e-05 1
100000 4 44835 inf 598 1e-05 1
100000 4 39474 inf 599 1e-05 1
100000 4 44000 200000 600 1e-05 1
100000 4 36609 inf 601 1e-05 1
100000 4 43283 200000 602 1e-05 1
100000 4 43303 inf 603 1e-05 1
100000 4 44057 inf 604 1e-05 1
100000 4 44981 200000 605 1e-05 1
100000 4 42307 50000 606 1e-05 1
100000 4 44253 200000 607 1e-05 1
100000 4 43486 inf 608 1e-05 1
100000 4 44961 inf 609 1e-05 1
100000 4 39012 66666.6666666667 610 1e-05 1
100000 4 37493 inf 611 1e-05 1
100000 4 43122 inf 612 1e-05 1
100000 4 38997 200000 613 1e-05 1
100000 4 40233 inf 614 1e-05 1
100000 4 43365 200000 615 1e-05 1
100000 4 45318 inf 616 1e-05 1
100000 4 44783 inf 617 1e-05 1
100000 4 39444 100000 618 1e-05 1
100000 4 43172 inf 619 1e-05 1
100000 4 39413 200000 620 1e-05 1
100000 4 37015 inf 621 1e-05 1
100000 4 44487 inf 622 1e-05 1
100000 4 42983 100000 623 1e-05 1
100000 4 37612 200000 624 1e-05 1
100000 4 37318 inf 625 1e-05 1
100000 4 37531 inf 626 1e-05 1
100000 4 39327 200000 627 1e-05 1
100000 4 45521 200000 628 1e-05 1
100000 4 44242 200000 629 1e-05 1
100000 4 42333 inf 630 1e-05 1
100000 4 43252 200000 631 1e-05 1
100000 4 44779 inf 632 1e-05 1
100000 4 42268 200000 633 1e-05 1
100000 4 44335 40000 634 1e-05 1
100000 4 43483 200000 635 1e-05 1
100000 4 44786 inf 636 1e-05 1
100000 4 44065 200000 637 1e-05 1
100000 4 42461 inf 638 1e-05 1
100000 4 35990 inf 639 1e-05 1
100000 4 40320 inf 640 1e-05 1
100000 4 34007 200000 641 1e-05 1
100000 4 42375 66666.6666666667 642 1e-05 1
100000 4 36269 inf 643 1e-05 1
100000 4 37897 inf 644 1e-05 1
100000 4 42899 inf 645 1e-05 1
100000 4 44512 66666.6666666667 646 1e-05 1
100000 4 38290 200000 647 1e-05 1
100000 4 43612 200000 648 1e-05 1
100000 4 37873 200000 649 1e-05 1
100000 4 41520 200000 650 1e-05 1
100000 4 40655 inf 651 1e-05 1
100000 4 42844 inf 652 1e-05 1
100000 4 39913 inf 653 1e-05 1
100000 4 43255 200000 654 1e-05 1
100000 4 41701 inf 655 1e-05 1
100000 4 39462 inf 656 1e-05 1
100000 4 38939 200000 657 1e-05 1
100000 4 38128 200000 658 1e-05 1
100000 4 43012 100000 659 1e-05 1
100000 4 42230 100000 660 1e-05 1
100000 4 43233 100000 661 1e-05 1
100000 4 42723 inf 662 1e-05 1
100000 4 42885 100000 663 1e-05 1
100000 4 42183 inf 664 1e-05 1
100000 4 41309 inf 665 1e-05 1
100000 4 41488 100000 666 1e-05 1
100000 4 43599 inf 667 1e-05 1
100000 4 40916 100000 668 1e-05 1
100000 4 42816 200000 669 1e-05 1
100000 4 43456 200000 670 1e-05 1
100000 4 38050 200000 671 1e-05 1
100000 4 35166 200000 672 1e-05 1
100000 4 37205 200000 673 1e-05 1
100000 4 42796 100000 674 1e-05 1
100000 4 41272 100000 675 1e-05 1
100000 4 41047 200000 676 1e-05 1
100000 4 40527 inf 677 1e-05 1
100000 4 41314 inf 678 1e-05 1
100000 4 43233 200000 679 1e-05 1
100000 4 35518 100000 680 1e-05 1
100000 4 43101 inf 681 1e-05 1
100000 4 35375 inf 682 1e-05 1
100000 4 43202 inf 683 1e-05 1
100000 4 41574 inf 684 1e-05 1
100000 4 43383 200000 685 1e-05 1
100000 4 42363 200000 686 1e-05 1
100000 4 40960 200000 687 1e-05 1
100000 4 40499 200000 688 1e-05 1
100000 4 39546 inf 689 1e-05 1
100000 4 40700 100000 690 1e-05 1
100000 4 41022 inf 691 1e-05 1
100000 4 35698 inf 692 1e-05 1
100000 4 39114 inf 693 1e-05 1
100000 4 39503 200000 694 1e-05 1
100000 4 35433 inf 695 1e-05 1
100000 4 39282 200000 696 1e-05 1
100000 4 34910 inf 697 1e-05 1
100000 4 40380 inf 698 1e-05 1
100000 4 39631 200000 699 1e-05 1
100000 4 41384 inf 700 1e-05 1
100000 4 40377 100000 701 1e-05 1
100000 4 40478 200000 702 1e-05 1
100000 4 39273 inf 703 1e-05 1
100000 4 40581 200000 704 1e-05 1
100000 4 39712 inf 705 1e-05 1
100000 4 33544 inf 706 1e-05 1
100000 4 38743 200000 707 1e-05 1
100000 4 40881 inf 708 1e-05 1
100000 4 37022 200000 709 1e-05 1
100000 4 41119 inf 710 1e-05 1
100000 4 33485 100000 711 1e-05 1
100000 4 40701 200000 712 1e-05 1
100000 4 39994 200000 713 1e-05 1
100000 4 40995 200000 714 1e-05 1
100000 4 41447 200000 715 1e-05 1
100000 4 36733 200000 716 1e-05 1
100000 4 35498 100000 717 1e-05 1
100000 4 41196 inf 718 1e-05 1
100000 4 36689 inf 719 1e-05 1
100000 4 35241 inf 720 1e-05 1
100000 4 36177 inf 721 1e-05 1
100000 4 39881 inf 722 1e-05 1
100000 4 40729 200000 723 1e-05 1
100000 4 39516 200000 724 1e-05 1
100000 4 33739 200000 725 1e-05 1
100000 4 40403 inf 726 1e-05 1
100000 4 39243 inf 727 1e-05 1
100000 4 37017 inf 728 1e-05 1
100000 4 34962 inf 729 1e-05 1
100000 4 41162 200000 730 1e-05 1
100000 4 41111 200000 731 1e-05 1
100000 4 34439 inf 732 1e-05 1
100000 4 40463 200000 733 1e-05 1
100000 4 39635 200000 734 1e-05 1
100000 4 35731 200000 735 1e-05 1
100000 4 40589 inf 736 1e-05 1
100000 4 35966 100000 737 1e-05 1
100000 4 34339 100000 738 1e-05 1
100000 4 32322 100000 739 1e-05 1
100000 4 39287 66666.6666666667 740 1e-05 1
100000 4 32304 inf 741 1e-05 1
100000 4 39046 66666.6666666667 742 1e-05 1
100000 4 33137 66666.6666666667 743 1e-05 1
100000 4 34117 inf 744 1e-05 1
100000 4 33741 200000 745 1e-05 1
100000 4 38499 200000 746 1e-05 1
100000 4 32256 inf 747 1e-05 1
100000 4 38148 100000 748 1e-05 1
100000 4 33955 inf 749 1e-05 1
100000 4 34150 inf 750 1e-05 1
100000 4 39166 200000 751 1e-05 1
100000 4 33874 100000 752 1e-05 1
100000 4 34186 inf 753 1e-05 1
100000 4 33339 200000 754 1e-05 1
100000 4 38943 200000 755 1e-05 1
100000 4 39383 inf 756 1e-05 1
100000 4 38832 100000 757 1e-05 1
100000 4 33948 inf 758 1e-05 1
100000 4 37782 200000 759 1e-05 1
100000 4 39661 inf 760 1e-05 1
100000 4 34753 inf 761 1e-05 1
100000 4 37336 100000 762 1e-05 1
100000 4 39942 inf 763 1e-05 1
100000 4 37395 200000 764 1e-05 1
100000 4 36895 100000 765 1e-05 1
100000 4 34228 inf 766 1e-05 1
100000 4 33811 inf 767 1e-05 1
100000 4 38100 200000 768 1e-05 1
100000 4 33640 66666.6666666667 769 1e-05 1
100000 4 33791 inf 770 1e-05 1
100000 4 38699 inf 771 1e-05 1
100000 4 35367 inf 772 1e-05 1
100000 4 39947 inf 773 1e-05 1
100000 4 37909 inf 774 1e-05 1
100000 4 34858 200000 775 1e-05 1
100000 4 37585 50000 776 1e-05 1
100000 4 38783 200000 777 1e-05 1
100000 4 38025 200000 778 1e-05 1
100000 4 38066 inf 779 1e-05 1
100000 4 37092 inf 780 1e-05 1
100000 4 39011 inf 781 1e-05 1
100000 4 38679 200000 782 1e-05 1
100000 4 33625 inf 783 1e-05 1
100000 4 39949 inf 784 1e-05 1
100000 4 37981 100000 785 1e-05 1
100000 4 38319 inf 786 1e-05 1
100000 4 38634 200000 787 1e-05 1
100000 4 37501 100000 788 1e-05 1
100000 4 38591 inf 789 1e-05 1
100000 4 38086 200000 790 1e-05 1
100000 4 38763 66666.6666666667 791 1e-05 1
100000 4 39124 200000 792 1e-05 1
100000 4 35512 inf 793 1e-05 1
100000 4 37010 inf 794 1e-05 1
100000 4 37365 inf 795 1e-05 1
100000 4 38018 inf 796 1e-05 1
100000 4 36735 100000 797 1e-05 1
100000 4 35821 200000 798 1e-05 1
100000 4 38394 inf 799 1e-05 1
100000 4 32475 200000 800 1e-05 1
100000 4 32090 100000 801 1e-05 1
100000 4 37289 200000 802 1e-05 1
100000 4 36728 200000 803 1e-05 1
100000 4 29448 inf 804 1e-05 1
100000 4 31545 200000 805 1e-05 1
100000 4 36821 200000 806 1e-05 1
100000 4 34393 inf 807 1e-05 1
100000 4 36852 inf 808 1e-05 1
100000 4 37078 inf 809 1e-05 1
100000 4 36908 200000 810 1e-05 1
100000 4 36667 inf 811 1e-05 1
100000 4 32021 200000 812 1e-05 1
100000 4 37311 200000 813 1e-05 1
100000 4 35299 inf 814 1e-05 1
100000 4 36653 100000 815 1e-05 1
100000 4 31148 100000 816 1e-05 1
100000 4 36759 200000 817 1e-05 1
100000 4 32637 200000 818 1e-05 1
100000 4 37849 inf 819 1e-05 1
100000 4 36375 200000 820 1e-05 1
100000 4 38563 66666.6666666667 821 1e-05 1
100000 4 35476 inf 822 1e-05 1
100000 4 36501 inf 823 1e-05 1
100000 4 37167 inf 824 1e-05 1
100000 4 36177 inf 825 1e-05 1
100000 4 36785 200000 826 1e-05 1
100000 4 36429 inf 827 1e-05 1
100000 4 35679 66666.6666666667 828 1e-05 1
100000 4 36775 inf 829 1e-05 1
100000 4 37856 200000 830 1e-05 1
100000 4 31397 200000 831 1e-05 1
100000 4 36747 inf 832 1e-05 1
100000 4 36067 inf 833 1e-05 1
100000 4 32199 inf 834 1e-05 1
100000 4 31452 inf 835 1e-05 1
100000 4 31243 inf 836 1e-05 1
100000 4 36946 100000 837 1e-05 1
100000 4 36634 inf 838 1e-05 1
100000 4 30711 200000 839 1e-05 1
100000 4 37768 inf 840 1e-05 1
100000 4 30240 100000 841 1e-05 1
100000 4 36394 200000 842 1e-05 1
100000 4 37680 200000 843 1e-05 1
100000 4 36701 200000 844 1e-05 1
100000 4 37271 inf 845 1e-05 1
100000 4 32924 inf 846 1e-05 1
100000 4 36668 200000 847 1e-05 1
100000 4 32232 inf 848 1e-05 1
100000 4 35961 inf 849 1e-05 1
100000 4 33502 inf 850 1e-05 1
100000 4 35611 inf 851 1e-05 1
100000 4 29821 inf 852 1e-05 1
100000 4 35814 inf 853 1e-05 1
100000 4 30583 200000 854 1e-05 1
100000 4 35191 inf 855 1e-05 1
100000 4 34092 inf 856 1e-05 1
100000 4 35938 200000 857 1e-05 1
100000 4 34373 200000 858 1e-05 1
100000 4 34646 100000 859 1e-05 1
100000 4 34534 inf 860 1e-05 1
100000 4 36851 200000 861 1e-05 1
100000 4 35905 inf 862 1e-05 1
100000 4 35639 100000 863 1e-05 1
100000 4 33425 inf 864 1e-05 1
100000 4 35016 200000 865 1e-05 1
100000 4 34893 200000 866 1e-05 1
100000 4 35609 inf 867 1e-05 1
100000 4 35690 200000 868 1e-05 1
100000 4 28527 inf 869 1e-05 1
100000 4 35659 inf 870 1e-05 1
100000 4 35552 100000 871 1e-05 1
100000 4 36637 inf 872 1e-05 1
100000 4 35506 66666.6666666667 873 1e-05 1
100000 4 31346 100000 874 1e-05 1
100000 4 30130 inf 875 1e-05 1
100000 4 30313 200000 876 1e-05 1
100000 4 34339 inf 877 1e-05 1
100000 4 36555 inf 878 1e-05 1
100000 4 36320 100000 879 1e-05 1
100000 4 36126 200000 880 1e-05 1
100000 4 29915 inf 881 1e-05 1
100000 4 31466 inf 882 1e-05 1
100000 4 35290 200000 883 1e-05 1
100000 4 35276 200000 884 1e-05 1
100000 4 32396 200000 885 1e-05 1
100000 4 37047 inf 886 1e-05 1
100000 4 34321 inf 887 1e-05 1
100000 4 35259 inf 888 1e-05 1
100000 4 35119 100000 889 1e-05 1
100000 4 35395 200000 890 1e-05 1
100000 4 34866 200000 891 1e-05 1
100000 4 29258 inf 892 1e-05 1
100000 4 34908 inf 893 1e-05 1
100000 4 35438 66666.6666666667 894 1e-05 1
100000 4 36031 200000 895 1e-05 1
100000 4 29765 200000 896 1e-05 1
100000 4 29963 200000 897 1e-05 1
100000 4 36261 100000 898 1e-05 1
100000 4 34398 inf 899 1e-05 1
100000 4 34981 inf 900 1e-05 1
100000 4 35857 inf 901 1e-05 1
100000 4 35778 inf 902 1e-05 1
100000 4 30604 inf 903 1e-05 1
100000 4 32010 inf 904 1e-05 1
100000 4 35541 inf 905 1e-05 1
100000 4 36086 200000 906 1e-05 1
100000 4 32776 66666.6666666667 907 1e-05 1
100000 4 21652 inf 908 1e-05 1
100000 4 21835 66666.6666666667 909 1e-05 1
100000 4 25297 inf 910 1e-05 1
100000 4 21201 200000 911 1e-05 1
100000 4 22408 inf 912 1e-05 1
100000 4 24520 66666.6666666667 913 1e-05 1
100000 4 26287 200000 914 1e-05 1
100000 4 24506 inf 915 1e-05 1
100000 4 21589 inf 916 1e-05 1
100000 4 24948 50000 917 1e-05 1
100000 4 25901 inf 918 1e-05 1
100000 4 26039 100000 919 1e-05 1
100000 4 20383 inf 920 1e-05 1
100000 4 25418 100000 921 1e-05 1
100000 4 25888 inf 922 1e-05 1
100000 4 25867 inf 923 1e-05 1
100000 4 26871 100000 924 1e-05 1
100000 4 25347 inf 925 1e-05 1
100000 4 25072 100000 926 1e-05 1
100000 4 25434 inf 927 1e-05 1
100000 4 25590 inf 928 1e-05 1
100000 4 25249 inf 929 1e-05 1
100000 4 25395 inf 930 1e-05 1
100000 4 20563 100000 931 1e-05 1
100000 4 21211 200000 932 1e-05 1
100000 4 25505 200000 933 1e-05 1
100000 4 25805 200000 934 1e-05 1
100000 4 25611 200000 935 1e-05 1
100000 4 25412 200000 936 1e-05 1
100000 4 21257 200000 937 1e-05 1
100000 4 157560 200000 938 1e-05 1
100000 4 222247 200000 939 1e-05 1
100000 4 222829 200000 940 1e-05 1
100000 4 218840 100000 941 1e-05 1
100000 4 218292 inf 942 1e-05 1
100000 4 222383 inf 943 1e-05 1
100000 4 222281 inf 944 1e-05 1
100000 4 222993 inf 945 1e-05 1
100000 4 221478 inf 946 1e-05 1
100000 4 185669 200000 947 1e-05 1
100000 4 187352 200000 948 1e-05 1
100000 4 221262 inf 949 1e-05 1
100000 4 197240 inf 950 1e-05 1
100000 4 182874 200000 951 1e-05 1
100000 4 185705 inf 952 1e-05 1
100000 4 217483 200000 953 1e-05 1
100000 4 223131 100000 954 1e-05 1
100000 4 208985 inf 955 1e-05 1
100000 4 220281 inf 956 1e-05 1
100000 4 216418 inf 957 1e-05 1
100000 4 181711 200000 958 1e-05 1
100000 4 217489 inf 959 1e-05 1
100000 4 222994 inf 960 1e-05 1
100000 4 197560 200000 961 1e-05 1
100000 4 44950 inf 962 1e-05 1
100000 4 50712 inf 963 1e-05 1
100000 4 52969 200000 964 1e-05 1
100000 4 46439 inf 965 1e-05 1
100000 4 44161 100000 966 1e-05 1
100000 4 51584 100000 967 1e-05 1
100000 4 46916 inf 968 1e-05 1
100000 4 41605 100000 969 1e-05 1
100000 4 49160 inf 970 1e-05 1
100000 4 39731 inf 971 1e-05 1
100000 4 46816 inf 972 1e-05 1
100000 4 46460 inf 973 1e-05 1
100000 4 47257 200000 974 1e-05 1
100000 4 38602 66666.6666666667 975 1e-05 1
100000 4 41520 100000 976 1e-05 1
100000 4 41851 200000 977 1e-05 1
100000 4 46369 inf 978 1e-05 1
100000 4 42917 inf 979 1e-05 1
100000 4 40917 100000 980 1e-05 1
100000 4 47184 inf 981 1e-05 1
100000 4 44875 inf 982 1e-05 1
100000 4 47605 100000 983 1e-05 1
100000 4 46956 200000 984 1e-05 1
100000 4 47467 200000 985 1e-05 1
100000 4 47236 200000 986 1e-05 1
100000 4 39876 200000 987 1e-05 1
100000 4 43155 inf 988 1e-05 1
100000 4 46964 inf 989 1e-05 1
100000 4 42291 inf 990 1e-05 1
100000 4 41187 200000 991 1e-05 1
100000 4 46337 200000 992 1e-05 1
100000 4 47374 inf 993 1e-05 1
100000 4 48591 inf 994 1e-05 1
100000 4 46817 inf 995 1e-05 1
100000 4 39227 inf 996 1e-05 1
100000 4 48724 inf 997 1e-05 1
100000 4 47184 200000 998 1e-05 1
100000 4 45524 100000 999 1e-05 1
100000 4 39379 inf 1000 1e-05 1
