100000 4 17667 10.5418511490618 1 0.3 1
100000 4 20534 10.4744946056353 2 0.3 1
100000 4 22392 10.584250635055 3 0.3 1
100000 4 25701 10.436234606554 4 0.3 1
100000 4 24875 10.4101603164689 5 0.3 1
100000 4 25197 10.4356900600052 6 0.3 1
100000 4 25107 10.418837257762 7 0.3 1
100000 4 25709 10.5135888135415 8 0.3 1
100000 4 24766 10.5235464351486 9 0.3 1
100000 4 25370 10.4139546992971 10 0.3 1
100000 4 25504 10.5596620908131 11 0.3 1
100000 4 25303 10.4465917994254 12 0.3 1
100000 4 25566 10.5119310417324 13 0.3 1
100000 4 25666 10.3977125032493 14 0.3 1
100000 4 25621 10.4558762024258 15 0.3 1
100000 4 24954 10.5064089094348 16 0.3 1
100000 4 24935 10.386373078521 17 0.3 1
100000 4 25550 10.4389581919724 18 0.3 1
100000 4 24882 10.4871270515442 19 0.3 1
100000 4 25392 10.4575163398693 20 0.3 1
100000 4 32880 10.5741778576716 21 0.3 1
100000 4 223935 10.4937299963272 22 0.3 1
100000 4 223516 10.5169059262765 23 0.3 1
100000 4 219002 10.6128946670204 24 0.3 1
100000 4 223057 10.5507491031863 25 0.3 1
100000 4 223700 10.4964836779679 26 0.3 1
100000 4 222645 10.4220948410631 27 0.3 1
100000 4 222201 10.530749789385 28 0.3 1
100000 4 217074 10.530749789385 29 0.3 1
100000 4 182238 10.5146942852637 30 0.3 1
100000 4 191536 10.6371662589086 31 0.3 1
100000 4 220816 10.4139546992971 32 0.3 1
100000 4 217114 10.5602196525688 33 0.3 1
100000 4 223937 10.420465794821 34 0.3 1
100000 4 222610 10.497034587729 35 0.3 1
100000 4 225250 10.4701078421108 36 0.3 1
100000 4 185542 10.3885310617079 37 0.3 1
100000 4 222023 10.4607981588995 38 0.3 1
100000 4 225358 10.5346326046879 39 0.3 1
100000 4 223124 10.4096184874824 40 0.3 1
100000 4 223304 10.5780927698736 41 0.3 1
100000 4 219381 10.5485232067511 42 0.3 1
100000 4 183320 10.4690117252931 43 0.3 1
100000 4 222581 10.5457421566043 44 0.3 1
100000 4 56352 10.371292263016 45 0.3 1
100000 4 51004 10.489877268436 46 0.3 1
100000 4 51136 10.4493207941484 47 0.3 1
100000 4 51168 10.4515050167224 48 0.3 1
100000 4 42018 10.4624398409709 49 0.3 1
100000 4 44370 10.420465794821 50 0.3 1
100000 4 44505 10.4090767148954 51 0.3 1
100000 4 43085 10.4783360402368 52 0.3 1
100000 4 42744 10.4937299963272 53 0.3 1
100000 4 43209 10.3423311614438 54 0.3 1
100000 4 41169 10.4269850372765 55 0.3 1
100000 4 44224 10.5513057240834 56 0.3 1
100000 4 45248 10.5108261509355 57 0.3 1
100000 4 47460 10.4161241602 58 0.3 1
100000 4 48962 10.3772116432315 59 0.3 1
100000 4 46743 10.4123281965848 60 0.3 1
100000 4 49039 10.481081647626 61 0.3 1
100000 4 40757 10.3982530934803 62 0.3 1
100000 4 40349 10.4805324110465 63 0.3 1
100000 4 45048 10.5624504885133 64 0.3 1
100000 4 46537 10.5385182843292 65 0.3 1
100000 4 47935 10.5008925758689 66 0.3 1
100000 4 45990 10.4597039903771 67 0.3 1
100000 4 44920 10.4482290251802 68 0.3 1
100000 4 47511 10.5218855218855 69 0.3 1
100000 4 46701 10.406368697643 70 0.3 1
100000 4 45323 10.4069101883651 71 0.3 1
100000 4 47729 10.3680663556247 72 0.3 1
100000 4 45960 10.4536901526239 73 0.3 1
100000 4 46159 10.4772382000105 74 0.3 1
100000 4 41241 10.3971719692244 75 0.3 1
100000 4 44208 10.4777870913663 76 0.3 1
100000 4 45872 10.5257618020104 77 0.3 1
100000 4 47603 10.4761405898067 78 0.3 1
100000 4 39554 10.386373078521 79 0.3 1
100000 4 45025 10.4624398409709 80 0.3 1
100000 4 38554 10.4553296042658 81 0.3 1
100000 4 44759 10.4580631667015 82 0.3 1
100000 4 44627 10.5268698352545 83 0.3 1
100000 4 47528 10.575296108291 84 0.3 1
100000 4 37873 10.3815208928108 85 0.3 1
100000 4 46304 10.4739460591778 86 0.3 1
100000 4 39417 10.3896103896104 87 0.3 1
100000 4 44277 10.4378685872345 88 0.3 1
100000 4 37206 10.5546466832023 89 0.3 1
100000 4 46377 10.5708245243129 90 0.3 1
100000 4 43579 10.5069608615708 91 0.3 1
100000 4 44141 10.4525974704714 92 0.3 1
100000 4 40097 10.4739460591778 93 0.3 1
100000 4 44946 10.535187526338 94 0.3 1
100000 4 38428 10.4085349986989 95 0.3 1
100000 4 44087 10.5075128717033 96 0.3 1
100000 4 46345 10.500341261091 97 0.3 1
100000 4 46010 10.501995379122 98 0.3 1
100000 4 47304 10.5064089094348 99 0.3 1
100000 4 46575 10.5708245243129 100 0.3 1
100000 4 46425 10.4553296042658 101 0.3 1
100000 4 43208 10.5224391013837 102 0.3 1
100000 4 42810 10.5624504885133 103 0.3 1
100000 4 46244 10.443864229765 104 0.3 1
100000 4 40333 10.4832791697243 105 0.3 1
100000 4 39870 10.3257783055398 106 0.3 1
100000 4 42901 10.5457421566043 107 0.3 1
100000 4 44543 10.4975855553223 108 0.3 1
100000 4 35977 10.478885046631 109 0.3 1
100000 4 37144 10.4805324110465 110 0.3 1
100000 4 38254 10.4264414555312 111 0.3 1
100000 4 42961 10.4832791697243 112 0.3 1
100000 4 35896 10.5324135025541 113 0.3 1
100000 4 43004 10.5407399599452 114 0.3 1
100000 4 35538 10.4706559865976 115 0.3 1
100000 4 38926 10.4531437829927 116 0.3 1
100000 4 36924 10.497034587729 117 0.3 1
100000 4 37368 10.4893271096659 118 0.3 1
100000 4 42902 10.4635345819818 119 0.3 1
100000 4 36018 10.5080649398413 120 0.3 1
100000 4 41537 10.4728491386082 121 0.3 1
100000 4 37496 10.4031209362809 122 0.3 1
100000 4 43046 10.478885046631 123 0.3 1
100000 4 43193 10.4036620890553 124 0.3 1
100000 4 45542 10.4455006006163 125 0.3 1
100000 4 44443 10.5390736154292 126 0.3 1
100000 4 34450 10.3766732385597 127 0.3 1
100000 4 38897 10.5429625724829 128 0.3 1
100000 4 37109 10.4237243967269 129 0.3 1
100000 4 41950 10.4085349986989 130 0.3 1
100000 4 42099 10.5702658421859 131 0.3 1
100000 4 38611 10.5218855218855 132 0.3 1
100000 4 37302 10.3960910697578 133 0.3 1
100000 4 36471 10.4324239737103 134 0.3 1
100000 4 38311 10.4069101883651 135 0.3 1
100000 4 37182 10.5246540019997 136 0.3 1
100000 4 36433 10.5340777414937 137 0.3 1
100000 4 45030 10.3551827689759 138 0.3 1
100000 4 43215 10.547966879384 139 0.3 1
100000 4 43236 10.4843782763682 140 0.3 1
100000 4 42889 10.4139546992971 141 0.3 1
100000 4 44150 10.5618926911703 142 0.3 1
100000 4 43454 10.5252078728555 143 0.3 1
100000 4 44467 10.5008925758689 144 0.3 1
100000 4 44338 10.4242676951944 145 0.3 1
100000 4 44320 10.4536901526239 146 0.3 1
100000 4 44129 10.575296108291 147 0.3 1
100000 4 44432 10.3998752014976 148 0.3 1
100000 4 43490 10.4253544620517 149 0.3 1
100000 4 42997 10.4335124419636 150 0.3 1
100000 4 38219 10.4717524477721 151 0.3 1
100000 4 38110 10.4602510460251 152 0.3 1
100000 4 38856 10.4871270515442 153 0.3 1
100000 4 41667 10.4079933388843 154 0.3 1
100000 4 45283 10.3858337228021 155 0.3 1
100000 4 35343 10.5008925758689 156 0.3 1
100000 4 40872 10.489877268436 157 0.3 1
100000 4 35073 10.4258979304593 158 0.3 1
100000 4 41261 10.4799832320268 159 0.3 1
100000 4 33909 10.5501925410139 160 0.3 1
100000 4 41035 10.4384133611691 161 0.3 1
100000 4 40456 10.5157999894842 162 0.3 1
100000 4 42279 10.3423311614438 163 0.3 1
100000 4 39924 10.3858337228021 164 0.3 1
100000 4 37679 10.4553296042658 165 0.3 1
100000 4 36510 10.5075128717033 166 0.3 1
100000 4 40045 10.4182945251862 167 0.3 1
100000 4 42381 10.5524191420883 168 0.3 1
100000 4 40591 10.4668201800293 169 0.3 1
100000 4 41670 10.522992739135 170 0.3 1
100000 4 36370 10.4536901526239 171 0.3 1
100000 4 42208 10.406368697643 172 0.3 1
100000 4 42270 10.4799832320268 173 0.3 1
100000 4 42566 10.5064089094348 174 0.3 1
100000 4 43136 10.4215517690584 175 0.3 1
100000 4 40990 10.4242676951944 176 0.3 1
100000 4 42229 10.4025798398003 177 0.3 1
100000 4 43188 10.5141415203449 178 0.3 1
100000 4 40903 10.4155817102385 179 0.3 1
100000 4 42537 10.3982530934803 180 0.3 1
100000 4 42975 10.4515050167224 181 0.3 1
100000 4 42384 10.4444096297457 182 0.3 1
100000 4 41585 10.4444096297457 183 0.3 1
100000 4 40226 10.6490602204355 184 0.3 1
100000 4 40997 10.4042032981324 185 0.3 1
100000 4 41308 10.4422283715345 186 0.3 1
100000 4 37185 10.3836768599761 187 0.3 1
100000 4 39916 10.5357425064531 188 0.3 1
100000 4 36124 10.4597039903771 189 0.3 1
100000 4 39948 10.6067034365719 190 0.3 1
100000 4 39598 10.4090767148954 191 0.3 1
100000 4 43877 10.5446301470976 192 0.3 1
100000 4 41718 10.4123281965848 193 0.3 1
100000 4 42768 10.465724751439 194 0.3 1
100000 4 43353 10.6241699867198 195 0.3 1
100000 4 42053 10.3928497193931 196 0.3 1
100000 4 42047 10.527423939362 197 0.3 1
100000 4 44062 10.4728491386082 198 0.3 1
100000 4 40825 10.4777870913663 199 0.3 1
100000 4 41773 10.3707544723879 200 0.3 1
100000 4 36222 10.4882269652315 201 0.3 1
100000 4 37738 10.653030787259 202 0.3 1
100000 4 41065 10.4992388051866 203 0.3 1
100000 4 42107 10.4701078421108 204 0.3 1
100000 4 42024 10.4476832262446 205 0.3 1
100000 4 34955 10.4340567612688 206 0.3 1
100000 4 39355 10.4629871828407 207 0.3 1
100000 4 32951 10.4318798247444 208 0.3 1
100000 4 38353 10.5113785672991 209 0.3 1
100000 4 33986 10.5146942852637 210 0.3 1
100000 4 39760 10.5014439485429 211 0.3 1
100000 4 38643 10.6286868257427 212 0.3 1
100000 4 40650 10.3745201784417 213 0.3 1
100000 4 35060 10.498687664042 214 0.3 1
100000 4 37931 10.3852944230969 215 0.3 1
100000 4 31832 10.4515050167224 216 0.3 1
100000 4 40852 10.6089539571398 217 0.3 1
100000 4 39750 10.5268698352545 218 0.3 1
100000 4 40615 10.4838286942391 219 0.3 1
100000 4 41093 10.4226379696701 220 0.3 1
100000 4 34676 10.4351455702807 221 0.3 1
100000 4 39224 10.5904156738152 222 0.3 1
100000 4 33762 10.5474106106951 223 0.3 1
100000 4 38216 10.49042748492 224 0.3 1
100000 4 38762 10.4139546992971 225 0.3 1
100000 4 40360 10.5407399599452 226 0.3 1
100000 4 40776 10.4964836779679 227 0.3 1
100000 4 40718 10.404744563521 228 0.3 1
100000 4 34804 10.4525974704714 229 0.3 1
100000 4 37697 10.5474106106951 230 0.3 1
100000 4 33017 10.6010813102936 231 0.3 1
100000 4 39326 10.4231811548885 232 0.3 1
100000 4 39303 10.4536901526239 233 0.3 1
100000 4 40202 10.4717524477721 234 0.3 1
100000 4 40884 10.4569695702186 235 0.3 1
100000 4 33568 10.3729059696074 236 0.3 1
100000 4 41100 10.4766893661603 237 0.3 1
100000 4 32252 10.4433188867422 238 0.3 1
100000 4 35489 10.5457421566043 239 0.3 1
100000 4 33798 10.482180293501 240 0.3 1
100000 4 40426 10.3755965968043 241 0.3 1
100000 4 32183 10.4915280910665 242 0.3 1
100000 4 36145 10.5808909110147 243 0.3 1
100000 4 34447 10.4351455702807 244 0.3 1
100000 4 38464 10.478885046631 245 0.3 1
100000 4 40113 10.3337811305157 246 0.3 1
100000 4 40599 10.3815208928108 247 0.3 1
100000 4 39636 10.4444096297457 248 0.3 1
100000 4 39974 10.4662724370715 249 0.3 1
100000 4 38204 10.5663567202029 250 0.3 1
100000 4 40077 10.5086170659941 251 0.3 1
100000 4 41142 10.3933898040846 252 0.3 1
100000 4 41145 10.5440742302826 253 0.3 1
100000 4 35172 10.3621574011709 254 0.3 1
100000 4 39676 10.4651771231228 255 0.3 1
100000 4 39061 10.4690117252931 256 0.3 1
100000 4 36018 10.3939299449122 257 0.3 1
100000 4 37974 10.4389581919724 258 0.3 1
100000 4 31783 10.5937814502887 259 0.3 1
100000 4 36772 10.49042748492 260 0.3 1
100000 4 32671 10.452051215051 261 0.3 1
100000 4 37802 10.4909777591272 262 0.3 1
100000 4 38253 10.472300764478 263 0.3 1
100000 4 39258 10.5362975450427 264 0.3 1
100000 4 37853 10.505857015286 265 0.3 1
100000 4 37305 10.4085349986989 266 0.3 1
100000 4 39034 10.487676979549 267 0.3 1
100000 4 39350 10.3858337228021 268 0.3 1
100000 4 38058 10.5036500183814 269 0.3 1
100000 4 34439 10.4242676951944 270 0.3 1
100000 4 37439 10.4373238701597 271 0.3 1
100000 4 36338 10.4020387996047 272 0.3 1
100000 4 37809 10.5535327951032 273 0.3 1
100000 4 38310 10.5591045879309 274 0.3 1
100000 4 38609 10.4069101883651 275 0.3 1
100000 4 32790 10.6587081645705 276 0.3 1
100000 4 37765 10.3971719692244 277 0.3 1
100000 4 37090 10.5451861225351 278 0.3 1
100000 4 39660 10.4199228925706 279 0.3 1
100000 4 37956 10.2595670462706 280 0.3 1
100000 4 37816 10.629816635663 281 0.3 1
100000 4 38158 10.4871270515442 282 0.3 1
100000 4 37776 10.3193849646561 283 0.3 1
100000 4 38509 10.4269850372765 284 0.3 1
100000 4 39588 10.3498240529911 285 0.3 1
100000 4 34356 10.3450059483784 286 0.3 1
100000 4 36748 10.5324135025541 287 0.3 1
100000 4 32823 10.6450926123057 288 0.3 1
100000 4 37140 10.5669149891689 289 0.3 1
100000 4 36758 10.4515050167224 290 0.3 1
100000 4 39715 10.4575163398693 291 0.3 1
100000 4 38600 10.3809820409011 292 0.3 1
100000 4 38887 10.5313043020378 293 0.3 1
100000 4 33520 10.6264279262526 294 0.3 1
100000 4 38351 10.5102737926323 295 0.3 1
100000 4 37944 10.49042748492 296 0.3 1
100000 4 39102 10.4509588754768 297 0.3 1
100000 4 39925 10.5191184978699 298 0.3 1
100000 4 37524 10.3002523561827 299 0.3 1
100000 4 39019 10.3600103600104 300 0.3 1
100000 4 38702 10.3993344425957 301 0.3 1
100000 4 39161 10.4871270515442 302 0.3 1
100000 4 39288 10.5412955252201 303 0.3 1
100000 4 38753 10.4651771231228 304 0.3 1
100000 4 38015 10.5725009250938 305 0.3 1
100000 4 39316 10.522992739135 306 0.3 1
100000 4 38175 10.561334952738 307 0.3 1
100000 4 32511 10.4031209362809 308 0.3 1
100000 4 39499 10.505857015286 309 0.3 1
100000 4 37830 10.5513057240834 310 0.3 1
100000 4 37902 10.5407399599452 311 0.3 1
100000 4 37190 10.5368526421158 312 0.3 1
100000 4 32114 10.4931794333683 313 0.3 1
100000 4 32728 10.5518624037143 314 0.3 1
100000 4 30419 10.4052858852297 315 0.3 1
100000 4 32982 10.5113785672991 316 0.3 1
100000 4 34904 10.4460461715241 317 0.3 1
100000 4 37141 10.4569695702186 318 0.3 1
100000 4 31401 10.4101603164689 319 0.3 1
100000 4 31888 10.5965878986966 320 0.3 1
100000 4 32270 10.4237243967269 321 0.3 1
100000 4 28790 10.51745898191 322 0.3 1
100000 4 32700 10.4728491386082 323 0.3 1
100000 4 32502 10.4411380840512 324 0.3 1
100000 4 32316 10.4959328260299 325 0.3 1
100000 4 30339 10.4014978156855 326 0.3 1
100000 4 33269 10.4444096297457 327 0.3 1
100000 4 36017 10.4367792099358 328 0.3 1
100000 4 36567 10.5135888135415 329 0.3 1
100000 4 33396 10.5119310417324 330 0.3 1
100000 4 35400 10.4193800468872 331 0.3 1
100000 4 34893 10.5196717862403 332 0.3 1
100000 4 37203 10.4161241602 333 0.3 1
100000 4 35653 10.3950103950104 334 0.3 1
100000 4 31417 10.5157999894842 335 0.3 1
100000 4 35048 10.4373238701597 336 0.3 1
100000 4 36858 10.4482290251802 337 0.3 1
100000 4 35328 10.4575163398693 338 0.3 1
100000 4 31687 10.5669149891689 339 0.3 1
100000 4 31144 10.4816309417745 340 0.3 1
100000 4 35561 10.3815208928108 341 0.3 1
100000 4 30921 10.4981365807569 342 0.3 1
100000 4 36149 10.3761348897536 343 0.3 1
100000 4 30436 10.4750432095532 344 0.3 1
100000 4 35260 10.4992388051866 345 0.3 1
100000 4 34490 10.4640820384032 346 0.3 1
100000 4 37148 10.4712041884817 347 0.3 1
100000 4 35834 10.6067034365719 348 0.3 1
100000 4 37006 10.4220948410631 349 0.3 1
100000 4 37176 10.4591569919464 350 0.3 1
100000 4 36010 10.6128946670204 351 0.3 1
100000 4 38471 10.418837257762 352 0.3 1
100000 4 31019 10.5279781018055 353 0.3 1
100000 4 36220 10.3852944230969 354 0.3 1
100000 4 36018 10.2833050542444 355 0.3 1
100000 4 37987 10.497034587729 356 0.3 1
100000 4 37150 10.4832791697243 357 0.3 1
100000 4 32277 10.3890706976261 358 0.3 1
100000 4 34404 10.4378685872345 359 0.3 1
100000 4 35887 10.5702658421859 360 0.3 1
100000 4 36891 10.4172092296474 361 0.3 1
100000 4 33559 10.539629005059 362 0.3 1
100000 4 36131 10.4291599311675 363 0.3 1
100000 4 30930 10.3664541543565 364 0.3 1
100000 4 36800 10.5053051791155 365 0.3 1
100000 4 35588 10.472300764478 366 0.3 1
100000 4 37133 10.4150393167734 367 0.3 1
100000 4 36581 10.5097214923805 368 0.3 1
100000 4 36116 10.58929422354 369 0.3 1
100000 4 30655 10.4384133611691 370 0.3 1
100000 4 35905 10.366991499067 371 0.3 1
100000 4 31354 10.501995379122 372 0.3 1
100000 4 34090 10.4487748811452 373 0.3 1
100000 4 30219 10.4329681794471 374 0.3 1
100000 4 34302 10.5064089094348 375 0.3 1
100000 4 29292 10.4827297028146 376 0.3 1
100000 4 32070 10.6050161726497 377 0.3 1
100000 4 34977 10.4860273685314 378 0.3 1
100000 4 35354 10.3573278094252 379 0.3 1
100000 4 36157 10.522992739135 380 0.3 1
100000 4 31056 10.4069101883651 381 0.3 1
100000 4 35292 10.3385887826312 382 0.3 1
100000 4 35000 10.5390736154292 383 0.3 1
100000 4 30764 10.5557608064601 384 0.3 1
100000 4 31000 10.4509588754768 385 0.3 1
100000 4 35937 10.3557189457878 386 0.3 1
100000 4 34631 10.3993344425957 387 0.3 1
100000 4 33553 10.5008925758689 388 0.3 1
100000 4 28525 10.4107022018635 389 0.3 1
100000 4 31754 10.3151271339419 390 0.3 1
100000 4 35874 10.4128703077003 391 0.3 1
100000 4 30110 10.5036500183814 392 0.3 1
100000 4 34611 10.4052858852297 393 0.3 1
100000 4 34002 10.417751849151 394 0.3 1
100000 4 31114 10.4542365793738 395 0.3 1
100000 4 32227 10.5042016806723 396 0.3 1
100000 4 29529 10.3885310617079 397 0.3 1
100000 4 31037 10.482180293501 398 0.3 1
100000 4 30303 10.4134124752681 399 0.3 1
100000 4 31668 10.5213320006313 400 0.3 1
100000 4 33380 10.4679158379567 401 0.3 1
100000 4 30632 10.4668201800293 402 0.3 1
100000 4 35483 10.539629005059 403 0.3 1
100000 4 35987 10.4231811548885 404 0.3 1
100000 4 34919 10.6010813102936 405 0.3 1
100000 4 35409 10.4302477183833 406 0.3 1
100000 4 34343 10.5224391013837 407 0.3 1
100000 4 36479 10.5574324324324 408 0.3 1
100000 4 35950 10.4231811548885 409 0.3 1
100000 4 36385 10.4433188867422 410 0.3 1
100000 4 34991 10.5591045879309 411 0.3 1
100000 4 35645 10.4618925563634 412 0.3 1
100000 4 34110 10.5146942852637 413 0.3 1
100000 4 34314 10.6564364876385 414 0.3 1
100000 4 34879 10.5652403592182 415 0.3 1
100000 4 35103 10.3551827689759 416 0.3 1
100000 4 29515 10.4384133611691 417 0.3 1
100000 4 30596 10.4668201800293 418 0.3 1
100000 4 29677 10.49042748492 419 0.3 1
100000 4 35772 10.3177878662815 420 0.3 1
100000 4 35137 10.3279111799639 421 0.3 1
100000 4 35703 10.4750432095532 422 0.3 1
100000 4 31277 10.4662724370715 423 0.3 1
100000 4 35173 10.4237243967269 424 0.3 1
100000 4 34955 10.6479263163499 425 0.3 1
100000 4 35639 10.4286161226405 426 0.3 1
100000 4 35693 10.4275286757039 427 0.3 1
100000 4 35546 10.5301953351235 428 0.3 1
100000 4 30181 10.4460461715241 429 0.3 1
100000 4 25036 10.5362975450427 430 0.3 1
100000 4 21525 10.3145951521403 431 0.3 1
100000 4 19802 10.4893271096659 432 0.3 1
100000 4 21781 10.3987937399262 433 0.3 1
100000 4 24980 10.5357425064531 434 0.3 1
100000 4 25305 10.5507491031863 435 0.3 1
100000 4 24974 10.4761405898067 436 0.3 1
100000 4 22295 10.4662724370715 437 0.3 1
100000 4 84498 10.529640939244 438 0.3 1
100000 4 222994 10.495382031906 439 0.3 1
100000 4 223119 10.4351455702807 440 0.3 1
100000 4 224140 10.5279781018055 441 0.3 1
100000 4 223820 10.4728491386082 442 0.3 1
100000 4 227334 10.5169059262765 443 0.3 1
100000 4 182356 10.4161241602 444 0.3 1
100000 4 209972 10.5235464351486 445 0.3 1
100000 4 223168 10.3971719692244 446 0.3 1
100000 4 219509 10.3616205574552 447 0.3 1
100000 4 184254 10.4865771812081 448 0.3 1
100000 4 222390 10.591537361648 449 0.3 1
100000 4 222860 10.4509588754768 450 0.3 1
100000 4 222503 10.3766732385597 451 0.3 1
100000 4 223586 10.4427736006683 452 0.3 1
100000 4 182857 10.4553296042658 453 0.3 1
100000 4 224597 10.4838286942391 454 0.3 1
100000 4 224698 10.4684637529443 455 0.3 1
100000 4 220131 10.354110581901 456 0.3 1
100000 4 224088 10.4155817102385 457 0.3 1
100000 4 181241 10.3923096908288 458 0.3 1
100000 4 200482 10.4504127913053 459 0.3 1
100000 4 222506 10.492078480747 460 0.3 1
100000 4 203477 10.3220478943022 461 0.3 1
100000 4 52456 10.418837257762 462 0.3 1
100000 4 50722 10.482180293501 463 0.3 1
100000 4 52752 10.51745898191 464 0.3 1
100000 4 50931 10.4750432095532 465 0.3 1
100000 4 53132 10.6326422115896 466 0.3 1
100000 4 44518 10.3977125032493 467 0.3 1
100000 4 51157 10.522992739135 468 0.3 1
100000 4 50156 10.339123242349 469 0.3 1
100000 4 49580 10.5014439485429 470 0.3 1
100000 4 43579 10.4329681794471 471 0.3 1
100000 4 45813 10.417751849151 472 0.3 1
100000 4 42830 10.3231134510168 473 0.3 1
100000 4 50316 10.4378685872345 474 0.3 1
100000 4 41155 10.4275286757039 475 0.3 1
100000 4 50835 10.5730598435187 476 0.3 1
100000 4 43815 10.5263157894737 477 0.3 1
100000 4 48983 10.365379632029 478 0.3 1
100000 4 46296 10.5357425064531 479 0.3 1
100000 4 41877 10.4014978156855 480 0.3 1
100000 4 45846 10.4515050167224 481 0.3 1
100000 4 46642 10.4662724370715 482 0.3 1
100000 4 41962 10.5357425064531 483 0.3 1
100000 4 46392 10.4253544620517 484 0.3 1
100000 4 38938 10.500341261091 485 0.3 1
100000 4 47022 10.5135888135415 486 0.3 1
100000 4 39600 10.3750583597033 487 0.3 1
100000 4 41520 10.4997900041999 488 0.3 1
100000 4 38599 10.3750583597033 489 0.3 1
100000 4 45846 10.4624398409709 490 0.3 1
100000 4 45774 10.4536901526239 491 0.3 1
100000 4 41613 10.5340777414937 492 0.3 1
100000 4 40884 10.4536901526239 493 0.3 1
100000 4 48316 10.4460461715241 494 0.3 1
100000 4 46786 10.4389581919724 495 0.3 1
100000 4 45067 10.4750432095532 496 0.3 1
100000 4 47317 10.497034587729 497 0.3 1
100000 4 46296 10.3966314913968 498 0.3 1
100000 4 47409 10.5529759392149 499 0.3 1
100000 4 45879 10.4673679803213 500 0.3 1
100000 4 39597 10.4777870913663 501 0.3 1
100000 4 41425 10.3939299449122 502 0.3 1
100000 4 48598 10.4079933388843 503 0.3 1
100000 4 40903 10.4783360402368 504 0.3 1
100000 4 42552 10.558547143913 505 0.3 1
100000 4 46204 10.5513057240834 506 0.3 1
100000 4 45888 10.5080649398413 507 0.3 1
100000 4 46923 10.386373078521 508 0.3 1
100000 4 44278 10.4640820384032 509 0.3 1
100000 4 44728 10.3885310617079 510 0.3 1
100000 4 45928 10.4286161226405 511 0.3 1
100000 4 49851 10.5457421566043 512 0.3 1
100000 4 47286 10.4893271096659 513 0.3 1
100000 4 44632 10.4384133611691 514 0.3 1
100000 4 41103 10.5329681904361 515 0.3 1
100000 4 46832 10.5368526421158 516 0.3 1
100000 4 45929 10.582570506376 517 0.3 1
100000 4 47104 10.4504127913053 518 0.3 1
100000 4 47707 10.3215151984311 519 0.3 1
100000 4 47645 10.4433188867422 520 0.3 1
100000 4 46542 10.4498667641988 521 0.3 1
100000 4 45791 10.3691414350892 522 0.3 1
100000 4 45324 10.5180120957139 523 0.3 1
100000 4 39251 10.5075128717033 524 0.3 1
100000 4 36707 10.4635345819818 525 0.3 1
100000 4 38023 10.5191184978699 526 0.3 1
100000 4 35592 10.3852944230969 527 0.3 1
100000 4 44241 10.4286161226405 528 0.3 1
100000 4 44431 10.4471374843293 529 0.3 1
100000 4 45291 10.5424068314796 530 0.3 1
100000 4 38258 10.3686038674892 531 0.3 1
100000 4 43242 10.4558762024258 532 0.3 1
100000 4 45422 10.634903754121 533 0.3 1
100000 4 39916 10.3745201784417 534 0.3 1
100000 4 41999 10.4613453290093 535 0.3 1
100000 4 43745 10.4031209362809 536 0.3 1
100000 4 43646 10.4525974704714 537 0.3 1
100000 4 44611 10.5669149891689 538 0.3 1
100000 4 45202 10.404744563521 539 0.3 1
100000 4 44688 10.482180293501 540 0.3 1
100000 4 43445 10.4717524477721 541 0.3 1
100000 4 45139 10.346076250582 542 0.3 1
100000 4 43883 10.5457421566043 543 0.3 1
100000 4 44161 10.527423939362 544 0.3 1
100000 4 46233 10.5407399599452 545 0.3 1
100000 4 42719 10.5820105820106 546 0.3 1
100000 4 44570 10.492078480747 547 0.3 1
100000 4 45255 10.4493207941484 548 0.3 1
100000 4 45356 10.5853710172542 549 0.3 1
100000 4 37745 10.4215517690584 550 0.3 1
100000 4 39179 10.6643915964594 551 0.3 1
100000 4 43266 10.5213320006313 552 0.3 1
100000 4 36784 10.575296108291 553 0.3 1
100000 4 44109 10.4389581919724 554 0.3 1
100000 4 42728 10.3600103600104 555 0.3 1
100000 4 44522 10.3777501037775 556 0.3 1
100000 4 45339 10.5335229367462 557 0.3 1
100000 4 38005 10.527423939362 558 0.3 1
100000 4 43473 10.3231134510168 559 0.3 1
100000 4 44641 10.5102737926323 560 0.3 1
100000 4 44379 10.4849279161206 561 0.3 1
100000 4 44115 10.4586100507243 562 0.3 1
100000 4 43460 10.5535327951032 563 0.3 1
100000 4 37267 10.5719420657575 564 0.3 1
100000 4 40261 10.3417963700295 565 0.3 1
100000 4 39299 10.366991499067 566 0.3 1
100000 4 42870 10.3268446326225 567 0.3 1
100000 4 42607 10.5357425064531 568 0.3 1
100000 4 40988 10.5618926911703 569 0.3 1
100000 4 37827 10.3696790584331 570 0.3 1
100000 4 38303 10.5279781018055 571 0.3 1
100000 4 40958 10.5069608615708 572 0.3 1
100000 4 37370 10.561334952738 573 0.3 1
100000 4 42777 10.478885046631 574 0.3 1
100000 4 42894 10.3923096908288 575 0.3 1
100000 4 42272 10.4629871828407 576 0.3 1
100000 4 42511 10.5025468676154 577 0.3 1
100000 4 36665 10.4646295521139 578 0.3 1
100000 4 40716 10.4931794333683 579 0.3 1
100000 4 35294 10.58929422354 580 0.3 1
100000 4 37416 10.5180120957139 581 0.3 1
100000 4 42669 10.4668201800293 582 0.3 1
100000 4 41693 10.5669149891689 583 0.3 1
100000 4 41053 10.6078285774902 584 0.3 1
100000 4 41497 10.5657985102224 585 0.3 1
100000 4 42121 10.3912298020471 586 0.3 1
100000 4 41851 10.4849279161206 587 0.3 1
100000 4 41807 10.3734439834025 588 0.3 1
100000 4 43090 10.5747369534183 589 0.3 1
100000 4 43909 10.4832791697243 590 0.3 1
100000 4 38234 10.4777870913663 591 0.3 1
100000 4 42064 10.4772382000105 592 0.3 1
100000 4 36624 10.4531437829927 593 0.3 1
100000 4 41820 10.5030984140321 594 0.3 1
100000 4 35697 10.529640939244 595 0.3 1
100000 4 41456 10.4166666666667 596 0.3 1
100000 4 41461 10.478885046631 597 0.3 1
100000 4 43270 10.4766893661603 598 0.3 1
100000 4 44095 10.4237243967269 599 0.3 1
100000 4 41936 10.5412955252201 600 0.3 1
100000 4 36398 10.5025468676154 601 0.3 1
100000 4 38481 10.4498667641988 602 0.3 1
100000 4 37155 10.4150393167734 603 0.3 1
100000 4 41869 10.4728491386082 604 0.3 1
100000 4 41818 10.4210087536474 605 0.3 1
100000 4 37747 10.4471374843293 606 0.3 1
100000 4 41501 10.4580631667015 607 0.3 1
100000 4 36949 10.5563179562968 608 0.3 1
100000 4 41552 10.529640939244 609 0.3 1
100000 4 35875 10.4816309417745 610 0.3 1
100000 4 41384 10.492078480747 611 0.3 1
100000 4 35126 10.5490795928055 612 0.3 1
100000 4 38157 10.4827297028146 613 0.3 1
100000 4 42485 10.4981365807569 614 0.3 1
100000 4 43427 10.4975855553223 615 0.3 1
100000 4 36106 10.527423939362 616 0.3 1
100000 4 37591 10.4231811548885 617 0.3 1
100000 4 36729 10.4618925563634 618 0.3 1
100000 4 38114 10.5340777414937 619 0.3 1
100000 4 36853 10.4356900600052 620 0.3 1
100000 4 40671 10.4416831993317 621 0.3 1
100000 4 39502 10.5301953351235 622 0.3 1
100000 4 41357 10.5713832655003 623 0.3 1
100000 4 41231 10.5191184978699 624 0.3 1
100000 4 39676 10.5224391013837 625 0.3 1
100000 4 39882 10.406368697643 626 0.3 1
100000 4 41171 10.4805324110465 627 0.3 1
100000 4 38596 10.4416831993317 628 0.3 1
100000 4 40517 10.3993344425957 629 0.3 1
100000 4 36244 10.5792118487173 630 0.3 1
100000 4 40565 10.4739460591778 631 0.3 1
100000 4 34918 10.5318588730911 632 0.3 1
100000 4 40875 10.3939299449122 633 0.3 1
100000 4 33231 10.4635345819818 634 0.3 1
100000 4 41320 10.4069101883651 635 0.3 1
100000 4 38141 10.3777501037775 636 0.3 1
100000 4 39353 10.4455006006163 637 0.3 1
100000 4 39677 10.4465917994254 638 0.3 1
100000 4 38602 10.4635345819818 639 0.3 1
100000 4 39299 10.4237243967269 640 0.3 1
100000 4 41669 10.4712041884817 641 0.3 1
100000 4 41005 10.3124677735382 642 0.3 1
100000 4 34804 10.4893271096659 643 0.3 1
100000 4 40544 10.4843782763682 644 0.3 1
100000 4 36478 10.404744563521 645 0.3 1
100000 4 39179 10.5568751649512 646 0.3 1
100000 4 40989 10.5741778576716 647 0.3 1
100000 4 39892 10.4166666666667 648 0.3 1
100000 4 39187 10.3912298020471 649 0.3 1
100000 4 36438 10.4242676951944 650 0.3 1
100000 4 34952 10.4215517690584 651 0.3 1
100000 4 41254 10.4487748811452 652 0.3 1
100000 4 36274 10.5301953351235 653 0.3 1
100000 4 34720 10.4069101883651 654 0.3 1
100000 4 38667 10.5124835742444 655 0.3 1
100000 4 39269 10.5008925758689 656 0.3 1
100000 4 39608 10.4210087536474 657 0.3 1
100000 4 34740 10.4849279161206 658 0.3 1
100000 4 36670 10.3487529752665 659 0.3 1
100000 4 33937 10.420465794821 660 0.3 1
100000 4 37089 10.4569695702186 661 0.3 1
100000 4 33875 10.497034587729 662 0.3 1
100000 4 39959 10.5390736154292 663 0.3 1
100000 4 41260 10.5496360375567 664 0.3 1
100000 4 40324 10.5780927698736 665 0.3 1
100000 4 39526 10.3842159916926 666 0.3 1
100000 4 35055 10.3836768599761 667 0.3 1
100000 4 42062 10.5741778576716 668 0.3 1
100000 4 34516 10.487676979549 669 0.3 1
100000 4 40566 10.4586100507243 670 0.3 1
100000 4 36056 10.495382031906 671 0.3 1
100000 4 37663 10.612331529237 672 0.3 1
100000 4 36627 10.5218855218855 673 0.3 1
100000 4 37922 10.3535745716209 674 0.3 1
100000 4 37704 10.3551827689759 675 0.3 1
100000 4 38935 10.4079933388843 676 0.3 1
100000 4 38619 10.4597039903771 677 0.3 1
100000 4 32118 10.4460461715241 678 0.3 1
100000 4 33494 10.4329681794471 679 0.3 1
100000 4 38756 10.4766893661603 680 0.3 1
100000 4 33446 10.5030984140321 681 0.3 1
100000 4 32738 10.6286868257427 682 0.3 1
100000 4 39048 10.4433188867422 683 0.3 1
100000 4 38129 10.5635662599694 684 0.3 1
100000 4 39731 10.5346326046879 685 0.3 1
100000 4 39587 10.5324135025541 686 0.3 1
100000 4 37432 10.4959328260299 687 0.3 1
100000 4 37785 10.2923013585838 688 0.3 1
100000 4 39120 10.5169059262765 689 0.3 1
100000 4 37830 10.4307916970898 690 0.3 1
100000 4 36615 10.5185652676975 691 0.3 1
100000 4 38996 10.3799045048786 692 0.3 1
100000 4 38498 10.4128703077003 693 0.3 1
100000 4 33363 10.4668201800293 694 0.3 1
100000 4 34294 10.4695597550123 695 0.3 1
100000 4 38043 10.5008925758689 696 0.3 1
100000 4 39088 10.4607981588995 697 0.3 1
100000 4 38018 10.561334952738 698 0.3 1
100000 4 37525 10.4329681794471 699 0.3 1
100000 4 39438 10.4602510460251 700 0.3 1
100000 4 40617 10.4258979304593 701 0.3 1
100000 4 38745 10.6615491230876 702 0.3 1
100000 4 38705 10.5279781018055 703 0.3 1
100000 4 33064 10.4679158379567 704 0.3 1
100000 4 38470 10.4193800468872 705 0.3 1
100000 4 38593 10.371292263016 706 0.3 1
100000 4 39254 10.5602196525688 707 0.3 1
100000 4 38119 10.4635345819818 708 0.3 1
100000 4 37559 10.5412955252201 709 0.3 1
100000 4 38379 10.5069608615708 710 0.3 1
100000 4 34162 10.5808909110147 711 0.3 1
100000 4 39251 10.3428660081709 712 0.3 1
100000 4 38812 10.4766893661603 713 0.3 1
100000 4 39273 10.478885046631 714 0.3 1
100000 4 37674 10.5474106106951 715 0.3 1
100000 4 40130 10.4509588754768 716 0.3 1
100000 4 39979 10.479434110558 717 0.3 1
100000 4 39053 10.4542365793738 718 0.3 1
100000 4 39161 10.584250635055 719 0.3 1
100000 4 38086 10.5507491031863 720 0.3 1
100000 4 39316 10.4613453290093 721 0.3 1
100000 4 39348 10.57753331923 722 0.3 1
100000 4 38818 10.4679158379567 723 0.3 1
100000 4 32440 10.51745898191 724 0.3 1
100000 4 38816 10.4340567612688 725 0.3 1
100000 4 31420 10.5999576001696 726 0.3 1
100000 4 31508 10.4313357325406 727 0.3 1
100000 4 32148 10.482180293501 728 0.3 1
100000 4 32250 10.4712041884817 729 0.3 1
100000 4 36792 10.4329681794471 730 0.3 1
100000 4 32797 10.4602510460251 731 0.3 1
100000 4 37581 10.4085349986989 732 0.3 1
100000 4 35994 10.4482290251802 733 0.3 1
100000 4 36305 10.4498667641988 734 0.3 1
100000 4 37740 10.4744946056353 735 0.3 1
100000 4 36245 10.5324135025541 736 0.3 1
100000 4 35991 10.4624398409709 737 0.3 1
100000 4 37554 10.5246540019997 738 0.3 1
100000 4 36622 10.4220948410631 739 0.3 1
100000 4 35567 10.4313357325406 740 0.3 1
100000 4 34211 10.4761405898067 741 0.3 1
100000 4 37112 10.5036500183814 742 0.3 1
100000 4 35917 10.3777501037775 743 0.3 1
100000 4 37633 10.4253544620517 744 0.3 1
100000 4 36258 10.492628928178 745 0.3 1
100000 4 36013 10.4739460591778 746 0.3 1
100000 4 37600 10.4805324110465 747 0.3 1
100000 4 31609 10.481081647626 748 0.3 1
100000 4 36211 10.4755918709407 749 0.3 1
100000 4 31412 10.4155817102385 750 0.3 1
100000 4 38081 10.4564228577404 751 0.3 1
100000 4 31877 10.4651771231228 752 0.3 1
100000 4 36058 10.492078480747 753 0.3 1
100000 4 29619 10.4701078421108 754 0.3 1
100000 4 37770 10.5235464351486 755 0.3 1
100000 4 36080 10.3648424543947 756 0.3 1
100000 4 35803 10.492628928178 757 0.3 1
100000 4 33515 10.49042748492 758 0.3 1
100000 4 37072 10.3289779476321 759 0.3 1
100000 4 30090 10.4832791697243 760 0.3 1
100000 4 37378 10.568590150074 761 0.3 1
100000 4 36718 10.6354692900824 762 0.3 1
100000 4 37039 10.4668201800293 763 0.3 1
100000 4 33452 10.4515050167224 764 0.3 1
100000 4 36762 10.3960910697578 765 0.3 1
100000 4 37435 10.5501925410139 766 0.3 1
100000 4 36217 10.4575163398693 767 0.3 1
100000 4 35445 10.4253544620517 768 0.3 1
100000 4 36440 10.575296108291 769 0.3 1
100000 4 32315 10.4673679803213 770 0.3 1
100000 4 36883 10.5579897587499 771 0.3 1
100000 4 36022 10.5435183720808 772 0.3 1
100000 4 37426 10.4525974704714 773 0.3 1
100000 4 31108 10.3842159916926 774 0.3 1
100000 4 37073 10.522992739135 775 0.3 1
100000 4 35702 10.4096184874824 776 0.3 1
100000 4 37189 10.4646295521139 777 0.3 1
100000 4 31181 10.4004160166407 778 0.3 1
100000 4 32650 10.4860273685314 779 0.3 1
100000 4 37827 10.5263157894737 780 0.3 1
100000 4 35560 10.4739460591778 781 0.3 1
100000 4 29284 10.5324135025541 782 0.3 1
100000 4 36383 10.5097214923805 783 0.3 1
100000 4 34481 10.5474106106951 784 0.3 1
100000 4 36148 10.4536901526239 785 0.3 1
100000 4 36778 10.4280723708223 786 0.3 1
100000 4 34661 10.4085349986989 787 0.3 1
100000 4 29339 10.489877268436 788 0.3 1
100000 4 30375 10.339123242349 789 0.3 1
100000 4 35966 10.4937299963272 790 0.3 1
100000 4 34832 10.3906899418121 791 0.3 1
100000 4 34353 10.5385182843292 792 0.3 1
100000 4 31774 10.3745201784417 793 0.3 1
100000 4 35705 10.4465917994254 794 0.3 1
100000 4 35544 10.5202251328178 795 0.3 1
100000 4 35371 10.4733975701718 796 0.3 1
100000 4 32803 10.487676979549 797 0.3 1
100000 4 29673 10.3364514962014 798 0.3 1
100000 4 35335 10.4860273685314 799 0.3 1
100000 4 34737 10.4613453290093 800 0.3 1
100000 4 34335 10.4014978156855 801 0.3 1
100000 4 31213 10.5446301470976 802 0.3 1
100000 4 35428 10.5124835742444 803 0.3 1
100000 4 34322 10.5008925758689 804 0.3 1
100000 4 31471 10.3777501037775 805 0.3 1
100000 4 34845 10.2907126318498 806 0.3 1
100000 4 36688 10.4635345819818 807 0.3 1
100000 4 35266 10.4805324110465 808 0.3 1
100000 4 29440 10.5141415203449 809 0.3 1
100000 4 35109 10.4915280910665 810 0.3 1
100000 4 35118 10.4405930256839 811 0.3 1
100000 4 34647 10.4575163398693 812 0.3 1
100000 4 31981 10.4662724370715 813 0.3 1
100000 4 35719 10.351966873706 814 0.3 1
100000 4 34700 10.3252452245741 815 0.3 1
100000 4 31492 10.4493207941484 816 0.3 1
100000 4 30441 10.3896103896104 817 0.3 1
100000 4 31863 10.5075128717033 818 0.3 1
100000 4 35142 10.4586100507243 819 0.3 1
100000 4 33899 10.4258979304593 820 0.3 1
100000 4 30888 10.4427736006683 821 0.3 1
100000 4 36108 10.4465917994254 822 0.3 1
100000 4 31034 10.3847551793966 823 0.3 1
100000 4 35673 10.49042748492 824 0.3 1
100000 4 35711 10.465724751439 825 0.3 1
100000 4 34311 10.6292517006803 826 0.3 1
100000 4 35884 10.4712041884817 827 0.3 1
100000 4 34962 10.4509588754768 828 0.3 1
100000 4 29780 10.4340567612688 829 0.3 1
100000 4 34759 10.4827297028146 830 0.3 1
100000 4 35046 10.4210087536474 831 0.3 1
100000 4 35451 10.4280723708223 832 0.3 1
100000 4 34587 10.3605470368835 833 0.3 1
100000 4 32033 10.4117861419126 834 0.3 1
100000 4 35261 10.4356900600052 835 0.3 1
100000 4 36504 10.3023746973677 836 0.3 1
100000 4 36134 10.5252078728555 837 0.3 1
100000 4 34852 10.4536901526239 838 0.3 1
100000 4 29122 10.4242676951944 839 0.3 1
100000 4 35631 10.5518624037143 840 0.3 1
100000 4 29855 10.5412955252201 841 0.3 1
100000 4 26071 10.4701078421108 842 0.3 1
100000 4 21196 10.4865771812081 843 0.3 1
100000 4 25286 10.481081647626 844 0.3 1
100000 4 26006 10.4531437829927 845 0.3 1
100000 4 20991 10.3923096908288 846 0.3 1
100000 4 20885 10.6112054329372 847 0.3 1
100000 4 20750 10.4123281965848 848 0.3 1
100000 4 25936 10.4182945251862 849 0.3 1
100000 4 25365 10.4210087536474 850 0.3 1
100000 4 24897 10.4766893661603 851 0.3 1
100000 4 25011 10.4509588754768 852 0.3 1
100000 4 21880 10.4750432095532 853 0.3 1
100000 4 25520 10.5607772732073 854 0.3 1
100000 4 26131 10.4586100507243 855 0.3 1
100000 4 24977 10.4182945251862 856 0.3 1
100000 4 25152 10.3788271925272 857 0.3 1
100000 4 21475 10.4515050167224 858 0.3 1
100000 4 25494 10.4854776135053 859 0.3 1
100000 4 25711 10.4887770086008 860 0.3 1
100000 4 218685 10.4509588754768 861 0.3 1
100000 4 182801 10.5579897587499 862 0.3 1
100000 4 224885 10.4422283715345 863 0.3 1
100000 4 225429 10.4739460591778 864 0.3 1
100000 4 183239 10.4014978156855 865 0.3 1
100000 4 184067 10.4476832262446 866 0.3 1
100000 4 190885 10.3385887826312 867 0.3 1
100000 4 219704 10.4422283715345 868 0.3 1
100000 4 222931 10.6016432547045 869 0.3 1
100000 4 222722 10.4673679803213 870 0.3 1
100000 4 218948 10.6050161726497 871 0.3 1
100000 4 223057 10.4220948410631 872 0.3 1
100000 4 186272 10.3987937399262 873 0.3 1
100000 4 192924 10.3766732385597 874 0.3 1
100000 4 221232 10.5518624037143 875 0.3 1
100000 4 189378 10.5496360375567 876 0.3 1
100000 4 186779 10.5474106106951 877 0.3 1
100000 4 224598 10.5108261509355 878 0.3 1
100000 4 189804 10.5446301470976 879 0.3 1
100000 4 178871 10.3605470368835 880 0.3 1
100000 4 217742 10.4036620890553 881 0.3 1
100000 4 182040 10.2848914943947 882 0.3 1
100000 4 192336 10.3772116432315 883 0.3 1
100000 4 223226 10.4882269652315 884 0.3 1
100000 4 112492 10.420465794821 885 0.3 1
100000 4 43927 10.3950103950104 886 0.3 1
100000 4 44930 10.4231811548885 887 0.3 1
100000 4 46339 10.5820105820106 888 0.3 1
100000 4 46975 10.6174019217497 889 0.3 1
100000 4 51427 10.4662724370715 890 0.3 1
100000 4 52593 10.4816309417745 891 0.3 1
100000 4 46717 10.5119310417324 892 0.3 1
100000 4 49430 10.3950103950104 893 0.3 1
100000 4 52344 10.591537361648 894 0.3 1
100000 4 48572 10.4871270515442 895 0.3 1
100000 4 45239 10.3696790584331 896 0.3 1
100000 4 39960 10.3782886202065 897 0.3 1
100000 4 46805 10.5379630117498 898 0.3 1
100000 4 45922 10.4036620890553 899 0.3 1
100000 4 42347 10.4536901526239 900 0.3 1
100000 4 40432 10.4558762024258 901 0.3 1
100000 4 46781 10.443864229765 902 0.3 1
100000 4 47367 10.4701078421108 903 0.3 1
100000 4 41541 10.4210087536474 904 0.3 1
100000 4 40199 10.4128703077003 905 0.3 1
100000 4 48069 10.497034587729 906 0.3 1
100000 4 46962 10.4755918709407 907 0.3 1
100000 4 47563 10.5429625724829 908 0.3 1
100000 4 48954 10.4367792099358 909 0.3 1
100000 4 41946 10.4843782763682 910 0.3 1
100000 4 46563 10.4291599311675 911 0.3 1
100000 4 47121 10.57753331923 912 0.3 1
100000 4 46444 10.5224391013837 913 0.3 1
100000 4 48165 10.4378685872345 914 0.3 1
100000 4 48179 10.4193800468872 915 0.3 1
100000 4 48260 10.4052858852297 916 0.3 1
100000 4 47227 10.4849279161206 917 0.3 1
100000 4 47768 10.505857015286 918 0.3 1
100000 4 48132 10.4542365793738 919 0.3 1
100000 4 46562 10.5457421566043 920 0.3 1
100000 4 48395 10.4302477183833 921 0.3 1
100000 4 46422 10.3745201784417 922 0.3 1
100000 4 48364 10.4515050167224 923 0.3 1
100000 4 47781 10.539629005059 924 0.3 1
100000 4 47844 10.3466114847387 925 0.3 1
100000 4 40936 10.4871270515442 926 0.3 1
100000 4 42306 10.4783360402368 927 0.3 1
100000 4 40660 10.3912298020471 928 0.3 1
100000 4 47162 10.4673679803213 929 0.3 1
100000 4 37879 10.4733975701718 930 0.3 1
100000 4 41463 10.4085349986989 931 0.3 1
100000 4 41559 10.4384133611691 932 0.3 1
100000 4 47198 10.5108261509355 933 0.3 1
100000 4 42241 10.4405930256839 934 0.3 1
100000 4 42032 10.5047534009139 935 0.3 1
100000 4 48543 10.4558762024258 936 0.3 1
100000 4 41828 10.5340777414937 937 0.3 1
100000 4 47003 10.4226379696701 938 0.3 1
100000 4 46643 10.5680317040951 939 0.3 1
100000 4 48292 10.4161241602 940 0.3 1
100000 4 36640 10.515247108307 941 0.3 1
100000 4 45215 10.4937299963272 942 0.3 1
100000 4 43235 10.354110581901 943 0.3 1
100000 4 43748 10.4297037964122 944 0.3 1
100000 4 43956 10.5702658421859 945 0.3 1
100000 4 45020 10.478885046631 946 0.3 1
100000 4 43746 10.4031209362809 947 0.3 1
100000 4 43966 10.4335124419636 948 0.3 1
100000 4 44798 10.4014978156855 949 0.3 1
100000 4 37655 10.5346326046879 950 0.3 1
100000 4 43626 10.4586100507243 951 0.3 1
100000 4 38421 10.4739460591778 952 0.3 1
100000 4 39924 10.4373238701597 953 0.3 1
100000 4 45483 10.4482290251802 954 0.3 1
100000 4 35300 10.4155817102385 955 0.3 1
100000 4 39821 10.4766893661603 956 0.3 1
100000 4 46114 10.5993958344374 957 0.3 1
100000 4 43329 10.406368697643 958 0.3 1
100000 4 36339 10.3923096908288 959 0.3 1
100000 4 45487 10.4937299963272 960 0.3 1
100000 4 39965 10.5335229367462 961 0.3 1
100000 4 40218 10.5157999894842 962 0.3 1
100000 4 44859 10.5042016806723 963 0.3 1
100000 4 45041 10.5053051791155 964 0.3 1
100000 4 39625 10.4827297028146 965 0.3 1
100000 4 39367 10.498687664042 966 0.3 1
100000 4 42743 10.4673679803213 967 0.3 1
100000 4 44029 10.4465917994254 968 0.3 1
100000 4 43906 10.5141415203449 969 0.3 1
100000 4 42123 10.4882269652315 970 0.3 1
100000 4 43693 10.5324135025541 971 0.3 1
100000 4 41251 10.4193800468872 972 0.3 1
100000 4 37304 10.5180120957139 973 0.3 1
100000 4 40249 10.4476832262446 974 0.3 1
100000 4 43653 10.4286161226405 975 0.3 1
100000 4 40284 10.2907126318498 976 0.3 1
100000 4 42856 10.5213320006313 977 0.3 1
100000 4 44566 10.4367792099358 978 0.3 1
100000 4 44237 10.4150393167734 979 0.3 1
100000 4 42863 10.4269850372765 980 0.3 1
100000 4 44851 10.404744563521 981 0.3 1
100000 4 42819 10.358937173046 982 0.3 1
100000 4 43518 10.6394297265667 983 0.3 1
100000 4 44101 10.4504127913053 984 0.3 1
100000 4 45187 10.4750432095532 985 0.3 1
100000 4 44913 10.371292263016 986 0.3 1
100000 4 44216 10.5988341282459 987 0.3 1
100000 4 37934 10.3353831843316 988 0.3 1
100000 4 37296 10.4335124419636 989 0.3 1
100000 4 39261 10.5932203389831 990 0.3 1
100000 4 42204 10.2944204241301 991 0.3 1
100000 4 38781 10.5462982493145 992 0.3 1
100000 4 42728 10.4384133611691 993 0.3 1
100000 4 40940 10.3820598006645 994 0.3 1
100000 4 38247 10.5646822671808 995 0.3 1
100000 4 39151 10.3145951521403 996 0.3 1
100000 4 43408 10.5630083447766 997 0.3 1
100000 4 41221 10.4444096297457 998 0.3 1
100000 4 43535 10.4460461715241 999 0.3 1
100000 4 36769 10.3567914660038 1000 0.3 1
