100000 4 17625 5.24136485140731 1 0.6 1
100000 4 24971 5.25085982829688 2 0.6 1
100000 4 21025 5.22670848033451 3 0.6 1
100000 4 25254 5.23683590374696 4 0.6 1
100000 4 19807 5.28303880392001 5 0.6 1
100000 4 20160 5.21621198685515 6 0.6 1
100000 4 72530 5.18820202858699 7 0.6 1
100000 4 217533 5.24122749547944 8 0.6 1
100000 4 178966 5.2391680201184 9 0.6 1
100000 4 223115 5.2602509139686 10 0.6 1
100000 4 200842 5.2443885043004 11 0.6 1
100000 4 224199 5.24700264973634 12 0.6 1
100000 4 218738 5.23121992048546 13 0.6 1
100000 4 180688 5.21920668058455 14 0.6 1
100000 4 185693 5.2317672909909 15 0.6 1
100000 4 223356 5.22343231737575 16 0.6 1
100000 4 220439 5.23985433204957 17 0.6 1
100000 4 185886 5.25003281270508 18 0.6 1
100000 4 219995 5.21947909598622 19 0.6 1
100000 4 223492 5.24796641301496 20 0.6 1
100000 4 223784 5.22944175709243 21 0.6 1
100000 4 188423 5.24163958486214 22 0.6 1
100000 4 220751 5.25900604785696 23 0.6 1
100000 4 182768 5.22821142887018 24 0.6 1
100000 4 225364 5.2317672909909 25 0.6 1
100000 4 213266 5.21838960496791 26 0.6 1
100000 4 182082 5.24287624190631 27 0.6 1
100000 4 224257 5.26385050664561 28 0.6 1
100000 4 186877 5.23889354568315 29 0.6 1
100000 4 188108 5.20413208087221 30 0.6 1
100000 4 180989 5.22466039707419 31 0.6 1
100000 4 54309 5.2667614683731 32 0.6 1
100000 4 41235 5.23807029490336 33 0.6 1
100000 4 44169 5.2256159694824 34 0.6 1
100000 4 41241 5.2256159694824 35 0.6 1
100000 4 47210 5.2445260259604 36 0.6 1
100000 4 40578 5.18174987693344 37 0.6 1
100000 4 44032 5.27815897814842 38 0.6 1
100000 4 38125 5.24796641301496 39 0.6 1
100000 4 44851 5.22752816330798 40 0.6 1
100000 4 39288 5.26717758289221 41 0.6 1
100000 4 39091 5.23382095098527 42 0.6 1
100000 4 46450 5.24837956280998 43 0.6 1
100000 4 40230 5.24150221453469 44 0.6 1
100000 4 44196 5.23012552301255 45 0.6 1
100000 4 41249 5.24370100416874 46 0.6 1
100000 4 46223 5.19993760074879 47 0.6 1
100000 4 43781 5.22834810341673 48 0.6 1
100000 4 46337 5.23957978570119 49 0.6 1
100000 4 45304 5.23587622388607 50 0.6 1
100000 4 46877 5.21907048354688 51 0.6 1
100000 4 46697 5.22807476146909 52 0.6 1
100000 4 46492 5.22944175709243 53 0.6 1
100000 4 37469 5.24493863421798 54 0.6 1
100000 4 42260 5.24906829037846 55 0.6 1
100000 4 46124 5.21199801944075 56 0.6 1
100000 4 46522 5.21335661965957 57 0.6 1
100000 4 41828 5.26773250454342 58 0.6 1
100000 4 39563 5.24617684862157 59 0.6 1
100000 4 45385 5.2257525083612 60 0.6 1
100000 4 46638 5.19872111460581 61 0.6 1
100000 4 39403 5.20494469746259 62 0.6 1
100000 4 44099 5.24054082381302 63 0.6 1
100000 4 44848 5.23834468308015 64 0.6 1
100000 4 39058 5.23861910000524 65 0.6 1
100000 4 45558 5.25265258955773 66 0.6 1
100000 4 44686 5.25541307546773 67 0.6 1
100000 4 45353 5.2475533282607 68 0.6 1
100000 4 46296 5.2095543226277 69 0.6 1
100000 4 47017 5.22889487306858 70 0.6 1
100000 4 47096 5.24095280521999 71 0.6 1
100000 4 40313 5.24342605458407 72 0.6 1
100000 4 42620 5.22889487306858 73 0.6 1
100000 4 46225 5.20751965838671 74 0.6 1
100000 4 38901 5.23738445020557 75 0.6 1
100000 4 42032 5.2475533282607 76 0.6 1
100000 4 46297 5.23190415151594 77 0.6 1
100000 4 46167 5.2468649981636 78 0.6 1
100000 4 44348 5.25568928364955 79 0.6 1
100000 4 37974 5.21784503000261 80 0.6 1
100000 4 42707 5.20548658285833 81 0.6 1
100000 4 42124 5.28401585204756 82 0.6 1
100000 4 43607 5.20183104452767 83 0.6 1
100000 4 43592 5.23793311159416 84 0.6 1
100000 4 43239 5.24273880675265 85 0.6 1
100000 4 39292 5.23930526812145 86 0.6 1
100000 4 38027 5.27955229396547 87 0.6 1
100000 4 41970 5.20589307095632 88 0.6 1
100000 4 36381 5.21267723102585 89 0.6 1
100000 4 41474 5.22343231737575 90 0.6 1
100000 4 43830 5.24893053040443 91 0.6 1
100000 4 42795 5.24700264973634 92 0.6 1
100000 4 44235 5.20210164906622 93 0.6 1
100000 4 38290 5.23313621853577 94 0.6 1
100000 4 41023 5.22152311829361 95 0.6 1
100000 4 43050 5.22862147394839 96 0.6 1
100000 4 38928 5.2256159694824 97 0.6 1
100000 4 41562 5.25320445471738 98 0.6 1
100000 4 35344 5.25168710448231 99 0.6 1
100000 4 38261 5.24081547088727 100 0.6 1
100000 4 42543 5.24948161369065 101 0.6 1
100000 4 43323 5.24411348261576 102 0.6 1
100000 4 44016 5.25141131679139 103 0.6 1
100000 4 36563 5.23464286649043 104 0.6 1
100000 4 38598 5.26232700099984 105 0.6 1
100000 4 43844 5.20670623763407 106 0.6 1
100000 4 43714 5.24769101595298 107 0.6 1
100000 4 43570 5.24741564779346 108 0.6 1
100000 4 43958 5.24328859060403 109 0.6 1
100000 4 39065 5.21743667336238 110 0.6 1
100000 4 38394 5.25886776577003 111 0.6 1
100000 4 36459 5.22343231737575 112 0.6 1
100000 4 42069 5.27453979640276 113 0.6 1
100000 4 42795 5.24425098985237 114 0.6 1
100000 4 44795 5.19399574092349 115 0.6 1
100000 4 43356 5.24054082381302 116 0.6 1
100000 4 39189 5.26135795648857 117 0.6 1
100000 4 41461 5.25072197427146 118 0.6 1
100000 4 43132 5.23807029490336 119 0.6 1
100000 4 43595 5.23573915547527 120 0.6 1
100000 4 39046 5.26412760245308 121 0.6 1
100000 4 42462 5.20088415030555 122 0.6 1
100000 4 35904 5.23573915547527 123 0.6 1
100000 4 42042 5.24054082381302 124 0.6 1
100000 4 36415 5.25872949095498 125 0.6 1
100000 4 36266 5.27050886763117 126 0.6 1
100000 4 44266 5.21716447110995 127 0.6 1
100000 4 40813 5.19615484541439 128 0.6 1
100000 4 35746 5.25720894776963 129 0.6 1
100000 4 41286 5.23053586839972 130 0.6 1
100000 4 40799 5.24810412238579 131 0.6 1
100000 4 42666 5.24232654452046 132 0.6 1
100000 4 41472 5.23985433204957 133 0.6 1
100000 4 42045 5.24466355483296 134 0.6 1
100000 4 41331 5.23286237571952 135 0.6 1
100000 4 41874 5.24040351107035 136 0.6 1
100000 4 36320 5.23286237571952 137 0.6 1
100000 4 39492 5.22411451259012 138 0.6 1
100000 4 34905 5.2158038857739 139 0.6 1
100000 4 35080 5.27551370314684 140 0.6 1
100000 4 42735 5.26509766756173 141 0.6 1
100000 4 43059 5.2443885043004 142 0.6 1
100000 4 39998 5.21920668058455 143 0.6 1
100000 4 41229 5.21988777241289 144 0.6 1
100000 4 40677 5.20291363163371 145 0.6 1
100000 4 37207 5.23012552301255 146 0.6 1
100000 4 40552 5.20751965838671 147 0.6 1
100000 4 41923 5.27913422198759 148 0.6 1
100000 4 40858 5.23628747218222 149 0.6 1
100000 4 42565 5.18833661927986 150 0.6 1
100000 4 38293 5.22220481487284 151 0.6 1
100000 4 39960 5.22493338209938 152 0.6 1
100000 4 41126 5.23053586839972 153 0.6 1
100000 4 36583 5.25182500919069 154 0.6 1
100000 4 35456 5.23450586264657 155 0.6 1
100000 4 36856 5.23231477605693 156 0.6 1
100000 4 35044 5.227801448101 157 0.6 1
100000 4 35020 5.24879277766114 158 0.6 1
100000 4 39412 5.24658971668415 159 0.6 1
100000 4 39865 5.2325885615614 160 0.6 1
100000 4 41008 5.19939686996308 161 0.6 1
100000 4 33991 5.22452391525822 162 0.6 1
100000 4 41567 5.24975719872956 163 0.6 1
100000 4 41056 5.23491689569428 164 0.6 1
100000 4 38210 5.217981163088 165 0.6 1
100000 4 40823 5.25417049783265 166 0.6 1
100000 4 34879 5.24012890717112 167 0.6 1
100000 4 36097 5.249343832021 168 0.6 1
100000 4 42628 5.21281309458649 169 0.6 1
100000 4 37946 5.25058412748418 170 0.6 1
100000 4 41092 5.23587622388607 171 0.6 1
100000 4 41982 5.25085982829688 172 0.6 1
100000 4 37076 5.25279054497702 173 0.6 1
100000 4 39417 5.2197515398267 174 0.6 1
100000 4 41507 5.23642456930408 175 0.6 1
100000 4 41172 5.2815041723883 176 0.6 1
100000 4 34442 5.23615038223898 177 0.6 1
100000 4 37174 5.20183104452767 178 0.6 1
100000 4 34594 5.25113555806443 179 0.6 1
100000 4 38417 5.25113555806443 180 0.6 1
100000 4 33505 5.21716447110995 181 0.6 1
100000 4 34729 5.19845086164323 182 0.6 1
100000 4 33478 5.2099614462853 183 0.6 1
100000 4 38079 5.20914726259311 184 0.6 1
100000 4 34240 5.22684507631194 185 0.6 1
100000 4 37546 5.21702838063439 186 0.6 1
100000 4 39309 5.25168710448231 187 0.6 1
100000 4 41481 5.23163043762589 188 0.6 1
100000 4 35235 5.22616216781207 189 0.6 1
100000 4 34835 5.23272546505848 190 0.6 1
100000 4 39573 5.22002401211046 191 0.6 1
100000 4 41077 5.22602560752548 192 0.6 1
100000 4 40477 5.21893429361724 193 0.6 1
100000 4 39990 5.22834810341673 194 0.6 1
100000 4 39757 5.22043277387695 195 0.6 1
100000 4 38635 5.23039907944976 196 0.6 1
100000 4 39850 5.24012890717112 197 0.6 1
100000 4 40524 5.27607038277891 198 0.6 1
100000 4 41400 5.22520639565263 199 0.6 1
100000 4 33829 5.22752816330798 200 0.6 1
100000 4 37738 5.26745502910269 201 0.6 1
100000 4 33456 5.24370100416874 202 0.6 1
100000 4 38248 5.27509627050694 203 0.6 1
100000 4 39717 5.21308484295582 204 0.6 1
100000 4 39221 5.24920605758379 205 0.6 1
100000 4 40513 5.25099768956102 206 0.6 1
100000 4 33572 5.21662015180365 207 0.6 1
100000 4 39338 5.22506988530972 208 0.6 1
100000 4 32325 5.2317672909909 209 0.6 1
100000 4 39965 5.27036997997259 210 0.6 1
100000 4 33613 5.22670848033451 211 0.6 1
100000 4 39356 5.26052763092138 212 0.6 1
100000 4 39299 5.24480109091863 213 0.6 1
100000 4 40343 5.20874026616663 214 0.6 1
100000 4 40665 5.26939797128178 215 0.6 1
100000 4 40255 5.23601329947378 216 0.6 1
100000 4 42238 5.22944175709243 217 0.6 1
100000 4 39715 5.24658971668415 218 0.6 1
100000 4 35442 5.25154920701607 219 0.6 1
100000 4 35953 5.26052763092138 220 0.6 1
100000 4 34376 5.23163043762589 221 0.6 1
100000 4 38020 5.26787125322657 222 0.6 1
100000 4 40072 5.23669878508588 223 0.6 1
100000 4 39891 5.21131898483506 224 0.6 1
100000 4 35609 5.25499881762527 225 0.6 1
100000 4 41080 5.24287624190631 226 0.6 1
100000 4 39322 5.26967565146365 227 0.6 1
100000 4 35173 5.2406781437518 228 0.6 1
100000 4 34557 5.23272546505848 229 0.6 1
100000 4 35820 5.23656167360511 230 0.6 1
100000 4 37916 5.2766271799066 231 0.6 1
100000 4 37135 5.26731630234396 232 0.6 1
100000 4 34109 5.26620675127706 233 0.6 1
100000 4 36532 5.27955229396547 234 0.6 1
100000 4 32351 5.22261391826609 235 0.6 1
100000 4 33551 5.22084159966587 236 0.6 1
100000 4 37023 5.19426553085394 237 0.6 1
100000 4 33389 5.21091164899299 238 0.6 1
100000 4 38134 5.20020800832033 239 0.6 1
100000 4 32046 5.22998875552418 240 0.6 1
100000 4 37595 5.23628747218222 241 0.6 1
100000 4 38660 5.21308484295582 242 0.6 1
100000 4 37386 5.25527498226345 243 0.6 1
100000 4 33485 5.2158038857739 244 0.6 1
100000 4 33372 5.25306647755627 245 0.6 1
100000 4 38211 5.21730056868576 246 0.6 1
100000 4 38978 5.25223876677434 247 0.6 1
100000 4 37920 5.26177321757432 248 0.6 1
100000 4 37599 5.26288090100521 249 0.6 1
100000 4 33012 5.27120341573981 250 0.6 1
100000 4 32665 5.24851729386448 251 0.6 1
100000 4 38171 5.25499881762527 252 0.6 1
100000 4 39669 5.25389444926051 253 0.6 1
100000 4 38409 5.22466039707419 254 0.6 1
100000 4 34061 5.26523627747795 255 0.6 1
100000 4 31883 5.26717758289221 256 0.6 1
100000 4 38567 5.21566786627028 257 0.6 1
100000 4 38306 5.24741564779346 258 0.6 1
100000 4 38353 5.26177321757432 259 0.6 1
100000 4 38124 5.23615038223898 260 0.6 1
100000 4 33304 5.25417049783265 261 0.6 1
100000 4 38597 5.25361842969345 262 0.6 1
100000 4 38946 5.22411451259012 263 0.6 1
100000 4 32630 5.22752816330798 264 0.6 1
100000 4 38081 5.25361842969345 265 0.6 1
100000 4 37665 5.22534291312867 266 0.6 1
100000 4 38699 5.22479688602106 267 0.6 1
100000 4 38365 5.273983439692 268 0.6 1
100000 4 38420 5.2382074853985 269 0.6 1
100000 4 38597 5.22834810341673 270 0.6 1
100000 4 33236 5.23067266450466 271 0.6 1
100000 4 33233 5.2325885615614 272 0.6 1
100000 4 37132 5.20399666944213 273 0.6 1
100000 4 33401 5.26343491762724 274 0.6 1
100000 4 34230 5.22793810121288 275 0.6 1
100000 4 32130 5.23477987750615 276 0.6 1
100000 4 36331 5.21893429361724 277 0.6 1
100000 4 38331 5.23026229765423 278 0.6 1
100000 4 33207 5.21907048354688 279 0.6 1
100000 4 32807 5.22985199518854 280 0.6 1
100000 4 38323 5.20589307095632 281 0.6 1
100000 4 39501 5.25265258955773 282 0.6 1
100000 4 32676 5.24590163934426 283 0.6 1
100000 4 37273 5.21390025808806 284 0.6 1
100000 4 33793 5.21267723102585 285 0.6 1
100000 4 34672 5.26592943654555 286 0.6 1
100000 4 37751 5.2685651062933 287 0.6 1
100000 4 32994 5.23807029490336 288 0.6 1
100000 4 32142 5.20318434882148 289 0.6 1
100000 4 36413 5.222341175549 290 0.6 1
100000 4 32696 5.23450586264657 291 0.6 1
100000 4 36431 5.24328859060403 292 0.6 1
100000 4 31401 5.25610365036399 293 0.6 1
100000 4 35954 5.22602560752548 294 0.6 1
100000 4 30634 5.21689229725852 295 0.6 1
100000 4 31694 5.24163958486214 296 0.6 1
100000 4 36340 5.23067266450466 297 0.6 1
100000 4 37038 5.22152311829361 298 0.6 1
100000 4 36844 5.24411348261576 299 0.6 1
100000 4 37181 5.25375643585163 300 0.6 1
100000 4 34521 5.22657189149637 301 0.6 1
100000 4 32811 5.22739153162572 302 0.6 1
100000 4 37879 5.24205173905066 303 0.6 1
100000 4 32164 5.22520639565263 304 0.6 1
100000 4 32001 5.21362842470217 305 0.6 1
100000 4 32532 5.21634803474088 306 0.6 1
100000 4 35182 5.26108115217677 307 0.6 1
100000 4 35022 5.25196292114178 308 0.6 1
100000 4 38026 5.28192261983362 309 0.6 1
100000 4 36840 5.24480109091863 310 0.6 1
100000 4 31629 5.23423187647213 311 0.6 1
100000 4 37546 5.24081547088727 312 0.6 1
100000 4 30247 5.24548887956358 313 0.6 1
100000 4 36305 5.19899139566924 314 0.6 1
100000 4 29673 5.2656521510189 315 0.6 1
100000 4 33352 5.23615038223898 316 0.6 1
100000 4 32502 5.22397805929215 317 0.6 1
100000 4 36641 5.24920605758379 318 0.6 1
100000 4 30840 5.23738445020557 319 0.6 1
100000 4 36157 5.22261391826609 320 0.6 1
100000 4 35825 5.22889487306858 321 0.6 1
100000 4 31089 5.25527498226345 322 0.6 1
100000 4 36841 5.2325885615614 323 0.6 1
100000 4 31060 5.22029651284193 324 0.6 1
100000 4 36028 5.23765876653136 325 0.6 1
100000 4 35853 5.21852576647097 326 0.6 1
100000 4 36736 5.20616409829238 327 0.6 1
100000 4 37079 5.22629873523571 328 0.6 1
100000 4 37086 5.223159489175 329 0.6 1
100000 4 35623 5.23944252331552 330 0.6 1
100000 4 35457 5.25030845562177 331 0.6 1
100000 4 35464 5.20318434882148 332 0.6 1
100000 4 31500 5.25154920701607 333 0.6 1
100000 4 32792 5.25444657541444 334 0.6 1
100000 4 31572 5.27551370314684 335 0.6 1
100000 4 35989 5.2158038857739 336 0.6 1
100000 4 30539 5.21403618541113 337 0.6 1
100000 4 32970 5.22097788915864 338 0.6 1
100000 4 35557 5.19521001636491 339 0.6 1
100000 4 37071 5.23889354568315 340 0.6 1
100000 4 37622 5.25085982829688 341 0.6 1
100000 4 37406 5.2685651062933 342 0.6 1
100000 4 37071 5.26385050664561 343 0.6 1
100000 4 37581 5.20589307095632 344 0.6 1
100000 4 30837 5.24273880675265 345 0.6 1
100000 4 34363 5.27509627050694 346 0.6 1
100000 4 30445 5.24782871087088 347 0.6 1
100000 4 35507 5.24150221453469 348 0.6 1
100000 4 29049 5.25403246992066 349 0.6 1
100000 4 34458 5.22084159966587 350 0.6 1
100000 4 29244 5.24576404553323 351 0.6 1
100000 4 35176 5.25334243912689 352 0.6 1
100000 4 34298 5.18860582161573 353 0.6 1
100000 4 35258 5.26426616129712 354 0.6 1
100000 4 35462 5.20223696189361 355 0.6 1
100000 4 31819 5.23615038223898 356 0.6 1
100000 4 34339 5.24054082381302 357 0.6 1
100000 4 33594 5.23272546505848 358 0.6 1
100000 4 31243 5.23341009001465 359 0.6 1
100000 4 35026 5.24040351107035 360 0.6 1
100000 4 30016 5.23272546505848 361 0.6 1
100000 4 31653 5.23053586839972 362 0.6 1
100000 4 30291 5.2512734338077 363 0.6 1
100000 4 35342 5.23985433204957 364 0.6 1
100000 4 34062 5.25983589312013 365 0.6 1
100000 4 35341 5.21716447110995 366 0.6 1
100000 4 30150 5.27162023247845 367 0.6 1
100000 4 34488 5.23190415151594 368 0.6 1
100000 4 34596 5.26343491762724 369 0.6 1
100000 4 35560 5.24700264973634 370 0.6 1
100000 4 35278 5.22247754334656 371 0.6 1
100000 4 35758 5.22534291312867 372 0.6 1
100000 4 34009 5.21050437682368 373 0.6 1
100000 4 29882 5.22343231737575 374 0.6 1
100000 4 34075 5.25955924893494 375 0.6 1
100000 4 34319 5.23395791897833 376 0.6 1
100000 4 30650 5.22766480213289 377 0.6 1
100000 4 30200 5.26288090100521 378 0.6 1
100000 4 34240 5.21743667336238 379 0.6 1
100000 4 30035 5.19210799584631 380 0.6 1
100000 4 34034 5.21159057744424 381 0.6 1
100000 4 31047 5.25486074619023 382 0.6 1
100000 4 33982 5.24658971668415 383 0.6 1
100000 4 29792 5.2682875431341 384 0.6 1
100000 4 34335 5.21607594606578 385 0.6 1
100000 4 28826 5.24370100416874 386 0.6 1
100000 4 34904 5.25417049783265 387 0.6 1
100000 4 34428 5.26121955069185 388 0.6 1
100000 4 36066 5.24810412238579 389 0.6 1
100000 4 30514 5.24383848977452 390 0.6 1
100000 4 35453 5.24411348261576 391 0.6 1
100000 4 33869 5.21662015180365 392 0.6 1
100000 4 35570 5.2718981469278 393 0.6 1
100000 4 33645 5.26662277814352 394 0.6 1
100000 4 34744 5.26579079013191 395 0.6 1
100000 4 34461 5.2443885043004 396 0.6 1
100000 4 35874 5.26606809026041 397 0.6 1
100000 4 35925 5.25154920701607 398 0.6 1
100000 4 35435 5.21907048354688 399 0.6 1
100000 4 30678 5.22138680033417 400 0.6 1
100000 4 35875 5.24769101595298 401 0.6 1
100000 4 29733 5.2332731506921 402 0.6 1
100000 4 30568 5.21172638436482 403 0.6 1
100000 4 29101 5.25099768956102 404 0.6 1
100000 4 23306 5.23354703650399 405 0.6 1
100000 4 20312 5.2257525083612 406 0.6 1
100000 4 25140 5.24548887956358 407 0.6 1
100000 4 20466 5.2153958485449 408 0.6 1
100000 4 20820 5.23231477605693 409 0.6 1
100000 4 25372 5.20711291624359 410 0.6 1
100000 4 25289 5.25859122341125 411 0.6 1
100000 4 25468 5.21934288473081 412 0.6 1
100000 4 24852 5.21362842470217 413 0.6 1
100000 4 21285 5.25859122341125 414 0.6 1
100000 4 21217 5.25817646440214 415 0.6 1
100000 4 22192 5.25928263384874 416 0.6 1
100000 4 21394 5.21186219836347 417 0.6 1
100000 4 25522 5.25403246992066 418 0.6 1
100000 4 25394 5.21267723102585 419 0.6 1
100000 4 25567 5.24961940259331 420 0.6 1
100000 4 25311 5.20413208087221 421 0.6 1
100000 4 25576 5.24122749547944 422 0.6 1
100000 4 25365 5.25914433721633 423 0.6 1
100000 4 25474 5.24507618473158 424 0.6 1
100000 4 25318 5.22138680033417 425 0.6 1
100000 4 25308 5.19845086164323 426 0.6 1
100000 4 20091 5.2565180824222 427 0.6 1
100000 4 25072 5.26509766756173 428 0.6 1
100000 4 25704 5.23669878508588 429 0.6 1
100000 4 21917 5.25624178712221 430 0.6 1
100000 4 25085 5.22520639565263 431 0.6 1
100000 4 25422 5.19845086164323 432 0.6 1
100000 4 25861 5.24287624190631 433 0.6 1
100000 4 25614 5.25582739862823 434 0.6 1
100000 4 25401 5.21662015180365 435 0.6 1
100000 4 21210 5.21077588452921 436 0.6 1
100000 4 21473 5.25900604785696 437 0.6 1
100000 4 141667 5.25223876677434 438 0.6 1
100000 4 223196 5.22916830078176 439 0.6 1
100000 4 187454 5.22520639565263 440 0.6 1
100000 4 222563 5.25168710448231 441 0.6 1
100000 4 184980 5.23477987750615 442 0.6 1
100000 4 182352 5.23999161601341 443 0.6 1
100000 4 185496 5.23711016261227 444 0.6 1
100000 4 219381 5.24273880675265 445 0.6 1
100000 4 183487 5.22752816330798 446 0.6 1
100000 4 213879 5.2155318538608 447 0.6 1
100000 4 189977 5.21104742053153 448 0.6 1
100000 4 209080 5.26080437698924 449 0.6 1
100000 4 223507 5.23875631924981 450 0.6 1
100000 4 183103 5.22425097301674 451 0.6 1
100000 4 217453 5.22466039707419 452 0.6 1
100000 4 180803 5.24095280521999 453 0.6 1
100000 4 224123 5.1966949020423 454 0.6 1
100000 4 224010 5.26011256640892 455 0.6 1
100000 4 189861 5.23999161601341 456 0.6 1
100000 4 219974 5.22056904202558 457 0.6 1
100000 4 180272 5.23382095098527 458 0.6 1
100000 4 183467 5.22506988530972 459 0.6 1
100000 4 186571 5.22834810341673 460 0.6 1
100000 4 217218 5.22684507631194 461 0.6 1
100000 4 185509 5.20413208087221 462 0.6 1
100000 4 63228 5.25182500919069 463 0.6 1
100000 4 43571 5.20860461482369 464 0.6 1
100000 4 46869 5.25665624096512 465 0.6 1
100000 4 43484 5.20819770318481 466 0.6 1
100000 4 50931 5.28066747636901 467 0.6 1
100000 4 38247 5.23423187647213 468 0.6 1
100000 4 47508 5.28275971367442 469 0.6 1
100000 4 45936 5.21240552514986 470 0.6 1
100000 4 42551 5.21743667336238 471 0.6 1
100000 4 45063 5.23341009001465 472 0.6 1
100000 4 47936 5.23889354568315 473 0.6 1
100000 4 45768 5.24837956280998 474 0.6 1
100000 4 45156 5.25058412748418 475 0.6 1
100000 4 44317 5.23656167360511 476 0.6 1
100000 4 41056 5.2153958485449 477 0.6 1
100000 4 45838 5.24837956280998 478 0.6 1
100000 4 48508 5.21784503000261 479 0.6 1
100000 4 40157 5.30447697856991 480 0.6 1
100000 4 47117 5.22084159966587 481 0.6 1
100000 4 41344 5.23985433204957 482 0.6 1
100000 4 45031 5.2271182896869 483 0.6 1
100000 4 37859 5.19359110857202 484 0.6 1
100000 4 47700 5.23560209424084 485 0.6 1
100000 4 45430 5.22739153162572 486 0.6 1
100000 4 47825 5.23573915547527 487 0.6 1
100000 4 47388 5.21770890402024 488 0.6 1
100000 4 41362 5.23889354568315 489 0.6 1
100000 4 45664 5.23628747218222 490 0.6 1
100000 4 47406 5.2329992935451 491 0.6 1
100000 4 47784 5.24893053040443 492 0.6 1
100000 4 46854 5.21322072776561 493 0.6 1
100000 4 42990 5.22739153162572 494 0.6 1
100000 4 42235 5.21730056868576 495 0.6 1
100000 4 40292 5.27481801877835 496 0.6 1
100000 4 47438 5.25472268201046 497 0.6 1
100000 4 45642 5.20765525322224 498 0.6 1
100000 4 42317 5.23436886597398 499 0.6 1
100000 4 42212 5.21077588452921 500 0.6 1
100000 4 39489 5.20616409829238 501 0.6 1
100000 4 46818 5.23903077930583 502 0.6 1
100000 4 38695 5.21621198685515 503 0.6 1
100000 4 40835 5.20914726259311 504 0.6 1
100000 4 41472 5.27245406374397 505 0.6 1
100000 4 46513 5.2197515398267 506 0.6 1
100000 4 39203 5.23080946776514 507 0.6 1
100000 4 46861 5.23135675237373 508 0.6 1
100000 4 45787 5.23231477605693 509 0.6 1
100000 4 43527 5.2653748946925 510 0.6 1
100000 4 45739 5.23354703650399 511 0.6 1
100000 4 46304 5.21893429361724 512 0.6 1
100000 4 38290 5.26398905090277 513 0.6 1
100000 4 44975 5.25928263384874 514 0.6 1
100000 4 42600 5.22356874216465 515 0.6 1
100000 4 45325 5.22438744057259 516 0.6 1
100000 4 44901 5.25582739862823 517 0.6 1
100000 4 44387 5.23423187647213 518 0.6 1
100000 4 42263 5.21566786627028 519 0.6 1
100000 4 42834 5.23519095359003 520 0.6 1
100000 4 45624 5.21893429361724 521 0.6 1
100000 4 44766 5.21050437682368 522 0.6 1
100000 4 42013 5.23204101920159 523 0.6 1
100000 4 43501 5.24989500209996 524 0.6 1
100000 4 42853 5.23190415151594 525 0.6 1
100000 4 42970 5.23903077930583 526 0.6 1
100000 4 43459 5.22616216781207 527 0.6 1
100000 4 40248 5.25734714263183 528 0.6 1
100000 4 39337 5.24480109091863 529 0.6 1
100000 4 44191 5.22629873523571 530 0.6 1
100000 4 45084 5.22329589971272 531 0.6 1
100000 4 44931 5.25003281270508 532 0.6 1
100000 4 45646 5.2602509139686 533 0.6 1
100000 4 41566 5.24851729386448 534 0.6 1
100000 4 43006 5.2317672909909 535 0.6 1
100000 4 45401 5.26135795648857 536 0.6 1
100000 4 42161 5.23423187647213 537 0.6 1
100000 4 45111 5.20724848989794 538 0.6 1
100000 4 43593 5.22957849597322 539 0.6 1
100000 4 39991 5.24054082381302 540 0.6 1
100000 4 39195 5.25568928364955 541 0.6 1
100000 4 45750 5.26648409521803 542 0.6 1
100000 4 44742 5.21417211982168 543 0.6 1
100000 4 43904 5.24218913818411 544 0.6 1
100000 4 43921 5.25403246992066 545 0.6 1
100000 4 43118 5.21362842470217 546 0.6 1
100000 4 44521 5.27593120185713 547 0.6 1
100000 4 45908 5.22971524200507 548 0.6 1
100000 4 43132 5.22998875552418 549 0.6 1
100000 4 42213 5.25969756738987 550 0.6 1
100000 4 45529 5.22616216781207 551 0.6 1
100000 4 38455 5.24769101595298 552 0.6 1
100000 4 45314 5.22179577556722 553 0.6 1
100000 4 44523 5.25030845562177 554 0.6 1
100000 4 43564 5.24865503214801 555 0.6 1
100000 4 37268 5.22862147394839 556 0.6 1
100000 4 40503 5.19710001818985 557 0.6 1
100000 4 37955 5.22944175709243 558 0.6 1
100000 4 39827 5.22547943773841 559 0.6 1
100000 4 42554 5.217981163088 560 0.6 1
100000 4 42589 5.25582739862823 561 0.6 1
100000 4 42871 5.25665624096512 562 0.6 1
100000 4 44360 5.27815897814842 563 0.6 1
100000 4 41346 5.25541307546773 564 0.6 1
100000 4 41400 5.22616216781207 565 0.6 1
100000 4 37194 5.23450586264657 566 0.6 1
100000 4 40910 5.24576404553323 567 0.6 1
100000 4 41746 5.25430853299706 568 0.6 1
100000 4 39199 5.25044628793447 569 0.6 1
100000 4 36353 5.20819770318481 570 0.6 1
100000 4 35586 5.23135675237373 571 0.6 1
100000 4 42277 5.22193211488251 572 0.6 1
100000 4 33975 5.24590163934426 573 0.6 1
100000 4 41956 5.23135675237373 574 0.6 1
100000 4 42252 5.23683590374696 575 0.6 1
100000 4 42285 5.24150221453469 576 0.6 1
100000 4 41245 5.21920668058455 577 0.6 1
100000 4 40350 5.28359707288722 578 0.6 1
100000 4 42308 5.20697734964853 579 0.6 1
100000 4 40510 5.25017063054549 580 0.6 1
100000 4 42741 5.25596552086618 581 0.6 1
100000 4 42061 5.2391680201184 582 0.6 1
100000 4 41727 5.23313621853577 583 0.6 1
100000 4 36287 5.21893429361724 584 0.6 1
100000 4 38268 5.22193211488251 585 0.6 1
100000 4 41388 5.25430853299706 586 0.6 1
100000 4 43809 5.2257525083612 587 0.6 1
100000 4 42586 5.20562207183758 588 0.6 1
100000 4 41831 5.24617684862157 589 0.6 1
100000 4 36955 5.27467890392172 590 0.6 1
100000 4 37791 5.22547943773841 591 0.6 1
100000 4 35378 5.23519095359003 592 0.6 1
100000 4 39157 5.22275030030814 593 0.6 1
100000 4 41984 5.23834468308015 594 0.6 1
100000 4 40493 5.22097788915864 595 0.6 1
100000 4 35299 5.2472779745507 596 0.6 1
100000 4 42511 5.25210084033613 597 0.6 1
100000 4 41503 5.25430853299706 598 0.6 1
100000 4 43058 5.22547943773841 599 0.6 1
100000 4 42277 5.24040351107035 600 0.6 1
100000 4 41232 5.2445260259604 601 0.6 1
100000 4 41924 5.25196292114178 602 0.6 1
100000 4 38446 5.25085982829688 603 0.6 1
100000 4 41536 5.22985199518854 604 0.6 1
100000 4 35653 5.25955924893494 605 0.6 1
100000 4 42258 5.2602509139686 606 0.6 1
100000 4 35129 5.2369730295889 607 0.6 1
100000 4 36571 5.22807476146909 608 0.6 1
100000 4 41424 5.23628747218222 609 0.6 1
100000 4 39562 5.27913422198759 610 0.6 1
100000 4 40360 5.20020800832033 611 0.6 1
100000 4 34086 5.24260137880416 612 0.6 1
100000 4 36383 5.22506988530972 613 0.6 1
100000 4 36410 5.20034322265269 614 0.6 1
100000 4 40145 5.22384161312229 615 0.6 1
100000 4 38722 5.21485189820609 616 0.6 1
100000 4 41121 5.23944252331552 617 0.6 1
100000 4 38438 5.23354703650399 618 0.6 1
100000 4 39813 5.24645208677632 619 0.6 1
100000 4 40344 5.25928263384874 620 0.6 1
100000 4 35327 5.19278203297417 621 0.6 1
100000 4 39980 5.2468649981636 622 0.6 1
100000 4 41352 5.2099614462853 623 0.6 1
100000 4 35491 5.23642456930408 624 0.6 1
100000 4 40193 5.2565180824222 625 0.6 1
100000 4 41926 5.23395791897833 626 0.6 1
100000 4 36507 5.25444657541444 627 0.6 1
100000 4 40036 5.2271182896869 628 0.6 1
100000 4 40438 5.21893429361724 629 0.6 1
100000 4 34614 5.24741564779346 630 0.6 1
100000 4 38967 5.20969002344361 631 0.6 1
100000 4 40578 5.28820729772607 632 0.6 1
100000 4 40136 5.23779593547035 633 0.6 1
100000 4 39235 5.24535130740381 634 0.6 1
100000 4 41622 5.2580382259379 635 0.6 1
100000 4 40561 5.26094276094276 636 0.6 1
100000 4 39853 5.23779593547035 637 0.6 1
100000 4 40206 5.19777535214928 638 0.6 1
100000 4 41616 5.22534291312867 639 0.6 1
100000 4 34827 5.22397805929215 640 0.6 1
100000 4 36775 5.20074890784273 641 0.6 1
100000 4 40569 5.26163478992923 642 0.6 1
100000 4 41021 5.24466355483296 643 0.6 1
100000 4 41420 5.23724730281764 644 0.6 1
100000 4 40353 5.25513689631615 645 0.6 1
100000 4 41010 5.22288668947327 646 0.6 1
100000 4 39462 5.2095543226277 647 0.6 1
100000 4 41432 5.24975719872956 648 0.6 1
100000 4 39532 5.2391680201184 649 0.6 1
100000 4 39405 5.23532799329878 650 0.6 1
100000 4 39786 5.23026229765423 651 0.6 1
100000 4 39066 5.21050437682368 652 0.6 1
100000 4 41469 5.23999161601341 653 0.6 1
100000 4 39916 5.19372597901735 654 0.6 1
100000 4 39210 5.19197320941824 655 0.6 1
100000 4 36345 5.24961940259331 656 0.6 1
100000 4 39429 5.2329992935451 657 0.6 1
100000 4 35165 5.20657069221357 658 0.6 1
100000 4 37151 5.19264721154845 659 0.6 1
100000 4 41160 5.2614963695675 660 0.6 1
100000 4 38752 5.23628747218222 661 0.6 1
100000 4 38579 5.2321778940484 662 0.6 1
100000 4 37391 5.21430806132026 663 0.6 1
100000 4 32802 5.21104742053153 664 0.6 1
100000 4 39861 5.24521374246001 665 0.6 1
100000 4 38573 5.24054082381302 666 0.6 1
100000 4 34165 5.24260137880416 667 0.6 1
100000 4 38629 5.20237228176048 668 0.6 1
100000 4 38699 5.19102990033223 669 0.6 1
100000 4 33297 5.2475533282607 670 0.6 1
100000 4 33310 5.25555117592958 671 0.6 1
100000 4 37584 5.24562645893986 672 0.6 1
100000 4 37234 5.28401585204756 673 0.6 1
100000 4 38897 5.22588905437538 674 0.6 1
100000 4 37783 5.26094276094276 675 0.6 1
100000 4 38111 5.25513689631615 676 0.6 1
100000 4 39202 5.21050437682368 677 0.6 1
100000 4 38743 5.25568928364955 678 0.6 1
100000 4 36777 5.22302308576204 679 0.6 1
100000 4 38614 5.2391680201184 680 0.6 1
100000 4 37812 5.22152311829361 681 0.6 1
100000 4 38599 5.25375643585163 682 0.6 1
100000 4 38679 5.24782871087088 683 0.6 1
100000 4 37728 5.24521374246001 684 0.6 1
100000 4 37254 5.24315113383143 685 0.6 1
100000 4 39569 5.2614963695675 686 0.6 1
100000 4 30861 5.25942093775475 687 0.6 1
100000 4 33843 5.25541307546773 688 0.6 1
100000 4 39129 5.24356352577211 689 0.6 1
100000 4 38660 5.23779593547035 690 0.6 1
100000 4 32570 5.23944252331552 691 0.6 1
100000 4 39444 5.2684263210579 692 0.6 1
100000 4 38004 5.24603924037352 693 0.6 1
100000 4 38948 5.21281309458649 694 0.6 1
100000 4 38404 5.24617684862157 695 0.6 1
100000 4 31814 5.22998875552418 696 0.6 1
100000 4 39021 5.22097788915864 697 0.6 1
100000 4 39225 5.24109014675052 698 0.6 1
100000 4 32917 5.20928294220301 699 0.6 1
100000 4 33906 5.26011256640892 700 0.6 1
100000 4 38802 5.21593991237221 701 0.6 1
100000 4 32638 5.27969166600671 702 0.6 1
100000 4 38708 5.23121992048546 703 0.6 1
100000 4 32079 5.19831574569839 704 0.6 1
100000 4 39444 5.23889354568315 705 0.6 1
100000 4 32606 5.26898150587491 706 0.6 1
100000 4 34232 5.22971524200507 707 0.6 1
100000 4 38883 5.22479688602106 708 0.6 1
100000 4 39184 5.22029651284193 709 0.6 1
100000 4 38268 5.24535130740381 710 0.6 1
100000 4 36191 5.23409489414043 711 0.6 1
100000 4 33994 5.23409489414043 712 0.6 1
100000 4 37851 5.2574853447596 713 0.6 1
100000 4 36695 5.27203711514129 714 0.6 1
100000 4 36935 5.22520639565263 715 0.6 1
100000 4 33139 5.20156046814044 716 0.6 1
100000 4 38007 5.24466355483296 717 0.6 1
100000 4 36308 5.22698167942921 718 0.6 1
100000 4 38304 5.24948161369065 719 0.6 1
100000 4 33219 5.29745192562377 720 0.6 1
100000 4 35714 5.27384436885268 721 0.6 1
100000 4 37483 5.24012890717112 722 0.6 1
100000 4 36210 5.2216594433711 723 0.6 1
100000 4 35469 5.24603924037352 724 0.6 1
100000 4 32472 5.23341009001465 725 0.6 1
100000 4 33259 5.25265258955773 726 0.6 1
100000 4 33185 5.25527498226345 727 0.6 1
100000 4 35376 5.23889354568315 728 0.6 1
100000 4 37545 5.24948161369065 729 0.6 1
100000 4 36713 5.23601329947378 730 0.6 1
100000 4 37661 5.22356874216465 731 0.6 1
100000 4 36487 5.23724730281764 732 0.6 1
100000 4 36440 5.21430806132026 733 0.6 1
100000 4 36939 5.2667614683731 734 0.6 1
100000 4 36032 5.21131898483506 735 0.6 1
100000 4 36920 5.22889487306858 736 0.6 1
100000 4 37838 5.25568928364955 737 0.6 1
100000 4 32738 5.23601329947378 738 0.6 1
100000 4 37108 5.28862680804929 739 0.6 1
100000 4 36255 5.19264721154845 740 0.6 1
100000 4 36368 5.23848188794887 741 0.6 1
100000 4 34780 5.25292850764301 742 0.6 1
100000 4 37981 5.22152311829361 743 0.6 1
100000 4 36757 5.26690016590736 744 0.6 1
100000 4 37889 5.25030845562177 745 0.6 1
100000 4 36285 5.23245166522774 746 0.6 1
100000 4 30451 5.23875631924981 747 0.6 1
100000 4 36892 5.20643515385016 748 0.6 1
100000 4 35532 5.23848188794887 749 0.6 1
100000 4 36630 5.23450586264657 750 0.6 1
100000 4 30739 5.24177696239025 751 0.6 1
100000 4 31694 5.24163958486214 752 0.6 1
100000 4 37094 5.24782871087088 753 0.6 1
100000 4 36980 5.22657189149637 754 0.6 1
100000 4 34831 5.21934288473081 755 0.6 1
100000 4 36675 5.22029651284193 756 0.6 1
100000 4 30967 5.25265258955773 757 0.6 1
100000 4 37195 5.20223696189361 758 0.6 1
100000 4 35506 5.20724848989794 759 0.6 1
100000 4 37403 5.22739153162572 760 0.6 1
100000 4 34309 5.20860461482369 761 0.6 1
100000 4 32700 5.22616216781207 762 0.6 1
100000 4 37394 5.25430853299706 763 0.6 1
100000 4 36122 5.26274241507249 764 0.6 1
100000 4 36590 5.22084159966587 765 0.6 1
100000 4 37251 5.25085982829688 766 0.6 1
100000 4 36542 5.24769101595298 767 0.6 1
100000 4 36444 5.22834810341673 768 0.6 1
100000 4 33361 5.22493338209938 769 0.6 1
100000 4 36134 5.23985433204957 770 0.6 1
100000 4 35252 5.23532799329878 771 0.6 1
100000 4 36099 5.20860461482369 772 0.6 1
100000 4 28731 5.23957978570119 773 0.6 1
100000 4 35653 5.27732334160114 774 0.6 1
100000 4 35605 5.23848188794887 775 0.6 1
100000 4 35982 5.22479688602106 776 0.6 1
100000 4 35774 5.20982573132929 777 0.6 1
100000 4 35426 5.24824183898394 778 0.6 1
100000 4 33466 5.21689229725852 779 0.6 1
100000 4 34060 5.20453835744769 780 0.6 1
100000 4 36531 5.24548887956358 781 0.6 1
100000 4 35000 5.22302308576204 782 0.6 1
100000 4 33938 5.24507618473158 783 0.6 1
100000 4 36053 5.22752816330798 784 0.6 1
100000 4 34614 5.23039907944976 785 0.6 1
100000 4 35722 5.23423187647213 786 0.6 1
100000 4 30771 5.23944252331552 787 0.6 1
100000 4 35905 5.23450586264657 788 0.6 1
100000 4 34437 5.24906829037846 789 0.6 1
100000 4 35301 5.22793810121288 790 0.6 1
100000 4 34924 5.22698167942921 791 0.6 1
100000 4 35778 5.2197515398267 792 0.6 1
100000 4 35076 5.24769101595298 793 0.6 1
100000 4 28966 5.21457996558377 794 0.6 1
100000 4 35181 5.25320445471738 795 0.6 1
100000 4 35681 5.20860461482369 796 0.6 1
100000 4 34319 5.24961940259331 797 0.6 1
100000 4 34169 5.24562645893986 798 0.6 1
100000 4 36280 5.2406781437518 799 0.6 1
100000 4 35283 5.19251239712335 800 0.6 1
100000 4 35977 5.22370517407998 801 0.6 1
100000 4 35266 5.227801448101 802 0.6 1
100000 4 34590 5.25003281270508 803 0.6 1
100000 4 32781 5.23341009001465 804 0.6 1
100000 4 35182 5.20156046814044 805 0.6 1
100000 4 37243 5.2158038857739 806 0.6 1
100000 4 35843 5.21159057744424 807 0.6 1
100000 4 34849 5.24081547088727 808 0.6 1
100000 4 30896 5.25942093775475 809 0.6 1
100000 4 34974 5.24054082381302 810 0.6 1
100000 4 34897 5.23669878508588 811 0.6 1
100000 4 35579 5.2443885043004 812 0.6 1
100000 4 35504 5.27537455159316 813 0.6 1
100000 4 34677 5.26094276094276 814 0.6 1
100000 4 35057 5.25265258955773 815 0.6 1
100000 4 35835 5.23532799329878 816 0.6 1
100000 4 35242 5.2406781437518 817 0.6 1
100000 4 35183 5.23464286649043 818 0.6 1
100000 4 36031 5.23752160477662 819 0.6 1
100000 4 29368 5.24287624190631 820 0.6 1
100000 4 32713 5.26108115217677 821 0.6 1
100000 4 34268 5.19049102045053 822 0.6 1
100000 4 34859 5.25334243912689 823 0.6 1
100000 4 34192 5.18618400580853 824 0.6 1
100000 4 36728 5.19980240750851 825 0.6 1
100000 4 34230 5.22111418576724 826 0.6 1
100000 4 36343 5.21675622098179 827 0.6 1
100000 4 34911 5.22547943773841 828 0.6 1
100000 4 20648 5.25486074619023 829 0.6 1
100000 4 25344 5.20020800832033 830 0.6 1
100000 4 21142 5.24109014675052 831 0.6 1
100000 4 25253 5.23053586839972 832 0.6 1
100000 4 25930 5.23615038223898 833 0.6 1
100000 4 24891 5.23903077930583 834 0.6 1
100000 4 25835 5.20277828360344 835 0.6 1
100000 4 70160 5.20724848989794 836 0.6 1
100000 4 190962 5.2332731506921 837 0.6 1
100000 4 182626 5.25099768956102 838 0.6 1
100000 4 226082 5.23711016261227 839 0.6 1
100000 4 226076 5.26995336091276 840 0.6 1
100000 4 196941 5.21186219836347 841 0.6 1
100000 4 216931 5.2534804307854 842 0.6 1
100000 4 179163 5.19710001818985 843 0.6 1
100000 4 186913 5.23738445020557 844 0.6 1
100000 4 224952 5.22752816330798 845 0.6 1
100000 4 222311 5.23382095098527 846 0.6 1
100000 4 220918 5.25776177081416 847 0.6 1
100000 4 219819 5.22193211488251 848 0.6 1
100000 4 216222 5.18551168036506 849 0.6 1
100000 4 184208 5.25845296313824 850 0.6 1
100000 4 218642 5.30321109431761 851 0.6 1
100000 4 186658 5.24315113383143 852 0.6 1
100000 4 220281 5.25624178712221 853 0.6 1
100000 4 225255 5.26135795648857 854 0.6 1
100000 4 225035 5.24796641301496 855 0.6 1
100000 4 224986 5.22356874216465 856 0.6 1
100000 4 221425 5.22793810121288 857 0.6 1
100000 4 186241 5.24658971668415 858 0.6 1
100000 4 190684 5.24837956280998 859 0.6 1
100000 4 147401 5.23615038223898 860 0.6 1
100000 4 49135 5.23930526812145 861 0.6 1
100000 4 49107 5.24893053040443 862 0.6 1
100000 4 51056 5.2321778940484 863 0.6 1
100000 4 50971 5.27162023247845 864 0.6 1
100000 4 52030 5.25320445471738 865 0.6 1
100000 4 48720 5.23436886597398 866 0.6 1
100000 4 49877 5.18779829840216 867 0.6 1
100000 4 52187 5.26371196968102 868 0.6 1
100000 4 51930 5.23519095359003 869 0.6 1
100000 4 49867 5.24865503214801 870 0.6 1
100000 4 43796 5.28122524425667 871 0.6 1
100000 4 45036 5.25582739862823 872 0.6 1
100000 4 52281 5.23683590374696 873 0.6 1
100000 4 43651 5.26426616129712 874 0.6 1
100000 4 50004 5.24948161369065 875 0.6 1
100000 4 46343 5.20223696189361 876 0.6 1
100000 4 48644 5.24397598259 877 0.6 1
100000 4 42919 5.2468649981636 878 0.6 1
100000 4 47619 5.23450586264657 879 0.6 1
100000 4 39189 5.22370517407998 880 0.6 1
100000 4 47190 5.21784503000261 881 0.6 1
100000 4 46604 5.25776177081416 882 0.6 1
100000 4 46195 5.23889354568315 883 0.6 1
100000 4 46623 5.24741564779346 884 0.6 1
100000 4 45456 5.26509766756173 885 0.6 1
100000 4 47793 5.21716447110995 886 0.6 1
100000 4 39874 5.24741564779346 887 0.6 1
100000 4 42360 5.23354703650399 888 0.6 1
100000 4 47225 5.21662015180365 889 0.6 1
100000 4 45692 5.26274241507249 890 0.6 1
100000 4 48408 5.26482046962199 891 0.6 1
100000 4 46321 5.23121992048546 892 0.6 1
100000 4 45216 5.19953204211621 893 0.6 1
100000 4 47350 5.24411348261576 894 0.6 1
100000 4 45065 5.25030845562177 895 0.6 1
100000 4 45523 5.21675622098179 896 0.6 1
100000 4 45733 5.21934288473081 897 0.6 1
100000 4 45518 5.23423187647213 898 0.6 1
100000 4 45462 5.21648408972353 899 0.6 1
100000 4 46609 5.22698167942921 900 0.6 1
100000 4 47635 5.25872949095498 901 0.6 1
100000 4 47382 5.2325885615614 902 0.6 1
100000 4 45417 5.25320445471738 903 0.6 1
100000 4 45783 5.20982573132929 904 0.6 1
100000 4 44802 5.22016025891995 905 0.6 1
100000 4 46860 5.20386126505867 906 0.6 1
100000 4 40963 5.19305169682964 907 0.6 1
100000 4 49946 5.23231477605693 908 0.6 1
100000 4 49123 5.22998875552418 909 0.6 1
100000 4 41719 5.23642456930408 910 0.6 1
100000 4 40459 5.23683590374696 911 0.6 1
100000 4 41610 5.26038926880589 912 0.6 1
100000 4 41265 5.23793311159416 913 0.6 1
100000 4 43414 5.22275030030814 914 0.6 1
100000 4 48054 5.23765876653136 915 0.6 1
100000 4 45946 5.25017063054549 916 0.6 1
100000 4 46384 5.25085982829688 917 0.6 1
100000 4 48310 5.21689229725852 918 0.6 1
100000 4 45867 5.21444400990744 919 0.6 1
100000 4 48036 5.26884269870123 920 0.6 1
100000 4 46839 5.23395791897833 921 0.6 1
100000 4 43412 5.23409489414043 922 0.6 1
100000 4 44896 5.22834810341673 923 0.6 1
100000 4 44596 5.28387625161819 924 0.6 1
100000 4 43624 5.22862147394839 925 0.6 1
100000 4 43567 5.28862680804929 926 0.6 1
100000 4 44796 5.24246395806029 927 0.6 1
100000 4 39127 5.21390025808806 928 0.6 1
100000 4 44700 5.27440069622089 929 0.6 1
100000 4 39874 5.21457996558377 930 0.6 1
100000 4 44438 5.24893053040443 931 0.6 1
100000 4 43245 5.20453835744769 932 0.6 1
100000 4 40961 5.24714030853185 933 0.6 1
100000 4 44227 5.22479688602106 934 0.6 1
100000 4 43939 5.20779085511926 935 0.6 1
100000 4 40110 5.24122749547944 936 0.6 1
100000 4 42447 5.24837956280998 937 0.6 1
100000 4 45000 5.23848188794887 938 0.6 1
100000 4 44040 5.21362842470217 939 0.6 1
100000 4 44978 5.25886776577003 940 0.6 1
100000 4 40657 5.24026620552324 941 0.6 1
100000 4 38477 5.23190415151594 942 0.6 1
100000 4 44626 5.2475533282607 943 0.6 1
100000 4 43850 5.24672735381306 944 0.6 1
100000 4 44362 5.23286237571952 945 0.6 1
100000 4 44621 5.26509766756173 946 0.6 1
100000 4 43899 5.2391680201184 947 0.6 1
100000 4 40661 5.25251464138456 948 0.6 1
100000 4 39120 5.25237670045696 949 0.6 1
100000 4 44683 5.25403246992066 950 0.6 1
100000 4 43547 5.25472268201046 951 0.6 1
100000 4 44436 5.23450586264657 952 0.6 1
100000 4 39967 5.18242122719735 953 0.6 1
100000 4 44435 5.19332138869414 954 0.6 1
100000 4 43649 5.19655987736119 955 0.6 1
100000 4 39815 5.25279054497702 956 0.6 1
100000 4 44290 5.23532799329878 957 0.6 1
100000 4 41127 5.23752160477662 958 0.6 1
100000 4 44050 5.21852576647097 959 0.6 1
100000 4 45133 5.26052763092138 960 0.6 1
100000 4 44811 5.24054082381302 961 0.6 1
100000 4 37521 5.19049102045053 962 0.6 1
100000 4 44235 5.27175918604038 963 0.6 1
100000 4 45080 5.21199801944075 964 0.6 1
100000 4 43250 5.22547943773841 965 0.6 1
100000 4 44278 5.27148128624143 966 0.6 1
100000 4 37457 5.25210084033613 967 0.6 1
100000 4 38215 5.24287624190631 968 0.6 1
100000 4 43834 5.2391680201184 969 0.6 1
100000 4 41910 5.23546504018219 970 0.6 1
100000 4 41043 5.23149359142035 971 0.6 1
100000 4 42631 5.26995336091276 972 0.6 1
100000 4 41821 5.27899487937497 973 0.6 1
100000 4 43038 5.23395791897833 974 0.6 1
100000 4 41274 5.2620500947169 975 0.6 1
100000 4 42373 5.24218913818411 976 0.6 1
100000 4 42705 5.21159057744424 977 0.6 1
100000 4 36142 5.20616409829238 978 0.6 1
100000 4 37129 5.18564613150799 979 0.6 1
100000 4 43494 5.2475533282607 980 0.6 1
100000 4 43124 5.22152311829361 981 0.6 1
100000 4 39909 5.25030845562177 982 0.6 1
100000 4 42309 5.26066600031564 983 0.6 1
100000 4 43546 5.22998875552418 984 0.6 1
100000 4 42184 5.18645298480369 985 0.6 1
100000 4 41401 5.18121292194503 986 0.6 1
100000 4 42150 5.23108309575498 987 0.6 1
100000 4 36426 5.20413208087221 988 0.6 1
100000 4 43203 5.24879277766114 989 0.6 1
100000 4 38592 5.23848188794887 990 0.6 1
100000 4 42174 5.25859122341125 991 0.6 1
100000 4 42662 5.22875816993464 992 0.6 1
100000 4 42429 5.24782871087088 993 0.6 1
100000 4 35292 5.24040351107035 994 0.6 1
100000 4 39607 5.21947909598622 995 0.6 1
100000 4 38432 5.25568928364955 996 0.6 1
100000 4 41880 5.2583147101354 997 0.6 1
100000 4 42568 5.26814877252134 998 0.6 1
100000 4 41199 5.23532799329878 999 0.6 1
100000 4 42047 5.22725490708554 1000 0.6 1
