100000 4 17485 3.9309721294076 1 0.8 1
100000 4 25053 3.94026557389968 2 0.8 1
100000 4 25078 3.92518595568465 3 0.8 1
100000 4 25238 3.91857207233684 4 0.8 1
100000 4 24704 3.92911869867589 5 0.8 1
100000 4 26294 3.91696043869957 6 0.8 1
100000 4 25761 3.92534003258032 7 0.8 1
100000 4 25064 3.90831102339124 8 0.8 1
100000 4 24935 3.92873278723948 9 0.8 1
100000 4 26185 3.92904151032356 10 0.8 1
100000 4 20053 3.94251808630172 11 0.8 1
100000 4 19031 3.94399526720568 12 0.8 1
100000 4 20327 3.95585268404605 13 0.8 1
100000 4 19715 3.93313667649951 14 0.8 1
100000 4 20716 3.93731789904717 15 0.8 1
100000 4 20827 3.93576826196474 16 0.8 1
100000 4 20951 3.91489028519976 17 0.8 1
100000 4 20707 3.93019965414243 18 0.8 1
100000 4 20579 3.94143034507223 19 0.8 1
100000 4 24839 3.93360081818897 20 0.8 1
100000 4 22857 3.93421984420489 21 0.8 1
100000 4 25243 3.92403076440119 22 0.8 1
100000 4 25353 3.93251799126981 23 0.8 1
100000 4 25580 3.94936908828815 24 0.8 1
100000 4 22772 3.94936908828815 25 0.8 1
100000 4 25253 3.9426735269186 26 0.8 1
100000 4 19995 3.91527348185271 27 0.8 1
100000 4 20135 3.90015600624025 28 0.8 1
100000 4 80970 3.94905716260243 29 0.8 1
100000 4 226121 3.93375555642972 30 0.8 1
100000 4 222164 3.92711278667923 31 0.8 1
100000 4 191589 3.91857207233684 32 0.8 1
100000 4 224178 3.91604010025063 33 0.8 1
100000 4 217236 3.93313667649951 34 0.8 1
100000 4 183984 3.93739541293434 35 0.8 1
100000 4 224333 3.93638797039836 36 0.8 1
100000 4 224225 3.93987746981069 37 0.8 1
100000 4 190674 3.95929841232134 38 0.8 1
100000 4 223873 3.92989074903718 39 0.8 1
100000 4 195659 3.93352345363359 40 0.8 1
100000 4 222310 3.90190608112063 41 0.8 1
100000 4 180879 3.92780690901235 42 0.8 1
100000 4 190588 3.93530360867341 43 0.8 1
100000 4 224354 3.94174106702931 44 0.8 1
100000 4 223654 3.92403076440119 45 0.8 1
100000 4 179395 3.92526299262051 46 0.8 1
100000 4 217473 3.92595646114285 47 0.8 1
100000 4 187739 3.92711278667923 48 0.8 1
100000 4 223434 3.93445202919363 49 0.8 1
100000 4 183455 3.93445202919363 50 0.8 1
100000 4 194506 3.92449275931086 51 0.8 1
100000 4 187219 3.92873278723948 52 0.8 1
100000 4 187191 3.92041556404979 53 0.8 1
100000 4 50061 3.94337316140226 54 0.8 1
100000 4 44606 3.91995452852747 55 0.8 1
100000 4 53227 3.91765097647451 56 0.8 1
100000 4 40094 3.91627014431455 57 0.8 1
100000 4 46881 3.91857207233684 58 0.8 1
100000 4 53532 3.93507132316773 59 0.8 1
100000 4 50350 3.94391749324604 60 0.8 1
100000 4 49394 3.94212953837663 61 0.8 1
100000 4 50099 3.92218387197992 62 0.8 1
100000 4 39617 3.91680701891818 63 0.8 1
100000 4 39610 3.94812168111021 64 0.8 1
100000 4 45631 3.93414245529831 65 0.8 1
100000 4 44463 3.93770549900573 66 0.8 1
100000 4 43396 3.93004519551975 67 0.8 1
100000 4 44293 3.92480081635857 68 0.8 1
100000 4 45174 3.94189644638035 69 0.8 1
100000 4 39248 3.93801563392207 70 0.8 1
100000 4 37815 3.92156862745098 71 0.8 1
100000 4 46648 3.91634683167541 72 0.8 1
100000 4 38426 3.95381938953029 73 0.8 1
100000 4 40869 3.92580233585239 74 0.8 1
100000 4 38839 3.93050860781385 75 0.8 1
100000 4 46104 3.93747292987361 76 0.8 1
100000 4 46224 3.94640778231615 77 0.8 1
100000 4 46964 3.94609632421127 78 0.8 1
100000 4 45679 3.92079984316801 79 0.8 1
100000 4 45860 3.9125926795391 80 0.8 1
100000 4 45620 3.93120393120393 81 0.8 1
100000 4 46680 3.92703567711913 82 0.8 1
100000 4 46631 3.914430548216 83 0.8 1
100000 4 39610 3.91803471378756 84 0.8 1
100000 4 45890 3.91887920054864 85 0.8 1
100000 4 38309 3.91243960171365 86 0.8 1
100000 4 39049 3.93778302815515 87 0.8 1
100000 4 40686 3.92765263840066 88 0.8 1
100000 4 44064 3.92672726915752 89 0.8 1
100000 4 45913 3.92981353034798 90 0.8 1
100000 4 47651 3.95640046685526 91 0.8 1
100000 4 45790 3.92772977219167 92 0.8 1
100000 4 47523 3.94446197538656 93 0.8 1
100000 4 47646 3.93499390075945 94 0.8 1
100000 4 46679 3.91136839223202 95 0.8 1
100000 4 45829 3.91037422281312 96 0.8 1
100000 4 41831 3.91297542651432 97 0.8 1
100000 4 46420 3.91458378187939 98 0.8 1
100000 4 45664 3.89909151167778 99 0.8 1
100000 4 45544 3.92264543207939 100 0.8 1
100000 4 47472 3.93251799126981 101 0.8 1
100000 4 46437 3.91558009319081 102 0.8 1
100000 4 40541 3.93561336534299 103 0.8 1
100000 4 44599 3.93553592160412 104 0.8 1
100000 4 38879 3.92680436660646 105 0.8 1
100000 4 40247 3.91757423803181 106 0.8 1
100000 4 37960 3.93043136484229 107 0.8 1
100000 4 44581 3.91243960171365 108 0.8 1
100000 4 36830 3.9080819133969 109 0.8 1
100000 4 42083 3.92780690901235 110 0.8 1
100000 4 43050 3.93197680133687 111 0.8 1
100000 4 44383 3.91864884987656 112 0.8 1
100000 4 42362 3.92834695160277 113 0.8 1
100000 4 43562 3.91711387050022 114 0.8 1
100000 4 45056 3.91818822976256 115 0.8 1
100000 4 43193 3.93553592160412 116 0.8 1
100000 4 42669 3.9232610145553 117 0.8 1
100000 4 45155 3.90632629543546 118 0.8 1
100000 4 38977 3.94399526720568 119 0.8 1
100000 4 42193 3.93886875689302 120 0.8 1
100000 4 42497 3.93561336534299 121 0.8 1
100000 4 44368 3.91941679078153 122 0.8 1
100000 4 37823 3.93708537569637 123 0.8 1
100000 4 41683 3.92549412157255 124 0.8 1
100000 4 42562 3.92403076440119 125 0.8 1
100000 4 43592 3.93344609212131 126 0.8 1
100000 4 44525 3.90785283026241 127 0.8 1
100000 4 45055 3.94438418301943 128 0.8 1
100000 4 37554 3.90999198451643 129 0.8 1
100000 4 42759 3.92772977219167 130 0.8 1
100000 4 37528 3.92433874892081 131 0.8 1
100000 4 42195 3.94259580507806 132 0.8 1
100000 4 43292 3.89620509623627 133 0.8 1
100000 4 37962 3.94197414064964 134 0.8 1
100000 4 37581 3.93646544767453 135 0.8 1
100000 4 43477 3.93491648139768 136 0.8 1
100000 4 37771 3.90122108219873 137 0.8 1
100000 4 41162 3.928192638567 138 0.8 1
100000 4 43632 3.93755044986514 139 0.8 1
100000 4 44903 3.92703567711913 140 0.8 1
100000 4 43585 3.9106800672637 141 0.8 1
100000 4 37312 3.928192638567 142 0.8 1
100000 4 40921 3.91022131852663 143 0.8 1
100000 4 35729 3.92780690901235 144 0.8 1
100000 4 37434 3.93251799126981 145 0.8 1
100000 4 38214 3.90495343343031 146 0.8 1
100000 4 43802 3.90846377831193 147 0.8 1
100000 4 45091 3.91466040321002 148 0.8 1
100000 4 37960 3.91957041508251 149 0.8 1
100000 4 42512 3.93360081818897 150 0.8 1
100000 4 43273 3.92480081635857 151 0.8 1
100000 4 44309 3.92279930958732 152 0.8 1
100000 4 42459 3.92279930958732 153 0.8 1
100000 4 45014 3.94065375445786 154 0.8 1
100000 4 44290 3.91381773350815 155 0.8 1
100000 4 42569 3.92826979356942 156 0.8 1
100000 4 42606 3.9309721294076 157 0.8 1
100000 4 38430 3.91473702754018 158 0.8 1
100000 4 35666 3.91213348199441 159 0.8 1
100000 4 40933 3.92526299262051 160 0.8 1
100000 4 42475 3.93104939363563 161 0.8 1
100000 4 42115 3.92942748241581 162 0.8 1
100000 4 35356 3.92950468593434 163 0.8 1
100000 4 37114 3.92310710082385 164 0.8 1
100000 4 41322 3.91282231873851 165 0.8 1
100000 4 43120 3.91688372730655 166 0.8 1
100000 4 43382 3.91711387050022 167 0.8 1
100000 4 42618 3.94018794696507 168 0.8 1
100000 4 42063 3.94453977082224 169 0.8 1
100000 4 41945 3.90419114919866 170 0.8 1
100000 4 42551 3.92218387197992 171 0.8 1
100000 4 41897 3.9360006297601 172 0.8 1
100000 4 42170 3.94049847305684 173 0.8 1
100000 4 41215 3.90884571785952 174 0.8 1
100000 4 43017 3.95217863847446 175 0.8 1
100000 4 36274 3.93220872163894 176 0.8 1
100000 4 37303 3.91573341686898 177 0.8 1
100000 4 36084 3.90899851458056 178 0.8 1
100000 4 36369 3.9284241126672 179 0.8 1
100000 4 36248 3.91619345995692 180 0.8 1
100000 4 42935 3.93545848091303 181 0.8 1
100000 4 35792 3.93468424158961 182 0.8 1
100000 4 40614 3.91550343585426 183 0.8 1
100000 4 41039 3.9332913782253 184 0.8 1
100000 4 42990 3.92718989926758 185 0.8 1
100000 4 37219 3.93236335037357 186 0.8 1
100000 4 37440 3.91328167801518 187 0.8 1
100000 4 42251 3.92049241384718 188 0.8 1
100000 4 41612 3.942828979793 189 0.8 1
100000 4 42952 3.92333797594994 190 0.8 1
100000 4 40008 3.92857844389008 191 0.8 1
100000 4 39561 3.93321402584122 192 0.8 1
100000 4 40993 3.91297542651432 193 0.8 1
100000 4 42760 3.92241463845143 194 0.8 1
100000 4 41231 3.91527348185271 195 0.8 1
100000 4 43453 3.95522683225883 196 0.8 1
100000 4 41227 3.92888714271683 197 0.8 1
100000 4 36650 3.93012242331349 198 0.8 1
100000 4 42959 3.94664140816165 199 0.8 1
100000 4 33891 3.93809317528453 200 0.8 1
100000 4 36738 3.92989074903718 201 0.8 1
100000 4 41950 3.92703567711913 202 0.8 1
100000 4 42375 3.91366455981058 203 0.8 1
100000 4 42573 3.93941184581142 204 0.8 1
100000 4 41310 3.93336873365194 205 0.8 1
100000 4 40599 3.93731789904717 206 0.8 1
100000 4 37351 3.9177277179236 207 0.8 1
100000 4 39706 3.93274997542031 208 0.8 1
100000 4 40792 3.91941679078153 209 0.8 1
100000 4 40967 3.96447827465905 210 0.8 1
100000 4 41381 3.93259531627898 211 0.8 1
100000 4 40383 3.91872563042499 212 0.8 1
100000 4 35657 3.94026557389968 213 0.8 1
100000 4 38430 3.93677538728028 214 0.8 1
100000 4 39580 3.92626474803196 215 0.8 1
100000 4 40137 3.95124167769722 216 0.8 1
100000 4 39454 3.91519683652096 217 0.8 1
100000 4 35720 3.92395377582452 218 0.8 1
100000 4 33693 3.92341494036409 219 0.8 1
100000 4 38978 3.94011032308905 220 0.8 1
100000 4 31860 3.93987746981069 221 0.8 1
100000 4 39788 3.94158569992708 222 0.8 1
100000 4 34142 3.91604010025063 223 0.8 1
100000 4 38419 3.92218387197992 224 0.8 1
100000 4 39641 3.91060360166592 225 0.8 1
100000 4 33582 3.93050860781385 226 0.8 1
100000 4 39299 3.9291958900611 227 0.8 1
100000 4 34061 3.94710874284587 228 0.8 1
100000 4 34701 3.91972405142678 229 0.8 1
100000 4 39171 3.93159032828779 230 0.8 1
100000 4 41314 3.942828979793 231 0.8 1
100000 4 40847 3.93995508451204 232 0.8 1
100000 4 36098 3.90091671542813 233 0.8 1
100000 4 34207 3.91933998314684 234 0.8 1
100000 4 33557 3.91803471378756 235 0.8 1
100000 4 39763 3.9284241126672 236 0.8 1
100000 4 38481 3.93561336534299 237 0.8 1
100000 4 36326 3.93669789780332 238 0.8 1
100000 4 38414 3.92303014848669 239 0.8 1
100000 4 38806 3.9273441335297 240 0.8 1
100000 4 36272 3.91995452852747 241 0.8 1
100000 4 38905 3.94524006785813 242 0.8 1
100000 4 32713 3.89916752773283 243 0.8 1
100000 4 39545 3.91634683167541 244 0.8 1
100000 4 38980 3.93956704158213 245 0.8 1
100000 4 34977 3.93786056035756 246 0.8 1
100000 4 36091 3.9332913782253 247 0.8 1
100000 4 40464 3.92318405618 248 0.8 1
100000 4 40093 3.90869293308318 249 0.8 1
100000 4 35482 3.90884571785952 250 0.8 1
100000 4 39265 3.92757550763913 251 0.8 1
100000 4 39410 3.92688146708292 252 0.8 1
100000 4 39368 3.93019965414243 253 0.8 1
100000 4 39569 3.94827756391274 254 0.8 1
100000 4 34832 3.90449602717529 255 0.8 1
100000 4 39460 3.95467937436972 256 0.8 1
100000 4 39971 3.90892211472686 257 0.8 1
100000 4 40087 3.92557117060532 258 0.8 1
100000 4 34218 3.92433874892081 259 0.8 1
100000 4 36975 3.92657308334151 260 0.8 1
100000 4 31788 3.92665017473593 261 0.8 1
100000 4 37287 3.94578491526427 262 0.8 1
100000 4 38157 3.92195313266006 263 0.8 1
100000 4 38035 3.91857207233684 264 0.8 1
100000 4 38467 3.91014487086747 265 0.8 1
100000 4 38958 3.92141484647661 266 0.8 1
100000 4 34506 3.94174106702931 267 0.8 1
100000 4 32737 3.91688372730655 268 0.8 1
100000 4 34419 3.92595646114285 269 0.8 1
100000 4 37243 3.94049847305684 270 0.8 1
100000 4 38535 3.91106244011186 271 0.8 1
100000 4 38575 3.93553592160412 272 0.8 1
100000 4 32945 3.92626474803196 273 0.8 1
100000 4 37016 3.91926317852244 274 0.8 1
100000 4 37350 3.92564822266277 275 0.8 1
100000 4 38571 3.92456976903907 276 0.8 1
100000 4 38989 3.93120393120393 277 0.8 1
100000 4 38544 3.9411973357506 278 0.8 1
100000 4 34358 3.92272236932431 279 0.8 1
100000 4 33450 3.95303790963355 280 0.8 1
100000 4 37880 3.9309721294076 281 0.8 1
100000 4 37643 3.93739541293434 282 0.8 1
100000 4 37434 3.93871361613297 283 0.8 1
100000 4 37752 3.92056926665752 284 0.8 1
100000 4 34053 3.92372282821941 285 0.8 1
100000 4 34040 3.9291958900611 286 0.8 1
100000 4 37411 3.91803471378756 287 0.8 1
100000 4 38387 3.92041556404979 288 0.8 1
100000 4 39173 3.95366306883327 289 0.8 1
100000 4 39818 3.92372282821941 290 0.8 1
100000 4 37856 3.93135848092308 291 0.8 1
100000 4 39829 3.94539572319104 292 0.8 1
100000 4 33959 3.94710874284587 293 0.8 1
100000 4 37895 3.9473424516944 294 0.8 1
100000 4 37547 3.91113892365457 295 0.8 1
100000 4 33755 3.92526299262051 296 0.8 1
100000 4 33076 3.91742077016492 297 0.8 1
100000 4 32867 3.90960982093987 298 0.8 1
100000 4 37029 3.92195313266006 299 0.8 1
100000 4 36266 3.94500660788607 300 0.8 1
100000 4 39347 3.91588675255512 301 0.8 1
100000 4 38821 3.95327232116384 302 0.8 1
100000 4 38680 3.93035412490665 303 0.8 1
100000 4 38913 3.92164552246122 304 0.8 1
100000 4 38589 3.91826499226143 305 0.8 1
100000 4 38501 3.92464678178964 306 0.8 1
100000 4 39180 3.9171905909082 307 0.8 1
100000 4 38443 3.94345091389475 308 0.8 1
100000 4 37218 3.92541707556428 309 0.8 1
100000 4 37736 3.92264543207939 310 0.8 1
100000 4 32183 3.92149173545617 311 0.8 1
100000 4 37052 3.94703084604606 312 0.8 1
100000 4 37324 3.92256849785239 313 0.8 1
100000 4 38079 3.93677538728028 314 0.8 1
100000 4 34487 3.94562922922133 315 0.8 1
100000 4 32712 3.93646544767453 316 0.8 1
100000 4 36541 3.9329819869425 317 0.8 1
100000 4 35251 3.92272236932431 318 0.8 1
100000 4 38071 3.93824826717076 319 0.8 1
100000 4 37379 3.91980087411559 320 0.8 1
100000 4 31793 3.92826979356942 321 0.8 1
100000 4 35794 3.93321402584122 322 0.8 1
100000 4 28819 3.92033871726517 323 0.8 1
100000 4 37565 3.93220872163894 324 0.8 1
100000 4 36082 3.94073139974779 325 0.8 1
100000 4 36368 3.94057611222761 326 0.8 1
100000 4 36441 3.93917907508075 327 0.8 1
100000 4 37142 3.93166761681967 328 0.8 1
100000 4 37456 3.9324406693014 329 0.8 1
100000 4 37204 3.93941184581142 330 0.8 1
100000 4 33609 3.91811147027133 331 0.8 1
100000 4 35876 3.91535013018539 332 0.8 1
100000 4 35442 3.92618767177071 333 0.8 1
100000 4 37776 3.93452943028014 334 0.8 1
100000 4 36447 3.93251799126981 335 0.8 1
100000 4 37432 3.92927308447937 336 0.8 1
100000 4 37311 3.92010819498618 337 0.8 1
100000 4 37438 3.92626474803196 338 0.8 1
100000 4 36318 3.91236306729264 339 0.8 1
100000 4 37695 3.91619345995692 340 0.8 1
100000 4 36858 3.92418475061806 341 0.8 1
100000 4 32230 3.933910306845 342 0.8 1
100000 4 36024 3.9324406693014 343 0.8 1
100000 4 36985 3.93421984420489 344 0.8 1
100000 4 37201 3.93894633185623 345 0.8 1
100000 4 36729 3.94360642807848 346 0.8 1
100000 4 37324 3.93507132316773 347 0.8 1
100000 4 35589 3.91688372730655 348 0.8 1
100000 4 36936 3.94508442480669 349 0.8 1
100000 4 30461 3.94018794696507 350 0.8 1
100000 4 33307 3.94625204711825 351 0.8 1
100000 4 30874 3.90617370754477 352 0.8 1
100000 4 37686 3.94034320389306 353 0.8 1
100000 4 31022 3.90411493714375 354 0.8 1
100000 4 35743 3.93731789904717 355 0.8 1
100000 4 31007 3.93631049617194 356 0.8 1
100000 4 37160 3.94244037058939 357 0.8 1
100000 4 35851 3.92865561404887 358 0.8 1
100000 4 35920 3.93189950064876 359 0.8 1
100000 4 33766 3.91489028519976 360 0.8 1
100000 4 36350 3.92041556404979 361 0.8 1
100000 4 32818 3.92788404886288 362 0.8 1
100000 4 36506 3.91650021540751 363 0.8 1
100000 4 36148 3.92572527774506 364 0.8 1
100000 4 35241 3.93421984420489 365 0.8 1
100000 4 37520 3.93731789904717 366 0.8 1
100000 4 31533 3.92087670803192 367 0.8 1
100000 4 36051 3.92049241384718 368 0.8 1
100000 4 35060 3.92087670803192 369 0.8 1
100000 4 35545 3.942828979793 370 0.8 1
100000 4 35548 3.94111967209884 371 0.8 1
100000 4 30397 3.92788404886288 372 0.8 1
100000 4 35881 3.94011032308905 373 0.8 1
100000 4 29821 3.93135848092308 374 0.8 1
100000 4 31582 3.90541094686688 375 0.8 1
100000 4 34545 3.94313992232014 376 0.8 1
100000 4 36178 3.94757618822043 377 0.8 1
100000 4 34975 3.92279930958732 378 0.8 1
100000 4 34414 3.90533468718269 379 0.8 1
100000 4 34590 3.91389432485323 380 0.8 1
100000 4 31737 3.91052713905834 381 0.8 1
100000 4 35448 3.91144488774153 382 0.8 1
100000 4 33824 3.94749827296951 383 0.8 1
100000 4 36636 3.9194936014267 384 0.8 1
100000 4 35504 3.92249156664313 385 0.8 1
100000 4 34846 3.91596342490161 386 0.8 1
100000 4 29785 3.91175089970271 387 0.8 1
100000 4 35048 3.93894633185623 388 0.8 1
100000 4 34720 3.93824826717076 389 0.8 1
100000 4 30659 3.93499390075945 390 0.8 1
100000 4 34328 3.91236306729264 391 0.8 1
100000 4 33535 3.91404751653685 392 0.8 1
100000 4 31738 3.90792918832311 393 0.8 1
100000 4 31393 3.90084063115601 394 0.8 1
100000 4 34943 3.91305198489562 395 0.8 1
100000 4 35930 3.91565675352899 396 0.8 1
100000 4 35176 3.93228603448615 397 0.8 1
100000 4 33877 3.91251613912907 398 0.8 1
100000 4 34783 3.93731789904717 399 0.8 1
100000 4 34506 3.9556179664168 400 0.8 1
100000 4 35234 3.91358797745773 401 0.8 1
100000 4 34227 3.93282730955284 402 0.8 1
100000 4 34921 3.94057611222761 403 0.8 1
100000 4 34405 3.91450716354811 404 0.8 1
100000 4 29231 3.92272236932431 405 0.8 1
100000 4 35239 3.91903278270923 406 0.8 1
100000 4 29532 3.93336873365194 407 0.8 1
100000 4 30913 3.92780690901235 408 0.8 1
100000 4 33280 3.92572527774506 409 0.8 1
100000 4 35820 3.94096435397742 410 0.8 1
100000 4 34235 3.92364585172542 411 0.8 1
100000 4 35337 3.93089486821675 412 0.8 1
100000 4 30904 3.90434358223524 413 0.8 1
100000 4 36048 3.9309721294076 414 0.8 1
100000 4 34305 3.91121541018872 415 0.8 1
100000 4 35016 3.92618767177071 416 0.8 1
100000 4 32550 3.93213141183178 417 0.8 1
100000 4 35310 3.942828979793 418 0.8 1
100000 4 29505 3.93120393120393 419 0.8 1
100000 4 36047 3.91481365487003 420 0.8 1
100000 4 34194 3.90960982093987 421 0.8 1
100000 4 31256 3.92303014848669 422 0.8 1
100000 4 34939 3.92850127676292 423 0.8 1
100000 4 29564 3.91849529780564 424 0.8 1
100000 4 30376 3.92765263840066 425 0.8 1
100000 4 35818 3.92935028193088 426 0.8 1
100000 4 35933 3.94594061359377 427 0.8 1
100000 4 34986 3.93290464672684 428 0.8 1
100000 4 25345 3.92379980773381 429 0.8 1
100000 4 21151 3.93452943028014 430 0.8 1
100000 4 21577 3.92426174825861 431 0.8 1
100000 4 25459 3.92742125520383 432 0.8 1
100000 4 25349 3.91604010025063 433 0.8 1
100000 4 21261 3.92026187349315 434 0.8 1
100000 4 25399 3.93182220299998 435 0.8 1
100000 4 25832 3.92472379756275 436 0.8 1
100000 4 25449 3.95053924860744 437 0.8 1
100000 4 25680 3.94181875517364 438 0.8 1
100000 4 20155 3.93483906508224 439 0.8 1
100000 4 25497 3.9356908121298 440 0.8 1
100000 4 25944 3.92958189248664 441 0.8 1
100000 4 20084 3.94189644638035 442 0.8 1
100000 4 21734 3.93421984420489 443 0.8 1
100000 4 25766 3.92418475061806 444 0.8 1
100000 4 25697 3.92133796051213 445 0.8 1
100000 4 26073 3.94913513940447 446 0.8 1
100000 4 25262 3.9330593302 447 0.8 1
100000 4 25126 3.92850127676292 448 0.8 1
100000 4 25422 3.92726701488434 449 0.8 1
100000 4 25319 3.92826979356942 450 0.8 1
100000 4 25634 3.93693037538631 451 0.8 1
100000 4 24868 3.94034320389306 452 0.8 1
100000 4 22233 3.91765097647451 453 0.8 1
100000 4 25502 3.91029776917512 454 0.8 1
100000 4 26140 3.93941184581142 455 0.8 1
100000 4 25860 3.91558009319081 456 0.8 1
100000 4 25814 3.93623302499508 457 0.8 1
100000 4 21957 3.93375555642972 458 0.8 1
100000 4 24701 3.9296591020729 459 0.8 1
100000 4 25732 3.92441575260483 460 0.8 1
100000 4 26432 3.91404751653685 461 0.8 1
100000 4 25593 3.92449275931086 462 0.8 1
100000 4 25219 3.91182741017466 463 0.8 1
100000 4 24739 3.94407304423278 464 0.8 1
100000 4 21572 3.92218387197992 465 0.8 1
100000 4 25208 3.91129189971448 466 0.8 1
100000 4 26576 3.93584571484798 467 0.8 1
100000 4 23657 3.93089486821675 468 0.8 1
100000 4 144668 3.91980087411559 469 0.8 1
100000 4 191745 3.92410775599898 470 0.8 1
100000 4 188280 3.91542678151919 471 0.8 1
100000 4 224261 3.90213446755375 472 0.8 1
100000 4 185930 3.92950468593434 473 0.8 1
100000 4 218386 3.93367818578762 474 0.8 1
100000 4 190296 3.9329819869425 475 0.8 1
100000 4 186844 3.93995508451204 476 0.8 1
100000 4 188166 3.90724207318264 477 0.8 1
100000 4 186697 3.93236335037357 478 0.8 1
100000 4 192845 3.92857844389008 479 0.8 1
100000 4 223138 3.90327680087433 480 0.8 1
100000 4 184576 3.92703567711913 481 0.8 1
100000 4 223953 3.90792918832311 482 0.8 1
100000 4 188968 3.93321402584122 483 0.8 1
100000 4 224732 3.92233771327711 484 0.8 1
100000 4 201464 3.94422860749009 485 0.8 1
100000 4 194519 3.92726701488434 486 0.8 1
100000 4 218283 3.92557117060532 487 0.8 1
100000 4 224740 3.91627014431455 488 0.8 1
100000 4 191734 3.92218387197992 489 0.8 1
100000 4 220629 3.91305198489562 490 0.8 1
100000 4 224003 3.92788404886288 491 0.8 1
100000 4 224940 3.93778302815515 492 0.8 1
100000 4 159166 3.92927308447937 493 0.8 1
100000 4 47978 3.92241463845143 494 0.8 1
100000 4 40996 3.94337316140226 495 0.8 1
100000 4 48406 3.90815828041036 496 0.8 1
100000 4 46400 3.91014487086747 497 0.8 1
100000 4 40469 3.93623302499508 498 0.8 1
100000 4 41257 3.92726701488434 499 0.8 1
100000 4 46565 3.92495486301908 500 0.8 1
100000 4 47276 3.93050860781385 501 0.8 1
100000 4 49066 3.9291958900611 502 0.8 1
100000 4 47221 3.91650021540751 503 0.8 1
100000 4 47264 3.91481365487003 504 0.8 1
100000 4 47861 3.91550343585426 505 0.8 1
100000 4 39703 3.91673031353426 506 0.8 1
100000 4 45797 3.92896432500393 507 0.8 1
100000 4 47225 3.94011032308905 508 0.8 1
100000 4 46636 3.94298444492636 509 0.8 1
100000 4 45489 3.90015600624025 510 0.8 1
100000 4 46228 3.92603352832633 511 0.8 1
100000 4 46065 3.91581008321096 512 0.8 1
100000 4 47319 3.94485098325411 513 0.8 1
100000 4 48805 3.9194936014267 514 0.8 1
100000 4 39716 3.9171905909082 515 0.8 1
100000 4 47001 3.92410775599898 516 0.8 1
100000 4 46159 3.91121541018872 517 0.8 1
100000 4 40658 3.92410775599898 518 0.8 1
100000 4 46516 3.93220872163894 519 0.8 1
100000 4 48173 3.91933998314684 520 0.8 1
100000 4 48417 3.94073139974779 521 0.8 1
100000 4 46191 3.94189644638035 522 0.8 1
100000 4 48256 3.92441575260483 523 0.8 1
100000 4 45057 3.92641890963347 524 0.8 1
100000 4 48724 3.91121541018872 525 0.8 1
100000 4 48398 3.93352345363359 526 0.8 1
100000 4 48043 3.90831102339124 527 0.8 1
100000 4 47206 3.92464678178964 528 0.8 1
100000 4 42782 3.91473702754018 529 0.8 1
100000 4 47142 3.93104939363563 530 0.8 1
100000 4 46720 3.928192638567 531 0.8 1
100000 4 43258 3.928192638567 532 0.8 1
100000 4 45591 3.93120393120393 533 0.8 1
100000 4 45450 3.91933998314684 534 0.8 1
100000 4 46949 3.92765263840066 535 0.8 1
100000 4 38612 3.9177277179236 536 0.8 1
100000 4 42314 3.93507132316773 537 0.8 1
100000 4 37964 3.93274997542031 538 0.8 1
100000 4 37985 3.93135848092308 539 0.8 1
100000 4 43048 3.92996797076104 540 0.8 1
100000 4 44639 3.91404751653685 541 0.8 1
100000 4 41593 3.91466040321002 542 0.8 1
100000 4 43920 3.94703084604606 543 0.8 1
100000 4 45117 3.9228762528686 544 0.8 1
100000 4 44694 3.93128120454456 545 0.8 1
100000 4 43669 3.93925666226783 546 0.8 1
100000 4 40262 3.93631049617194 547 0.8 1
100000 4 43620 3.93460683441207 548 0.8 1
100000 4 40138 3.92796119174343 549 0.8 1
100000 4 39348 3.93770549900573 550 0.8 1
100000 4 39508 3.93213141183178 551 0.8 1
100000 4 43957 3.92487783817729 552 0.8 1
100000 4 44542 3.92041556404979 553 0.8 1
100000 4 44989 3.91519683652096 554 0.8 1
100000 4 44463 3.9383258176949 555 0.8 1
100000 4 43091 3.94111967209884 556 0.8 1
100000 4 43755 3.91803471378756 557 0.8 1
100000 4 43468 3.91765097647451 558 0.8 1
100000 4 45067 3.90495343343031 559 0.8 1
100000 4 42396 3.9423626579409 560 0.8 1
100000 4 35294 3.94508442480669 561 0.8 1
100000 4 38061 3.94936908828815 562 0.8 1
100000 4 45784 3.94212953837663 563 0.8 1
100000 4 40543 3.9080819133969 564 0.8 1
100000 4 44400 3.94438418301943 565 0.8 1
100000 4 42557 3.92264543207939 566 0.8 1
100000 4 44755 3.933910306845 567 0.8 1
100000 4 45169 3.91957041508251 568 0.8 1
100000 4 42937 3.89142912734702 569 0.8 1
100000 4 37935 3.92295319916833 570 0.8 1
100000 4 42998 3.91841852628279 571 0.8 1
100000 4 36588 3.93669789780332 572 0.8 1
100000 4 42675 3.92472379756275 573 0.8 1
100000 4 43665 3.92958189248664 574 0.8 1
100000 4 43266 3.93058585382151 575 0.8 1
100000 4 44451 3.93228603448615 576 0.8 1
100000 4 44057 3.94337316140226 577 0.8 1
100000 4 45184 3.93693037538631 578 0.8 1
100000 4 40175 3.93259531627898 579 0.8 1
100000 4 40555 3.93205410506449 580 0.8 1
100000 4 36923 3.91022131852663 581 0.8 1
100000 4 42907 3.90563974379003 582 0.8 1
100000 4 42940 3.92641890963347 583 0.8 1
100000 4 44294 3.93886875689302 584 0.8 1
100000 4 35412 3.92765263840066 585 0.8 1
100000 4 42590 3.92580233585239 586 0.8 1
100000 4 41097 3.95600917794129 587 0.8 1
100000 4 43382 3.94034320389306 588 0.8 1
100000 4 38319 3.9296591020729 589 0.8 1
100000 4 41096 3.94726454566985 590 0.8 1
100000 4 41947 3.90556347517038 591 0.8 1
100000 4 41835 3.91550343585426 592 0.8 1
100000 4 37796 3.92996797076104 593 0.8 1
100000 4 37868 3.90960982093987 594 0.8 1
100000 4 42601 3.9122100074332 595 0.8 1
100000 4 42337 3.942828979793 596 0.8 1
100000 4 39593 3.92942748241581 597 0.8 1
100000 4 41285 3.92164552246122 598 0.8 1
100000 4 40113 3.94601846736643 599 0.8 1
100000 4 41340 3.91565675352899 600 0.8 1
100000 4 37200 3.93863605033577 601 0.8 1
100000 4 37953 3.92788404886288 602 0.8 1
100000 4 41337 3.91680701891818 603 0.8 1
100000 4 41715 3.92811548659531 604 0.8 1
100000 4 43006 3.92896432500393 605 0.8 1
100000 4 41344 3.90983911012062 606 0.8 1
100000 4 42123 3.92803833765418 607 0.8 1
100000 4 42347 3.93019965414243 608 0.8 1
100000 4 40920 3.91987769981577 609 0.8 1
100000 4 41300 3.95327232116384 610 0.8 1
100000 4 43400 3.92264543207939 611 0.8 1
100000 4 40665 3.92718989926758 612 0.8 1
100000 4 37549 3.93615555686761 613 0.8 1
100000 4 38123 3.94430639372066 614 0.8 1
100000 4 40731 3.95624394200146 615 0.8 1
100000 4 42962 3.91190392363964 616 0.8 1
100000 4 41398 3.92772977219167 617 0.8 1
100000 4 36043 3.92996797076104 618 0.8 1
100000 4 36012 3.91573341686898 619 0.8 1
100000 4 42997 3.93468424158961 620 0.8 1
100000 4 42599 3.91611677860234 621 0.8 1
100000 4 43747 3.92226079112 622 0.8 1
100000 4 40034 3.94111967209884 623 0.8 1
100000 4 41670 3.9170371530974 624 0.8 1
100000 4 43084 3.91941679078153 625 0.8 1
100000 4 41904 3.94166338194718 626 0.8 1
100000 4 42635 3.89605329800912 627 0.8 1
100000 4 37887 3.93623302499508 628 0.8 1
100000 4 41714 3.928192638567 629 0.8 1
100000 4 39786 3.91251613912907 630 0.8 1
100000 4 43537 3.91627014431455 631 0.8 1
100000 4 41354 3.91765097647451 632 0.8 1
100000 4 43265 3.93220872163894 633 0.8 1
100000 4 42761 3.91343482174304 634 0.8 1
100000 4 38662 3.91397091919607 635 0.8 1
100000 4 33350 3.94228494835607 636 0.8 1
100000 4 41193 3.92118419762768 637 0.8 1
100000 4 33680 3.91228653586589 638 0.8 1
100000 4 40150 3.93662041137683 639 0.8 1
100000 4 40315 3.93259531627898 640 0.8 1
100000 4 40720 3.93398768661854 641 0.8 1
100000 4 39410 3.92780690901235 642 0.8 1
100000 4 40429 3.92403076440119 643 0.8 1
100000 4 41003 3.92942748241581 644 0.8 1
100000 4 41630 3.91236306729264 645 0.8 1
100000 4 36441 3.94640778231615 646 0.8 1
100000 4 36566 3.93545848091303 647 0.8 1
100000 4 39699 3.91251613912907 648 0.8 1
100000 4 40814 3.93824826717076 649 0.8 1
100000 4 38798 3.92973631469328 650 0.8 1
100000 4 39794 3.91420072021293 651 0.8 1
100000 4 41467 3.92865561404887 652 0.8 1
100000 4 40392 3.95194435662346 653 0.8 1
100000 4 39939 3.92210695585669 654 0.8 1
100000 4 35044 3.93762797290912 655 0.8 1
100000 4 40690 3.93739541293434 656 0.8 1
100000 4 39001 3.92087670803192 657 0.8 1
100000 4 39383 3.92549412157255 658 0.8 1
100000 4 35935 3.91811147027133 659 0.8 1
100000 4 40370 3.93452943028014 660 0.8 1
100000 4 34828 3.89052074620188 661 0.8 1
100000 4 35886 3.93128120454456 662 0.8 1
100000 4 35172 3.91995452852747 663 0.8 1
100000 4 40675 3.93662041137683 664 0.8 1
100000 4 39015 3.92711278667923 665 0.8 1
100000 4 36985 3.94042083694539 666 0.8 1
100000 4 41015 3.94383972235368 667 0.8 1
100000 4 32566 3.92441575260483 668 0.8 1
100000 4 39684 3.93824826717076 669 0.8 1
100000 4 36859 3.90419114919866 670 0.8 1
100000 4 36720 3.90122108219873 671 0.8 1
100000 4 39372 3.90922773206153 672 0.8 1
100000 4 40433 3.92942748241581 673 0.8 1
100000 4 35873 3.94765410654718 674 0.8 1
100000 4 39294 3.90770012309255 675 0.8 1
100000 4 39928 3.93189950064876 676 0.8 1
100000 4 41327 3.90381011867583 677 0.8 1
100000 4 36329 3.95491398062092 678 0.8 1
100000 4 39961 3.92095357590966 679 0.8 1
100000 4 40310 3.92480081635857 680 0.8 1
100000 4 40258 3.92626474803196 681 0.8 1
100000 4 39966 3.91366455981058 682 0.8 1
100000 4 40881 3.92041556404979 683 0.8 1
100000 4 40464 3.91320511064587 684 0.8 1
100000 4 40718 3.94858936644884 685 0.8 1
100000 4 37630 3.93375555642972 686 0.8 1
100000 4 37703 3.90792918832311 687 0.8 1
100000 4 39041 3.95163202402592 688 0.8 1
100000 4 34560 3.90640259385132 689 0.8 1
100000 4 38208 3.92757550763913 690 0.8 1
100000 4 39429 3.93677538728028 691 0.8 1
100000 4 39971 3.92526299262051 692 0.8 1
100000 4 37075 3.93786056035756 693 0.8 1
100000 4 38622 3.91427732654859 694 0.8 1
100000 4 38706 3.89954765247231 695 0.8 1
100000 4 38736 3.91427732654859 696 0.8 1
100000 4 38078 3.91397091919607 697 0.8 1
100000 4 39098 3.92172242048708 698 0.8 1
100000 4 38195 3.94492879403527 699 0.8 1
100000 4 38017 3.91236306729264 700 0.8 1
100000 4 39758 3.94306218209061 701 0.8 1
100000 4 37862 3.93584571484798 702 0.8 1
100000 4 38049 3.91573341686898 703 0.8 1
100000 4 38231 3.92249156664313 704 0.8 1
100000 4 37699 3.92133796051213 705 0.8 1
100000 4 36949 3.92379980773381 706 0.8 1
100000 4 38315 3.93956704158213 707 0.8 1
100000 4 34182 3.93012242331349 708 0.8 1
100000 4 38185 3.90457225410956 709 0.8 1
100000 4 38492 3.94726454566985 710 0.8 1
100000 4 36888 3.89916752773283 711 0.8 1
100000 4 38533 3.95241294810482 712 0.8 1
100000 4 38356 3.91458378187939 713 0.8 1
100000 4 37225 3.92742125520383 714 0.8 1
100000 4 32658 3.91987769981577 715 0.8 1
100000 4 34723 3.92472379756275 716 0.8 1
100000 4 38296 3.92603352832633 717 0.8 1
100000 4 40336 3.9066315069831 718 0.8 1
100000 4 39292 3.92364585172542 719 0.8 1
100000 4 37980 3.91834175776811 720 0.8 1
100000 4 37776 3.9291958900611 721 0.8 1
100000 4 39470 3.93004519551975 722 0.8 1
100000 4 38305 3.91596342490161 723 0.8 1
100000 4 39196 3.91190392363964 724 0.8 1
100000 4 39029 3.93739541293434 725 0.8 1
100000 4 38149 3.92041556404979 726 0.8 1
100000 4 37959 3.93406506943625 727 0.8 1
100000 4 38387 3.92695857058708 728 0.8 1
100000 4 33398 3.93143576033968 729 0.8 1
100000 4 40049 3.94104201150784 730 0.8 1
100000 4 34978 3.93778302815515 731 0.8 1
100000 4 33053 3.89802759803539 732 0.8 1
100000 4 39112 3.92133796051213 733 0.8 1
100000 4 33245 3.91243960171365 734 0.8 1
100000 4 38535 3.91458378187939 735 0.8 1
100000 4 38569 3.92364585172542 736 0.8 1
100000 4 38456 3.93545848091303 737 0.8 1
100000 4 32801 3.90198220696114 738 0.8 1
100000 4 37120 3.93716288042836 739 0.8 1
100000 4 36609 3.93228603448615 740 0.8 1
100000 4 34052 3.94640778231615 741 0.8 1
100000 4 37428 3.90396252195979 742 0.8 1
100000 4 36115 3.90731840737702 743 0.8 1
100000 4 33409 3.92456976903907 744 0.8 1
100000 4 36117 3.91903278270923 745 0.8 1
100000 4 37969 3.93143576033968 746 0.8 1
100000 4 32276 3.93220872163894 747 0.8 1
100000 4 37015 3.93700787401575 748 0.8 1
100000 4 37478 3.9177277179236 749 0.8 1
100000 4 36743 3.92634182731949 750 0.8 1
100000 4 30146 3.92503189088411 751 0.8 1
100000 4 38320 3.92510892177258 752 0.8 1
100000 4 36905 3.91335824838085 753 0.8 1
100000 4 37005 3.91696043869957 754 0.8 1
100000 4 36777 3.93043136484229 755 0.8 1
100000 4 35584 3.92518595568465 756 0.8 1
100000 4 36309 3.92041556404979 757 0.8 1
100000 4 36045 3.94874528618531 758 0.8 1
100000 4 37426 3.92195313266006 759 0.8 1
100000 4 37222 3.93159032828779 760 0.8 1
100000 4 36004 3.94905716260243 761 0.8 1
100000 4 37349 3.91535013018539 762 0.8 1
100000 4 37122 3.94018794696507 763 0.8 1
100000 4 35884 3.91726731432153 764 0.8 1
100000 4 32753 3.93669789780332 765 0.8 1
100000 4 37326 3.92110732070737 766 0.8 1
100000 4 32558 3.91880241398229 767 0.8 1
100000 4 36504 3.94096435397742 768 0.8 1
100000 4 36901 3.95210054143777 769 0.8 1
100000 4 31788 3.92233771327711 770 0.8 1
100000 4 36757 3.92634182731949 771 0.8 1
100000 4 36360 3.93499390075945 772 0.8 1
100000 4 33286 3.92126107756254 773 0.8 1
100000 4 36729 3.94492879403527 774 0.8 1
100000 4 37193 3.93313667649951 775 0.8 1
100000 4 33218 3.9324406693014 776 0.8 1
100000 4 36172 3.90670781732234 777 0.8 1
100000 4 37459 3.93739541293434 778 0.8 1
100000 4 36223 3.93414245529831 779 0.8 1
100000 4 32187 3.92303014848669 780 0.8 1
100000 4 36302 3.92880996346207 781 0.8 1
100000 4 37267 3.91358797745773 782 0.8 1
100000 4 36989 3.92772977219167 783 0.8 1
100000 4 36393 3.91980087411559 784 0.8 1
100000 4 36102 3.93027688800676 785 0.8 1
100000 4 35956 3.9228762528686 786 0.8 1
100000 4 36534 3.94018794696507 787 0.8 1
100000 4 35682 3.9228762528686 788 0.8 1
100000 4 36114 3.94609632421127 789 0.8 1
100000 4 38039 3.93375555642972 790 0.8 1
100000 4 35592 3.91765097647451 791 0.8 1
100000 4 36425 3.90647889524777 792 0.8 1
100000 4 36823 3.93530360867341 793 0.8 1
100000 4 36322 3.93128120454456 794 0.8 1
100000 4 35805 3.92572527774506 795 0.8 1
100000 4 35409 3.92989074903718 796 0.8 1
100000 4 31196 3.94088669950739 797 0.8 1
100000 4 30913 3.9119804400978 798 0.8 1
100000 4 34744 3.9499930875121 799 0.8 1
100000 4 34700 3.91872563042499 800 0.8 1
100000 4 34481 3.92518595568465 801 0.8 1
100000 4 35081 3.91535013018539 802 0.8 1
100000 4 35143 3.92611059853556 803 0.8 1
100000 4 30146 3.93043136484229 804 0.8 1
100000 4 34782 3.9383258176949 805 0.8 1
100000 4 34340 3.91665361115463 806 0.8 1
100000 4 35702 3.94345091389475 807 0.8 1
100000 4 34614 3.93166761681967 808 0.8 1
100000 4 35533 3.92156862745098 809 0.8 1
100000 4 35795 3.91550343585426 810 0.8 1
100000 4 34583 3.93197680133687 811 0.8 1
100000 4 31116 3.91550343585426 812 0.8 1
100000 4 31981 3.93809317528453 813 0.8 1
100000 4 33600 3.92564822266277 814 0.8 1
100000 4 30659 3.94749827296951 815 0.8 1
100000 4 36484 3.91734404074038 816 0.8 1
100000 4 34831 3.92911869867589 817 0.8 1
100000 4 28309 3.92049241384718 818 0.8 1
100000 4 34988 3.91619345995692 819 0.8 1
100000 4 31887 3.93236335037357 820 0.8 1
100000 4 35122 3.90053632374451 821 0.8 1
100000 4 35147 3.91857207233684 822 0.8 1
100000 4 35784 3.93089486821675 823 0.8 1
100000 4 34164 3.93739541293434 824 0.8 1
100000 4 35716 3.93987746981069 825 0.8 1
100000 4 34405 3.94968106325414 826 0.8 1
100000 4 35811 3.92534003258032 827 0.8 1
100000 4 34426 3.91542678151919 828 0.8 1
100000 4 37176 3.91895599012423 829 0.8 1
100000 4 35669 3.91726731432153 830 0.8 1
100000 4 34249 3.90968624767862 831 0.8 1
100000 4 35297 3.94944707740916 832 0.8 1
100000 4 34799 3.93507132316773 833 0.8 1
100000 4 35566 3.93956704158213 834 0.8 1
100000 4 35541 3.89924354675193 835 0.8 1
100000 4 34761 3.94975906469705 836 0.8 1
100000 4 36229 3.92195313266006 837 0.8 1
100000 4 34928 3.92395377582452 838 0.8 1
100000 4 34566 3.93166761681967 839 0.8 1
100000 4 34396 3.92372282821941 840 0.8 1
100000 4 33155 3.93863605033577 841 0.8 1
100000 4 34944 3.93019965414243 842 0.8 1
100000 4 35742 3.94018794696507 843 0.8 1
100000 4 35273 3.94197414064964 844 0.8 1
100000 4 33745 3.92056926665752 845 0.8 1
100000 4 30513 3.92850127676292 846 0.8 1
100000 4 31763 3.92295319916833 847 0.8 1
100000 4 36141 3.94446197538656 848 0.8 1
100000 4 35100 3.94851141119798 849 0.8 1
100000 4 35849 3.92757550763913 850 0.8 1
100000 4 35233 3.92480081635857 851 0.8 1
100000 4 34807 3.92072298131776 852 0.8 1
100000 4 28182 3.9284241126672 853 0.8 1
100000 4 25274 3.91880241398229 854 0.8 1
100000 4 25526 3.94524006785813 855 0.8 1
100000 4 25385 3.91435393588288 856 0.8 1
100000 4 25228 3.92880996346207 857 0.8 1
100000 4 25245 3.94003270227143 858 0.8 1
100000 4 20569 3.93840337127329 859 0.8 1
100000 4 21367 3.95436660932835 860 0.8 1
100000 4 23042 3.92796119174343 861 0.8 1
100000 4 136786 3.94143034507223 862 0.8 1
100000 4 223889 3.93429723615619 863 0.8 1
100000 4 219416 3.93553592160412 864 0.8 1
100000 4 214821 3.90495343343031 865 0.8 1
100000 4 220838 3.93956704158213 866 0.8 1
100000 4 226820 3.93027688800676 867 0.8 1
100000 4 223807 3.94968106325414 868 0.8 1
100000 4 225269 3.96361402326641 869 0.8 1
100000 4 223011 3.92880996346207 870 0.8 1
100000 4 193243 3.91933998314684 871 0.8 1
100000 4 191752 3.93313667649951 872 0.8 1
100000 4 186605 3.92595646114285 873 0.8 1
100000 4 193345 3.93747292987361 874 0.8 1
100000 4 224467 3.92857844389008 875 0.8 1
100000 4 190851 3.92303014848669 876 0.8 1
100000 4 190106 3.92595646114285 877 0.8 1
100000 4 192548 3.91297542651432 878 0.8 1
100000 4 219684 3.94003270227143 879 0.8 1
100000 4 215494 3.93143576033968 880 0.8 1
100000 4 192438 3.93693037538631 881 0.8 1
100000 4 220474 3.91305198489562 882 0.8 1
100000 4 216213 3.90046025431001 883 0.8 1
100000 4 223285 3.93406506943625 884 0.8 1
100000 4 220328 3.93545848091303 885 0.8 1
100000 4 42377 3.9383258176949 886 0.8 1
100000 4 50618 3.92356887825166 887 0.8 1
100000 4 43990 3.92911869867589 888 0.8 1
100000 4 49967 3.93863605033577 889 0.8 1
100000 4 42166 3.91450716354811 890 0.8 1
100000 4 51140 3.92310710082385 891 0.8 1
100000 4 49979 3.91542678151919 892 0.8 1
100000 4 51099 3.91619345995692 893 0.8 1
100000 4 44539 3.91098595956041 894 0.8 1
100000 4 45881 3.93460683441207 895 0.8 1
100000 4 50660 3.93159032828779 896 0.8 1
100000 4 49136 3.93956704158213 897 0.8 1
100000 4 51352 3.93421984420489 898 0.8 1
100000 4 52186 3.94446197538656 899 0.8 1
100000 4 51918 3.93824826717076 900 0.8 1
100000 4 52557 3.93452943028014 901 0.8 1
100000 4 44745 3.92850127676292 902 0.8 1
100000 4 45805 3.92087670803192 903 0.8 1
100000 4 42664 3.93027688800676 904 0.8 1
100000 4 46760 3.92279930958732 905 0.8 1
100000 4 41450 3.95569620253165 906 0.8 1
100000 4 48058 3.92203004275013 907 0.8 1
100000 4 46044 3.93848092790611 908 0.8 1
100000 4 46160 3.92264543207939 909 0.8 1
100000 4 43029 3.92295319916833 910 0.8 1
100000 4 47881 3.93321402584122 911 0.8 1
100000 4 46322 3.92256849785239 912 0.8 1
100000 4 46900 3.93739541293434 913 0.8 1
100000 4 49774 3.91742077016492 914 0.8 1
100000 4 46556 3.92187622558632 915 0.8 1
100000 4 43121 3.93654292800063 916 0.8 1
100000 4 44018 3.93050860781385 917 0.8 1
100000 4 42193 3.90907491742079 918 0.8 1
100000 4 45620 3.91389432485323 919 0.8 1
100000 4 41362 3.93383293011546 920 0.8 1
100000 4 47059 3.93762797290912 921 0.8 1
100000 4 45271 3.92418475061806 922 0.8 1
100000 4 39913 3.9080819133969 923 0.8 1
100000 4 43254 3.92587939698492 924 0.8 1
100000 4 48394 3.90335298021 925 0.8 1
100000 4 46419 3.92441575260483 926 0.8 1
100000 4 42206 3.91542678151919 927 0.8 1
100000 4 47758 3.90846377831193 928 0.8 1
100000 4 47826 3.93205410506449 929 0.8 1
100000 4 41285 3.91611677860234 930 0.8 1
100000 4 48000 3.92572527774506 931 0.8 1
100000 4 42060 3.93623302499508 932 0.8 1
100000 4 47276 3.94049847305684 933 0.8 1
100000 4 48618 3.9170371530974 934 0.8 1
100000 4 41561 3.92803833765418 935 0.8 1
100000 4 40611 3.91343482174304 936 0.8 1
100000 4 48432 3.93112666090101 937 0.8 1
100000 4 47110 3.94383972235368 938 0.8 1
100000 4 45748 3.91527348185271 939 0.8 1
100000 4 41599 3.94555139080687 940 0.8 1
100000 4 47739 3.91795796031109 941 0.8 1
100000 4 46155 3.93894633185623 942 0.8 1
100000 4 47630 3.93406506943625 943 0.8 1
100000 4 48075 3.92103044680142 944 0.8 1
100000 4 45581 3.90823465040841 945 0.8 1
100000 4 48395 3.90396252195979 946 0.8 1
100000 4 39862 3.94773202794994 947 0.8 1
100000 4 38902 3.93468424158961 948 0.8 1
100000 4 43879 3.92464678178964 949 0.8 1
100000 4 39737 3.92387679026879 950 0.8 1
100000 4 40716 3.94034320389306 951 0.8 1
100000 4 39950 3.93855848759354 952 0.8 1
100000 4 43689 3.9080819133969 953 0.8 1
100000 4 39722 3.93074035494585 954 0.8 1
100000 4 44806 3.92973631469328 955 0.8 1
100000 4 43602 3.91144488774153 956 0.8 1
100000 4 44399 3.89901549858661 957 0.8 1
100000 4 45739 3.92141484647661 958 0.8 1
100000 4 45495 3.91366455981058 959 0.8 1
100000 4 42937 3.92295319916833 960 0.8 1
100000 4 38420 3.91573341686898 961 0.8 1
100000 4 43339 3.93352345363359 962 0.8 1
100000 4 40555 3.93941184581142 963 0.8 1
100000 4 38557 3.93840337127329 964 0.8 1
100000 4 44350 3.92904151032356 965 0.8 1
100000 4 44156 3.9381707197007 966 0.8 1
100000 4 44183 3.91228653586589 967 0.8 1
100000 4 43917 3.91688372730655 968 0.8 1
100000 4 43887 3.91504355485955 969 0.8 1
100000 4 42384 3.93352345363359 970 0.8 1
100000 4 44981 3.93019965414243 971 0.8 1
100000 4 39476 3.92695857058708 972 0.8 1
100000 4 44778 3.9296591020729 973 0.8 1
100000 4 43063 3.92464678178964 974 0.8 1
100000 4 43616 3.93120393120393 975 0.8 1
100000 4 45249 3.9383258176949 976 0.8 1
100000 4 43490 3.93027688800676 977 0.8 1
100000 4 42988 3.89476349048704 978 0.8 1
100000 4 44008 3.94632991318074 979 0.8 1
100000 4 43790 3.92264543207939 980 0.8 1
100000 4 45219 3.92095357590966 981 0.8 1
100000 4 40921 3.92141484647661 982 0.8 1
100000 4 41048 3.93964464405311 983 0.8 1
100000 4 37314 3.92141484647661 984 0.8 1
100000 4 44387 3.90358153605933 985 0.8 1
100000 4 43606 3.9284241126672 986 0.8 1
100000 4 44900 3.91527348185271 987 0.8 1
100000 4 39920 3.94703084604606 988 0.8 1
100000 4 38795 3.94049847305684 989 0.8 1
100000 4 44358 3.92811548659531 990 0.8 1
100000 4 44618 3.91734404074038 991 0.8 1
100000 4 44122 3.91381773350815 992 0.8 1
100000 4 43734 3.91811147027133 993 0.8 1
100000 4 43663 3.93313667649951 994 0.8 1
100000 4 42384 3.92557117060532 995 0.8 1
100000 4 41034 3.92410775599898 996 0.8 1
100000 4 42975 3.91358797745773 997 0.8 1
100000 4 34578 3.93468424158961 998 0.8 1
100000 4 43854 3.92618767177071 999 0.8 1
100000 4 37963 3.93344609212131 1000 0.8 1
