100000 4 17863 3.49314470351934 1 0.9 1
100000 4 25306 3.50864881933967 2 0.9 1
100000 4 24802 3.48092453355611 3 0.9 1
100000 4 26397 3.48857491714635 4 0.9 1
100000 4 24864 3.48887919755778 5 0.9 1
100000 4 25876 3.496381245411 6 0.9 1
100000 4 25198 3.49082784982459 7 0.9 1
100000 4 25453 3.47753512310474 8 0.9 1
100000 4 25986 3.49387698059151 9 0.9 1
100000 4 21183 3.48948791764809 10 0.9 1
100000 4 25618 3.47953165503923 11 0.9 1
100000 4 20688 3.47572208126238 12 0.9 1
100000 4 25080 3.4874191354688 13 0.9 1
100000 4 26061 3.48547428591346 14 0.9 1
100000 4 24928 3.50846416980967 15 0.9 1
100000 4 25436 3.4976041411633 16 0.9 1
100000 4 25471 3.4979711767175 17 0.9 1
100000 4 25278 3.49882789265596 18 0.9 1
100000 4 25569 3.48231852767573 19 0.9 1
100000 4 20725 3.5056967572305 20 0.9 1
100000 4 25656 3.50042005040605 21 0.9 1
100000 4 25493 3.49058414925738 22 0.9 1
100000 4 83277 3.49235174966823 23 0.9 1
100000 4 219928 3.49174203009882 24 0.9 1
100000 4 184355 3.48310693138279 25 0.9 1
100000 4 225672 3.48681113687477 26 0.9 1
100000 4 188195 3.50274965848191 27 0.9 1
100000 4 222767 3.50459101422864 28 0.9 1
100000 4 224210 3.4986442753433 29 0.9 1
100000 4 221052 3.48219726647515 30 0.9 1
100000 4 220269 3.48298561526941 31 0.9 1
100000 4 220975 3.50146186032669 32 0.9 1
100000 4 221072 3.48517059910083 33 0.9 1
100000 4 226875 3.48997504667842 34 0.9 1
100000 4 227528 3.50367009442391 35 0.9 1
100000 4 191090 3.48699351419206 36 0.9 1
100000 4 192455 3.4952813701503 37 0.9 1
100000 4 195097 3.50502094250013 38 0.9 1
100000 4 227199 3.487358326068 39 0.9 1
100000 4 188029 3.4960145434205 40 0.9 1
100000 4 192899 3.47222222222222 41 0.9 1
100000 4 221975 3.49534245617714 42 0.9 1
100000 4 189516 3.48425985610007 43 0.9 1
100000 4 226348 3.49235174966823 44 0.9 1
100000 4 219568 3.49143725014402 45 0.9 1
100000 4 191763 3.48480624477279 46 0.9 1
100000 4 106352 3.49919518510743 47 0.9 1
100000 4 45477 3.48851406743298 48 0.9 1
100000 4 45353 3.49540354433919 49 0.9 1
100000 4 45055 3.48189415041783 50 0.9 1
100000 4 43533 3.49717603035549 51 0.9 1
100000 4 51146 3.48650721706994 52 0.9 1
100000 4 52813 3.50164577351355 53 0.9 1
100000 4 50189 3.50262697022767 54 0.9 1
100000 4 41559 3.48918353105373 55 0.9 1
100000 4 45113 3.48973146516376 56 0.9 1
100000 4 49783 3.49283967865875 57 0.9 1
100000 4 49675 3.49821590988596 58 0.9 1
100000 4 51257 3.49076692149265 59 0.9 1
100000 4 50699 3.48274300839341 60 0.9 1
100000 4 49423 3.49283967865875 61 0.9 1
100000 4 48665 3.49993000139997 62 0.9 1
100000 4 45465 3.49015775513053 63 0.9 1
100000 4 39546 3.48906179128432 64 0.9 1
100000 4 44336 3.49009685018759 65 0.9 1
100000 4 45558 3.49931763306155 66 0.9 1
100000 4 46813 3.50889504894909 67 0.9 1
100000 4 40404 3.47668880158537 68 0.9 1
100000 4 44303 3.4950370473927 69 0.9 1
100000 4 38459 3.4952813701503 70 0.9 1
100000 4 44502 3.48401707168365 71 0.9 1
100000 4 46867 3.48104570613012 72 0.9 1
100000 4 47660 3.48936615663765 73 0.9 1
100000 4 47095 3.48608181834028 74 0.9 1
100000 4 46439 3.48967057509771 75 0.9 1
100000 4 39992 3.50317913506507 76 0.9 1
100000 4 44196 3.48456338420796 77 0.9 1
100000 4 39674 3.48620335024142 78 0.9 1
100000 4 47570 3.48705431087089 79 0.9 1
100000 4 40276 3.48535280483767 80 0.9 1
100000 4 44715 3.47330763085687 81 0.9 1
100000 4 39449 3.47741419480474 82 0.9 1
100000 4 44273 3.50091023666153 83 0.9 1
100000 4 45712 3.48334958896475 84 0.9 1
100000 4 45069 3.48699351419206 85 0.9 1
100000 4 40391 3.47590330037018 86 0.9 1
100000 4 45627 3.47059538063755 87 0.9 1
100000 4 46182 3.47959219179512 88 0.9 1
100000 4 45482 3.49046231173319 89 0.9 1
100000 4 46739 3.47457479890898 90 0.9 1
100000 4 47950 3.49687030108053 91 0.9 1
100000 4 45958 3.49119346448583 92 0.9 1
100000 4 47629 3.48019767522795 93 0.9 1
100000 4 46462 3.47590330037018 94 0.9 1
100000 4 46439 3.48280365694384 95 0.9 1
100000 4 46941 3.50336322869955 96 0.9 1
100000 4 47323 3.5018297060214 97 0.9 1
100000 4 47134 3.48967057509771 98 0.9 1
100000 4 39116 3.48912266010712 99 0.9 1
100000 4 45701 3.48328892139959 100 0.9 1
100000 4 45604 3.47820037912384 101 0.9 1
100000 4 45756 3.48960968715649 102 0.9 1
100000 4 47092 3.47584289190129 103 0.9 1
100000 4 38818 3.48316759260872 104 0.9 1
100000 4 38631 3.49680916164 105 0.9 1
100000 4 45939 3.47874486885132 106 0.9 1
100000 4 46269 3.4970537322306 107 0.9 1
100000 4 38887 3.4767492394611 108 0.9 1
100000 4 37345 3.48159108712682 109 0.9 1
100000 4 44139 3.49344978165939 110 0.9 1
100000 4 42480 3.48031879720182 111 0.9 1
100000 4 44244 3.48948791764809 112 0.9 1
100000 4 44867 3.49344978165939 113 0.9 1
100000 4 35506 3.48887919755778 114 0.9 1
100000 4 43066 3.47995545657016 115 0.9 1
100000 4 42677 3.50109409190372 116 0.9 1
100000 4 44561 3.48517059910083 117 0.9 1
100000 4 43981 3.491559155741 118 0.9 1
100000 4 44079 3.48808817886916 119 0.9 1
100000 4 44930 3.47264424496033 120 0.9 1
100000 4 44011 3.50091023666153 121 0.9 1
100000 4 43081 3.48201539050803 122 0.9 1
100000 4 42580 3.48960968715649 123 0.9 1
100000 4 45128 3.47475589839814 124 0.9 1
100000 4 43949 3.48468481025891 125 0.9 1
100000 4 43741 3.50360871697849 126 0.9 1
100000 4 44885 3.50140056022409 127 0.9 1
100000 4 44877 3.50330186200494 128 0.9 1
100000 4 36154 3.49271768362963 129 0.9 1
100000 4 39405 3.49491489882221 130 0.9 1
100000 4 37841 3.47856335333507 131 0.9 1
100000 4 41032 3.48577802565533 132 0.9 1
100000 4 43663 3.50434538828147 133 0.9 1
100000 4 44438 3.47626579528271 134 0.9 1
100000 4 43805 3.48146987658189 135 0.9 1
100000 4 44749 3.48383500557414 136 0.9 1
100000 4 43251 3.48857491714635 137 0.9 1
100000 4 39433 3.49668688917251 138 0.9 1
100000 4 41652 3.49247371913526 139 0.9 1
100000 4 43196 3.48887919755778 140 0.9 1
100000 4 37352 3.47953165503923 141 0.9 1
100000 4 43548 3.47729327491481 142 0.9 1
100000 4 43403 3.48644643946657 143 0.9 1
100000 4 44452 3.49558682163768 144 0.9 1
100000 4 44264 3.47850285237234 145 0.9 1
100000 4 36229 3.49956255468067 146 0.9 1
100000 4 38846 3.47801892042293 147 0.9 1
100000 4 39306 3.48662877863394 148 0.9 1
100000 4 42892 3.47832136211065 149 0.9 1
100000 4 43493 3.49662575614532 150 0.9 1
100000 4 37051 3.49956255468067 151 0.9 1
100000 4 37127 3.49827709852897 152 0.9 1
100000 4 43495 3.49162011173184 153 0.9 1
100000 4 44674 3.46350333362196 154 0.9 1
100000 4 42394 3.46302356587537 155 0.9 1
100000 4 36156 3.51530917144163 156 0.9 1
100000 4 40748 3.47795843839666 157 0.9 1
100000 4 42316 3.48517059910083 158 0.9 1
100000 4 40910 3.48589953637536 159 0.9 1
100000 4 42842 3.45859200719387 160 0.9 1
100000 4 41164 3.50772576599961 161 0.9 1
100000 4 36391 3.48814901372587 162 0.9 1
100000 4 36781 3.48571727347195 163 0.9 1
100000 4 37477 3.49858307385509 164 0.9 1
100000 4 39457 3.48341025864321 165 0.9 1
100000 4 41759 3.48480624477279 166 0.9 1
100000 4 41612 3.47204138673333 167 0.9 1
100000 4 38023 3.48171230611215 168 0.9 1
100000 4 40762 3.49204686326891 169 0.9 1
100000 4 41830 3.49247371913526 170 0.9 1
100000 4 41944 3.49070599528755 171 0.9 1
100000 4 42993 3.48863576898254 172 0.9 1
100000 4 35991 3.46945147972106 173 0.9 1
100000 4 38976 3.47783748065453 174 0.9 1
100000 4 37244 3.5106196243637 175 0.9 1
100000 4 39251 3.5012166727938 176 0.9 1
100000 4 39253 3.47578248553206 177 0.9 1
100000 4 41391 3.49693144265907 178 0.9 1
100000 4 36395 3.50232028719026 179 0.9 1
100000 4 40402 3.4841991568238 180 0.9 1
100000 4 41619 3.49332774400894 181 0.9 1
100000 4 36694 3.49680916164 182 0.9 1
100000 4 39969 3.48875747902385 183 0.9 1
100000 4 36519 3.48425985610007 184 0.9 1
100000 4 40185 3.48766239428023 185 0.9 1
100000 4 40026 3.49534245617714 186 0.9 1
100000 4 42072 3.49003594737026 187 0.9 1
100000 4 43117 3.50232028719026 188 0.9 1
100000 4 41629 3.48827068980553 189 0.9 1
100000 4 39751 3.49180299247516 190 0.9 1
100000 4 38968 3.49027957139367 191 0.9 1
100000 4 42049 3.50391562571173 192 0.9 1
100000 4 41515 3.50268831328044 193 0.9 1
100000 4 42948 3.48262171762903 194 0.9 1
100000 4 43647 3.47650750056493 195 0.9 1
100000 4 41790 3.49852187450802 196 0.9 1
100000 4 42660 3.50452960451383 197 0.9 1
100000 4 42295 3.49729833703464 198 0.9 1
100000 4 44126 3.48159108712682 199 0.9 1
100000 4 43802 3.5056967572305 200 0.9 1
100000 4 42589 3.47783748065453 201 0.9 1
100000 4 43308 3.49271768362963 202 0.9 1
100000 4 41902 3.48523133222968 203 0.9 1
100000 4 41568 3.48668956259479 204 0.9 1
100000 4 38346 3.49040139616056 205 0.9 1
100000 4 41061 3.48322825594761 206 0.9 1
100000 4 36098 3.47439371829616 207 0.9 1
100000 4 37144 3.49040139616056 208 0.9 1
100000 4 36080 3.49302268718235 209 0.9 1
100000 4 36701 3.50741818947073 210 0.9 1
100000 4 41689 3.49522028625854 211 0.9 1
100000 4 42710 3.48717591058881 212 0.9 1
100000 4 43723 3.49003594737026 213 0.9 1
100000 4 41527 3.49564791834166 214 0.9 1
100000 4 43198 3.50140056022409 215 0.9 1
100000 4 43512 3.48656799679236 216 0.9 1
100000 4 43611 3.48924440412429 217 0.9 1
100000 4 42038 3.48438126099758 218 0.9 1
100000 4 41209 3.48942703608068 219 0.9 1
100000 4 40733 3.48541354431703 220 0.9 1
100000 4 33675 3.48833153102871 221 0.9 1
100000 4 40046 3.48056106644391 222 0.9 1
100000 4 40169 3.50170708220257 223 0.9 1
100000 4 39243 3.48827068980553 224 0.9 1
100000 4 39616 3.47554088104961 225 0.9 1
100000 4 41917 3.48814901372587 226 0.9 1
100000 4 39881 3.4848669652036 227 0.9 1
100000 4 39997 3.4992564080133 228 0.9 1
100000 4 40916 3.50711066687709 229 0.9 1
100000 4 41923 3.48353160434048 230 0.9 1
100000 4 40177 3.49558682163768 231 0.9 1
100000 4 41559 3.47566167909216 232 0.9 1
100000 4 40590 3.47868436157445 233 0.9 1
100000 4 39611 3.48547428591346 234 0.9 1
100000 4 39468 3.48334958896475 235 0.9 1
100000 4 39943 3.50588111557137 236 0.9 1
100000 4 33412 3.48906179128432 237 0.9 1
100000 4 40342 3.48274300839341 238 0.9 1
100000 4 40141 3.47886588971995 239 0.9 1
100000 4 40547 3.48031879720182 240 0.9 1
100000 4 41211 3.48504913919286 241 0.9 1
100000 4 36858 3.49393801753957 242 0.9 1
100000 4 34410 3.48839237437427 243 0.9 1
100000 4 40240 3.50680319820452 244 0.9 1
100000 4 35191 3.50097151959669 245 0.9 1
100000 4 35420 3.50219762901221 246 0.9 1
100000 4 34738 3.48632489061656 247 0.9 1
100000 4 38163 3.49418218665921 248 0.9 1
100000 4 38804 3.50127796645776 249 0.9 1
100000 4 39906 3.47632621845234 250 0.9 1
100000 4 35630 3.48541354431703 251 0.9 1
100000 4 39615 3.49113252339059 252 0.9 1
100000 4 41602 3.47119773677908 253 0.9 1
100000 4 34556 3.48128807658834 254 0.9 1
100000 4 38408 3.48510986808859 255 0.9 1
100000 4 35350 3.48407776461571 256 0.9 1
100000 4 39441 3.48675034867503 257 0.9 1
100000 4 39176 3.48796651552145 258 0.9 1
100000 4 36152 3.48365295849228 259 0.9 1
100000 4 38153 3.48401707168365 260 0.9 1
100000 4 38929 3.50299506077696 261 0.9 1
100000 4 41162 3.47306637029834 262 0.9 1
100000 4 35207 3.49204686326891 263 0.9 1
100000 4 38816 3.50109409190372 264 0.9 1
100000 4 38529 3.49192492361414 265 0.9 1
100000 4 38584 3.47451443660748 266 0.9 1
100000 4 38145 3.48328892139959 267 0.9 1
100000 4 40601 3.49729833703464 268 0.9 1
100000 4 40260 3.47445407640325 269 0.9 1
100000 4 40419 3.4986442753433 270 0.9 1
100000 4 34901 3.51320966835301 271 0.9 1
100000 4 37561 3.4845026743558 272 0.9 1
100000 4 32447 3.50637283262329 273 0.9 1
100000 4 37824 3.50250429056776 274 0.9 1
100000 4 38857 3.49558682163768 275 0.9 1
100000 4 37925 3.47723281812334 276 0.9 1
100000 4 38896 3.500113753697 277 0.9 1
100000 4 35673 3.48973146516376 278 0.9 1
100000 4 39221 3.49956255468067 279 0.9 1
100000 4 38143 3.48875747902385 280 0.9 1
100000 4 37446 3.48973146516376 281 0.9 1
100000 4 31462 3.49192492361414 282 0.9 1
100000 4 38227 3.48341025864321 283 0.9 1
100000 4 32183 3.49888910270989 284 0.9 1
100000 4 34034 3.49235174966823 285 0.9 1
100000 4 38168 3.49119346448583 286 0.9 1
100000 4 40051 3.49186395698024 287 0.9 1
100000 4 32699 3.48760157639591 288 0.9 1
100000 4 38270 3.48620335024142 289 0.9 1
100000 4 38216 3.49735949358235 290 0.9 1
100000 4 38886 3.48814901372587 291 0.9 1
100000 4 35718 3.51234589582382 292 0.9 1
100000 4 38090 3.47463516330785 293 0.9 1
100000 4 37775 3.5008489558718 294 0.9 1
100000 4 39181 3.48189415041783 295 0.9 1
100000 4 38294 3.49216881144035 296 0.9 1
100000 4 38168 3.47922900285297 297 0.9 1
100000 4 37598 3.48985325167077 298 0.9 1
100000 4 39198 3.49515920450176 299 0.9 1
100000 4 34918 3.49999125002187 300 0.9 1
100000 4 37467 3.48207601371938 301 0.9 1
100000 4 32879 3.48116688714057 302 0.9 1
100000 4 37786 3.48729751878782 303 0.9 1
100000 4 36936 3.47886588971995 304 0.9 1
100000 4 37037 3.49082784982459 305 0.9 1
100000 4 32025 3.48906179128432 306 0.9 1
100000 4 33870 3.49546463463656 307 0.9 1
100000 4 33054 3.49748181309457 308 0.9 1
100000 4 34828 3.4778979584739 309 0.9 1
100000 4 31686 3.49003594737026 310 0.9 1
100000 4 38172 3.49107158442284 311 0.9 1
100000 4 32618 3.5034245975441 312 0.9 1
100000 4 37248 3.47850285237234 313 0.9 1
100000 4 37650 3.48365295849228 314 0.9 1
100000 4 32732 3.50754121360926 315 0.9 1
100000 4 33760 3.46987282916081 316 0.9 1
100000 4 38908 3.46909040449594 317 0.9 1
100000 4 39184 3.48395638086611 318 0.9 1
100000 4 38546 3.50772576599961 319 0.9 1
100000 4 39407 3.48401707168365 320 0.9 1
100000 4 38507 3.48845321984232 321 0.9 1
100000 4 39612 3.48559577545792 322 0.9 1
100000 4 39696 3.48644643946657 323 0.9 1
100000 4 33339 3.50189102115142 324 0.9 1
100000 4 34189 3.49125440770869 325 0.9 1
100000 4 38066 3.4845026743558 326 0.9 1
100000 4 30805 3.47505777283547 327 0.9 1
100000 4 36013 3.51154420156264 328 0.9 1
100000 4 36524 3.49778764931181 329 0.9 1
100000 4 37603 3.48462409617562 330 0.9 1
100000 4 37335 3.48717591058881 331 0.9 1
100000 4 37210 3.49784882297387 332 0.9 1
100000 4 33416 3.5015844669713 333 0.9 1
100000 4 32172 3.500113753697 334 0.9 1
100000 4 36124 3.4848669652036 335 0.9 1
100000 4 37114 3.48948791764809 336 0.9 1
100000 4 38044 3.49131535305927 337 0.9 1
100000 4 37037 3.46939129529724 338 0.9 1
100000 4 32034 3.48250043531255 339 0.9 1
100000 4 31783 3.49790999877573 340 0.9 1
100000 4 37060 3.48802734613439 341 0.9 1
100000 4 36261 3.48717591058881 342 0.9 1
100000 4 35407 3.4778979584739 343 0.9 1
100000 4 31081 3.48930527931889 344 0.9 1
100000 4 36961 3.48444196661905 345 0.9 1
100000 4 31863 3.48098511878862 346 0.9 1
100000 4 33875 3.4950370473927 347 0.9 1
100000 4 31189 3.49589232651634 348 0.9 1
100000 4 35403 3.49668688917251 349 0.9 1
100000 4 35539 3.50140056022409 350 0.9 1
100000 4 37868 3.5012166727938 351 0.9 1
100000 4 35889 3.4790474368118 352 0.9 1
100000 4 35741 3.49662575614532 353 0.9 1
100000 4 36968 3.50005250078751 354 0.9 1
100000 4 32758 3.48201539050803 355 0.9 1
100000 4 35904 3.48262171762903 356 0.9 1
100000 4 29219 3.48474552645793 357 0.9 1
100000 4 34443 3.49473169197435 358 0.9 1
100000 4 36468 3.49351080368216 359 0.9 1
100000 4 37884 3.48177291877024 360 0.9 1
100000 4 37718 3.47391092892378 361 0.9 1
100000 4 36895 3.48875747902385 362 0.9 1
100000 4 38141 3.49241273333683 363 0.9 1
100000 4 37486 3.47656793213739 364 0.9 1
100000 4 32578 3.48699351419206 365 0.9 1
100000 4 37000 3.48620335024142 366 0.9 1
100000 4 36674 3.48577802565533 367 0.9 1
100000 4 36614 3.49113252339059 368 0.9 1
100000 4 32588 3.50465242609564 369 0.9 1
100000 4 35781 3.496381245411 370 0.9 1
100000 4 32522 3.48347093043509 371 0.9 1
100000 4 35899 3.47892640331194 372 0.9 1
100000 4 36523 3.49870547897278 373 0.9 1
100000 4 37483 3.47916847873358 374 0.9 1
100000 4 36636 3.49253470706365 375 0.9 1
100000 4 37813 3.5057582078564 376 0.9 1
100000 4 38089 3.49101064758247 377 0.9 1
100000 4 38405 3.50631136044881 378 0.9 1
100000 4 36709 3.4654837815359 379 0.9 1
100000 4 32391 3.47216194163296 380 0.9 1
100000 4 36325 3.50391562571173 381 0.9 1
100000 4 35968 3.50060385416484 382 0.9 1
100000 4 37190 3.49198589237699 383 0.9 1
100000 4 34427 3.50213630314492 384 0.9 1
100000 4 31791 3.48656799679236 385 0.9 1
100000 4 34629 3.49430428401705 386 0.9 1
100000 4 35404 3.49895031490553 387 0.9 1
100000 4 36172 3.49784882297387 388 0.9 1
100000 4 36035 3.49064507120916 389 0.9 1
100000 4 35092 3.48359228035951 390 0.9 1
100000 4 36371 3.49192492361414 391 0.9 1
100000 4 35817 3.4950370473927 392 0.9 1
100000 4 35546 3.49235174966823 393 0.9 1
100000 4 36998 3.4965034965035 394 0.9 1
100000 4 36579 3.47783748065453 395 0.9 1
100000 4 35747 3.49607565507718 396 0.9 1
100000 4 36386 3.49999125002187 397 0.9 1
100000 4 30845 3.48492768775048 398 0.9 1
100000 4 35097 3.50600403190464 399 0.9 1
100000 4 29552 3.48328892139959 400 0.9 1
100000 4 35628 3.50035878677564 401 0.9 1
100000 4 34682 3.49107158442284 402 0.9 1
100000 4 35829 3.49839948223688 403 0.9 1
100000 4 33151 3.48225789601978 404 0.9 1
100000 4 31753 3.49351080368216 405 0.9 1
100000 4 34152 3.49577011815703 406 0.9 1
100000 4 30782 3.5034859685387 407 0.9 1
100000 4 35700 3.49369388254201 408 0.9 1
100000 4 35158 3.50766424637834 409 0.9 1
100000 4 34359 3.50932603393518 410 0.9 1
100000 4 35458 3.47258394971698 411 0.9 1
100000 4 34917 3.48153048079936 412 0.9 1
100000 4 36341 3.48438126099758 413 0.9 1
100000 4 36219 3.48851406743298 414 0.9 1
100000 4 31535 3.48080336941766 415 0.9 1
100000 4 35627 3.47813989078641 416 0.9 1
100000 4 34525 3.491559155741 417 0.9 1
100000 4 36295 3.48827068980553 418 0.9 1
100000 4 30896 3.50827953971372 419 0.9 1
100000 4 34869 3.4950370473927 420 0.9 1
100000 4 35074 3.50815646377828 421 0.9 1
100000 4 31303 3.50379285576637 422 0.9 1
100000 4 34204 3.47753512310474 423 0.9 1
100000 4 30653 3.47916847873358 424 0.9 1
100000 4 35810 3.49607565507718 425 0.9 1
100000 4 34642 3.49515920450176 426 0.9 1
100000 4 31595 3.49944008958567 427 0.9 1
100000 4 32284 3.48924440412429 428 0.9 1
100000 4 32085 3.50029752528965 429 0.9 1
100000 4 35065 3.50428398717432 430 0.9 1
100000 4 35258 3.47820037912384 431 0.9 1
100000 4 31418 3.49570901718141 432 0.9 1
100000 4 36196 3.4960145434205 433 0.9 1
100000 4 30218 3.49430428401705 434 0.9 1
100000 4 35780 3.48991414811196 435 0.9 1
100000 4 30638 3.48231852767573 436 0.9 1
100000 4 35826 3.50403840426091 437 0.9 1
100000 4 34086 3.48043992760685 438 0.9 1
100000 4 34505 3.4925956971221 439 0.9 1
100000 4 30444 3.49858307385509 440 0.9 1
100000 4 27341 3.49125440770869 441 0.9 1
100000 4 25987 3.49534245617714 442 0.9 1
100000 4 26150 3.50483667461096 443 0.9 1
100000 4 25285 3.50219762901221 444 0.9 1
100000 4 25261 3.4798949071738 445 0.9 1
100000 4 25613 3.47965273065748 446 0.9 1
100000 4 26257 3.49137630053767 447 0.9 1
100000 4 23220 3.48262171762903 448 0.9 1
100000 4 21852 3.48280365694384 449 0.9 1
100000 4 26113 3.47409195921416 450 0.9 1
100000 4 25368 3.49235174966823 451 0.9 1
100000 4 25522 3.49485382773865 452 0.9 1
100000 4 25909 3.49009685018759 453 0.9 1
100000 4 25963 3.50115538127582 454 0.9 1
100000 4 25506 3.48043992760685 455 0.9 1
100000 4 25565 3.49589232651634 456 0.9 1
100000 4 20668 3.48729751878782 457 0.9 1
100000 4 25654 3.47705146036161 458 0.9 1
100000 4 25169 3.50195233842867 459 0.9 1
100000 4 25451 3.48425985610007 460 0.9 1
100000 4 25454 3.47318699638789 461 0.9 1
100000 4 44854 3.49003594737026 462 0.9 1
100000 4 226078 3.49882789265596 463 0.9 1
100000 4 192598 3.50054258410054 464 0.9 1
100000 4 226908 3.48225789601978 465 0.9 1
100000 4 227166 3.50324049746015 466 0.9 1
100000 4 182474 3.4950370473927 467 0.9 1
100000 4 193766 3.49174203009882 468 0.9 1
100000 4 195705 3.47838185676023 469 0.9 1
100000 4 224715 3.48146987658189 470 0.9 1
100000 4 227846 3.49107158442284 471 0.9 1
100000 4 225512 3.46650489643817 472 0.9 1
100000 4 190608 3.50778728777887 473 0.9 1
100000 4 183325 3.49344978165939 474 0.9 1
100000 4 186658 3.49149820187843 475 0.9 1
100000 4 188394 3.4952813701503 476 0.9 1
100000 4 187585 3.50017500875044 477 0.9 1
100000 4 204540 3.49149820187843 478 0.9 1
100000 4 191821 3.48389569216298 479 0.9 1
100000 4 218380 3.47439371829616 480 0.9 1
100000 4 207918 3.48973146516376 481 0.9 1
100000 4 222709 3.4807427905115 482 0.9 1
100000 4 228090 3.48159108712682 483 0.9 1
100000 4 227391 3.50035878677564 484 0.9 1
100000 4 185373 3.50428398717432 485 0.9 1
100000 4 209489 3.49485382773865 486 0.9 1
100000 4 42507 3.48134867447649 487 0.9 1
100000 4 50734 3.48177291877024 488 0.9 1
100000 4 43744 3.47783748065453 489 0.9 1
100000 4 49976 3.48796651552145 490 0.9 1
100000 4 49401 3.48116688714057 491 0.9 1
100000 4 52731 3.47584289190129 492 0.9 1
100000 4 47246 3.48553502962705 493 0.9 1
100000 4 42460 3.4965034965035 494 0.9 1
100000 4 45989 3.48656799679236 495 0.9 1
100000 4 43288 3.48432055749129 496 0.9 1
100000 4 40696 3.49180299247516 497 0.9 1
100000 4 48467 3.49302268718235 498 0.9 1
100000 4 47576 3.50581966063666 499 0.9 1
100000 4 48242 3.49846067730199 500 0.9 1
100000 4 42845 3.48159108712682 501 0.9 1
100000 4 41469 3.49833828931258 502 0.9 1
100000 4 47959 3.48001600807364 503 0.9 1
100000 4 49484 3.48565652340618 504 0.9 1
100000 4 39243 3.48280365694384 505 0.9 1
100000 4 42485 3.49699258637572 506 0.9 1
100000 4 47135 3.51728746790475 507 0.9 1
100000 4 41064 3.47107724882417 508 0.9 1
100000 4 46013 3.49168106985108 509 0.9 1
100000 4 46636 3.50201365785327 510 0.9 1
100000 4 40498 3.48341025864321 511 0.9 1
100000 4 46829 3.49064507120916 512 0.9 1
100000 4 41207 3.49467062729338 513 0.9 1
100000 4 42047 3.49369388254201 514 0.9 1
100000 4 45804 3.46818804515581 515 0.9 1
100000 4 48972 3.48517059910083 516 0.9 1
100000 4 48144 3.47886588971995 517 0.9 1
100000 4 47894 3.48195476940755 518 0.9 1
100000 4 48599 3.49570901718141 519 0.9 1
100000 4 48280 3.49247371913526 520 0.9 1
100000 4 46047 3.50489809508789 521 0.9 1
100000 4 42843 3.5029337069796 522 0.9 1
100000 4 46599 3.48979235735474 523 0.9 1
100000 4 47496 3.49815472338342 524 0.9 1
100000 4 49021 3.49662575614532 525 0.9 1
100000 4 48134 3.50600403190464 526 0.9 1
100000 4 47617 3.48250043531255 527 0.9 1
100000 4 49393 3.49564791834166 528 0.9 1
100000 4 46737 3.47608453837597 529 0.9 1
100000 4 47535 3.47638664372251 530 0.9 1
100000 4 43304 3.47995545657016 531 0.9 1
100000 4 40732 3.48723671362812 532 0.9 1
100000 4 44656 3.48425985610007 533 0.9 1
100000 4 47232 3.49070599528755 534 0.9 1
100000 4 47444 3.49668688917251 535 0.9 1
100000 4 45131 3.50975712480696 536 0.9 1
100000 4 41773 3.47584289190129 537 0.9 1
100000 4 41493 3.50661874287718 538 0.9 1
100000 4 39834 3.50170708220257 539 0.9 1
100000 4 43031 3.4878448606606 540 0.9 1
100000 4 38864 3.4980323567993 541 0.9 1
100000 4 39822 3.49308369428531 542 0.9 1
100000 4 44263 3.48565652340618 543 0.9 1
100000 4 45088 3.50495951771757 544 0.9 1
100000 4 40912 3.49131535305927 545 0.9 1
100000 4 44938 3.48577802565533 546 0.9 1
100000 4 44357 3.49913396434382 547 0.9 1
100000 4 45666 3.49962379044253 548 0.9 1
100000 4 37712 3.4980323567993 549 0.9 1
100000 4 39518 3.49687030108053 550 0.9 1
100000 4 45368 3.48729751878782 551 0.9 1
100000 4 45618 3.49735949358235 552 0.9 1
100000 4 42879 3.49668688917251 553 0.9 1
100000 4 36665 3.49064507120916 554 0.9 1
100000 4 44829 3.49913396434382 555 0.9 1
100000 4 37349 3.49436533589587 556 0.9 1
100000 4 40084 3.49296168221035 557 0.9 1
100000 4 44292 3.48711510966977 558 0.9 1
100000 4 44852 3.48262171762903 559 0.9 1
100000 4 42156 3.49693144265907 560 0.9 1
100000 4 37909 3.49021866219919 561 0.9 1
100000 4 43602 3.50514379852433 562 0.9 1
100000 4 42476 3.48675034867503 563 0.9 1
100000 4 45615 3.48954880133999 564 0.9 1
100000 4 42689 3.50029752528965 565 0.9 1
100000 4 38472 3.50066512637401 566 0.9 1
100000 4 46729 3.4952813701503 567 0.9 1
100000 4 45317 3.49192492361414 568 0.9 1
100000 4 42755 3.49003594737026 569 0.9 1
100000 4 43790 3.47107724882417 570 0.9 1
100000 4 46602 3.49192492361414 571 0.9 1
100000 4 43780 3.49332774400894 572 0.9 1
100000 4 45032 3.4845026743558 573 0.9 1
100000 4 44593 3.48711510966977 574 0.9 1
100000 4 43542 3.4841991568238 575 0.9 1
100000 4 44167 3.47336795123391 576 0.9 1
100000 4 38524 3.49241273333683 577 0.9 1
100000 4 44261 3.49699258637572 578 0.9 1
100000 4 43443 3.48504913919286 579 0.9 1
100000 4 45980 3.48577802565533 580 0.9 1
100000 4 43359 3.49436533589587 581 0.9 1
100000 4 43322 3.49448744605385 582 0.9 1
100000 4 45432 3.49204686326891 583 0.9 1
100000 4 45538 3.49687030108053 584 0.9 1
100000 4 43954 3.49162011173184 585 0.9 1
100000 4 43680 3.48936615663765 586 0.9 1
100000 4 43901 3.49980751058692 587 0.9 1
100000 4 44400 3.49968502834745 588 0.9 1
100000 4 41849 3.49895031490553 589 0.9 1
100000 4 40873 3.48894006000977 590 0.9 1
100000 4 44859 3.49460956474638 591 0.9 1
100000 4 44328 3.48985325167077 592 0.9 1
100000 4 36672 3.49320571488455 593 0.9 1
100000 4 42064 3.49412114117996 594 0.9 1
100000 4 41753 3.4823791614431 595 0.9 1
100000 4 37233 3.48894006000977 596 0.9 1
100000 4 43322 3.4845026743558 597 0.9 1
100000 4 35984 3.50495951771757 598 0.9 1
100000 4 41913 3.49839948223688 599 0.9 1
100000 4 42075 3.49870547897278 600 0.9 1
100000 4 42321 3.50668022583021 601 0.9 1
100000 4 41726 3.49174203009882 602 0.9 1
100000 4 36321 3.49595343390026 603 0.9 1
100000 4 42332 3.48906179128432 604 0.9 1
100000 4 35925 3.48140927447431 605 0.9 1
100000 4 44067 3.48231852767573 606 0.9 1
100000 4 41833 3.48407776461571 607 0.9 1
100000 4 43525 3.49375491309285 608 0.9 1
100000 4 38518 3.48644643946657 609 0.9 1
100000 4 42597 3.48827068980553 610 0.9 1
100000 4 35919 3.50176839303848 611 0.9 1
100000 4 39234 3.48183353353876 612 0.9 1
100000 4 42723 3.49723718262573 613 0.9 1
100000 4 44091 3.49094971286939 614 0.9 1
100000 4 38098 3.48869662294167 615 0.9 1
100000 4 40807 3.49778764931181 616 0.9 1
100000 4 42492 3.50440679154036 617 0.9 1
100000 4 40205 3.49192492361414 618 0.9 1
100000 4 41666 3.50871037350222 619 0.9 1
100000 4 41216 3.49895031490553 620 0.9 1
100000 4 43310 3.51642168928898 621 0.9 1
100000 4 41895 3.48122748080973 622 0.9 1
100000 4 41690 3.49058414925738 623 0.9 1
100000 4 43276 3.49552572706935 624 0.9 1
100000 4 43123 3.49485382773865 625 0.9 1
100000 4 42785 3.48644643946657 626 0.9 1
100000 4 42669 3.49418218665921 627 0.9 1
100000 4 43916 3.4874799469903 628 0.9 1
100000 4 38161 3.48681113687477 629 0.9 1
100000 4 42062 3.48936615663765 630 0.9 1
100000 4 43449 3.47977381470204 631 0.9 1
100000 4 41963 3.50029752528965 632 0.9 1
100000 4 37284 3.48553502962705 633 0.9 1
100000 4 43522 3.48359228035951 634 0.9 1
100000 4 43019 3.50864881933967 635 0.9 1
100000 4 42313 3.47935005740928 636 0.9 1
100000 4 36826 3.50403840426091 637 0.9 1
100000 4 34147 3.4922297887201 638 0.9 1
100000 4 37634 3.49320571488455 639 0.9 1
100000 4 40925 3.48571727347195 640 0.9 1
100000 4 41058 3.49693144265907 641 0.9 1
100000 4 40030 3.49186395698024 642 0.9 1
100000 4 40979 3.48729751878782 643 0.9 1
100000 4 40713 3.47451443660748 644 0.9 1
100000 4 41854 3.49644236988864 645 0.9 1
100000 4 36568 3.47874486885132 646 0.9 1
100000 4 40370 3.48808817886916 647 0.9 1
100000 4 41592 3.49497597204019 648 0.9 1
100000 4 35426 3.49046231173319 649 0.9 1
100000 4 39615 3.48991414811196 650 0.9 1
100000 4 41238 3.49381594577598 651 0.9 1
100000 4 40396 3.496381245411 652 0.9 1
100000 4 40117 3.48316759260872 653 0.9 1
100000 4 40515 3.50109409190372 654 0.9 1
100000 4 41430 3.49192492361414 655 0.9 1
100000 4 35523 3.49406009783368 656 0.9 1
100000 4 37084 3.49644236988864 657 0.9 1
100000 4 39839 3.47650750056493 658 0.9 1
100000 4 41154 3.51135924716458 659 0.9 1
100000 4 35740 3.50207497942531 660 0.9 1
100000 4 34134 3.50103280467738 661 0.9 1
100000 4 40551 3.48675034867503 662 0.9 1
100000 4 35220 3.49742065226895 663 0.9 1
100000 4 36306 3.48668956259479 664 0.9 1
100000 4 37063 3.49406009783368 665 0.9 1
100000 4 36693 3.49204686326891 666 0.9 1
100000 4 39280 3.49766530840664 667 0.9 1
100000 4 40818 3.48104570613012 668 0.9 1
100000 4 39996 3.5095723586081 669 0.9 1
100000 4 34444 3.47711191084685 670 0.9 1
100000 4 36125 3.49369388254201 671 0.9 1
100000 4 41164 3.50176839303848 672 0.9 1
100000 4 39894 3.49430428401705 673 0.9 1
100000 4 39969 3.49540354433919 674 0.9 1
100000 4 37773 3.49094971286939 675 0.9 1
100000 4 36643 3.4841991568238 676 0.9 1
100000 4 39734 3.49460956474638 677 0.9 1
100000 4 41702 3.50195233842867 678 0.9 1
100000 4 36099 3.50127796645776 679 0.9 1
100000 4 40363 3.48080336941766 680 0.9 1
100000 4 40953 3.4874191354688 681 0.9 1
100000 4 40912 3.48189415041783 682 0.9 1
100000 4 39323 3.48310693138279 683 0.9 1
100000 4 41948 3.47614495524463 684 0.9 1
100000 4 35639 3.48602105556718 685 0.9 1
100000 4 36125 3.491559155741 686 0.9 1
100000 4 41020 3.47125798389336 687 0.9 1
100000 4 39522 3.49968502834745 688 0.9 1
100000 4 37983 3.4878448606606 689 0.9 1
100000 4 38486 3.49583122126864 690 0.9 1
100000 4 39854 3.49619788480028 691 0.9 1
100000 4 34159 3.48766239428023 692 0.9 1
100000 4 38532 3.47771653132553 693 0.9 1
100000 4 36370 3.49833828931258 694 0.9 1
100000 4 38909 3.48122748080973 695 0.9 1
100000 4 40009 3.4965034965035 696 0.9 1
100000 4 39857 3.47590330037018 697 0.9 1
100000 4 39271 3.49162011173184 698 0.9 1
100000 4 38798 3.47723281812334 699 0.9 1
100000 4 33285 3.48092453355611 700 0.9 1
100000 4 39350 3.47198111242275 701 0.9 1
100000 4 37578 3.48541354431703 702 0.9 1
100000 4 38625 3.4808639504325 703 0.9 1
100000 4 37671 3.49540354433919 704 0.9 1
100000 4 39384 3.4784423535141 705 0.9 1
100000 4 35174 3.49137630053767 706 0.9 1
100000 4 37755 3.49418218665921 707 0.9 1
100000 4 37982 3.47107724882417 708 0.9 1
100000 4 38909 3.48577802565533 709 0.9 1
100000 4 39232 3.48219726647515 710 0.9 1
100000 4 38830 3.49693144265907 711 0.9 1
100000 4 38374 3.47005343882296 712 0.9 1
100000 4 37961 3.48754076063264 713 0.9 1
100000 4 39034 3.48796651552145 714 0.9 1
100000 4 32208 3.50017500875044 715 0.9 1
100000 4 39515 3.48693271963317 716 0.9 1
100000 4 39160 3.50219762901221 717 0.9 1
100000 4 39691 3.51561813355833 718 0.9 1
100000 4 33267 3.49436533589587 719 0.9 1
100000 4 40037 3.4717400361061 720 0.9 1
100000 4 37461 3.48973146516376 721 0.9 1
100000 4 38012 3.49003594737026 722 0.9 1
100000 4 38484 3.49570901718141 723 0.9 1
100000 4 39333 3.50618842256583 724 0.9 1
100000 4 38178 3.48991414811196 725 0.9 1
100000 4 34187 3.49534245617714 726 0.9 1
100000 4 38494 3.49308369428531 727 0.9 1
100000 4 37889 3.48565652340618 728 0.9 1
100000 4 40216 3.48906179128432 729 0.9 1
100000 4 37859 3.49137630053767 730 0.9 1
100000 4 33938 3.48462409617562 731 0.9 1
100000 4 35134 3.49454850433324 732 0.9 1
100000 4 39375 3.49198589237699 733 0.9 1
100000 4 34557 3.4823791614431 734 0.9 1
100000 4 40176 3.49717603035549 735 0.9 1
100000 4 37291 3.49424323427154 736 0.9 1
100000 4 34419 3.48693271963317 737 0.9 1
100000 4 35143 3.48894006000977 738 0.9 1
100000 4 34729 3.49351080368216 739 0.9 1
100000 4 32642 3.48802734613439 740 0.9 1
100000 4 33521 3.50299506077696 741 0.9 1
100000 4 37592 3.49021866219919 742 0.9 1
100000 4 37099 3.50846416980967 743 0.9 1
100000 4 30494 3.48900092458525 744 0.9 1
100000 4 38326 3.48031879720182 745 0.9 1
100000 4 36661 3.49509812487986 746 0.9 1
100000 4 37347 3.47874486885132 747 0.9 1
100000 4 36145 3.4823791614431 748 0.9 1
100000 4 31740 3.48535280483767 749 0.9 1
100000 4 37245 3.50538953641223 750 0.9 1
100000 4 30774 3.4960145434205 751 0.9 1
100000 4 36766 3.50225895702728 752 0.9 1
100000 4 38483 3.49986875492169 753 0.9 1
100000 4 31984 3.48936615663765 754 0.9 1
100000 4 37346 3.49430428401705 755 0.9 1
100000 4 32688 3.48535280483767 756 0.9 1
100000 4 32525 3.50097151959669 757 0.9 1
100000 4 36919 3.50078767722738 758 0.9 1
100000 4 37679 3.496381245411 759 0.9 1
100000 4 38210 3.4841991568238 760 0.9 1
100000 4 35883 3.49467062729338 761 0.9 1
100000 4 37439 3.49393801753957 762 0.9 1
100000 4 33057 3.49589232651634 763 0.9 1
100000 4 34180 3.49283967865875 764 0.9 1
100000 4 32950 3.48201539050803 765 0.9 1
100000 4 33759 3.49901152924299 766 0.9 1
100000 4 37363 3.49406009783368 767 0.9 1
100000 4 37057 3.51148254793174 768 0.9 1
100000 4 33824 3.47668880158537 769 0.9 1
100000 4 32200 3.49314470351934 770 0.9 1
100000 4 32670 3.49748181309457 771 0.9 1
100000 4 32925 3.49351080368216 772 0.9 1
100000 4 37724 3.4947927587894 773 0.9 1
100000 4 32444 3.48523133222968 774 0.9 1
100000 4 37189 3.48456338420796 775 0.9 1
100000 4 36031 3.49216881144035 776 0.9 1
100000 4 37413 3.50195233842867 777 0.9 1
100000 4 36244 3.47089653257436 778 0.9 1
100000 4 33900 3.47953165503923 779 0.9 1
100000 4 37514 3.50538953641223 780 0.9 1
100000 4 36885 3.48608181834028 781 0.9 1
100000 4 36422 3.48936615663765 782 0.9 1
100000 4 35629 3.48171230611215 783 0.9 1
100000 4 38171 3.48395638086611 784 0.9 1
100000 4 37274 3.49088878028346 785 0.9 1
100000 4 35109 3.51574173361225 786 0.9 1
100000 4 36995 3.50692617920393 787 0.9 1
100000 4 36324 3.47941058784642 788 0.9 1
100000 4 36243 3.49399905662025 789 0.9 1
100000 4 36830 3.49699258637572 790 0.9 1
100000 4 38088 3.47953165503923 791 0.9 1
100000 4 35607 3.49027957139367 792 0.9 1
100000 4 38596 3.48080336941766 793 0.9 1
100000 4 37390 3.49058414925738 794 0.9 1
100000 4 37086 3.49723718262573 795 0.9 1
100000 4 36846 3.48796651552145 796 0.9 1
100000 4 36237 3.48462409617562 797 0.9 1
100000 4 35900 3.4992564080133 798 0.9 1
100000 4 35529 3.49907274572238 799 0.9 1
100000 4 33249 3.4845026743558 800 0.9 1
100000 4 34730 3.48924440412429 801 0.9 1
100000 4 36182 3.47723281812334 802 0.9 1
100000 4 36515 3.50250429056776 803 0.9 1
100000 4 35896 3.48177291877024 804 0.9 1
100000 4 29784 3.49399905662025 805 0.9 1
100000 4 30976 3.49772647778944 806 0.9 1
100000 4 36095 3.49632012307047 807 0.9 1
100000 4 31106 3.50624989042969 808 0.9 1
100000 4 35306 3.48207601371938 809 0.9 1
100000 4 35045 3.49497597204019 810 0.9 1
100000 4 34604 3.49625900286693 811 0.9 1
100000 4 36626 3.50146186032669 812 0.9 1
100000 4 35787 3.4952813701503 813 0.9 1
100000 4 35066 3.48827068980553 814 0.9 1
100000 4 33464 3.50612695685711 815 0.9 1
100000 4 36892 3.48772321428571 816 0.9 1
100000 4 34176 3.48504913919286 817 0.9 1
100000 4 31736 3.49253470706365 818 0.9 1
100000 4 30971 3.4807427905115 819 0.9 1
100000 4 30269 3.50397701391079 820 0.9 1
100000 4 34787 3.47403161368768 821 0.9 1
100000 4 35085 3.48687192719411 822 0.9 1
100000 4 34151 3.48559577545792 823 0.9 1
100000 4 33940 3.49265668931072 824 0.9 1
100000 4 35265 3.48116688714057 825 0.9 1
100000 4 35236 3.48723671362812 826 0.9 1
100000 4 32299 3.49723718262573 827 0.9 1
100000 4 34698 3.49699258637572 828 0.9 1
100000 4 33126 3.491559155741 829 0.9 1
100000 4 30984 3.49149820187843 830 0.9 1
100000 4 31834 3.47995545657016 831 0.9 1
100000 4 36143 3.50618842256583 832 0.9 1
100000 4 36017 3.48359228035951 833 0.9 1
100000 4 31504 3.49314470351934 834 0.9 1
100000 4 34647 3.4950370473927 835 0.9 1
100000 4 33286 3.50066512637401 836 0.9 1
100000 4 32124 3.48711510966977 837 0.9 1
100000 4 31003 3.49387698059151 838 0.9 1
100000 4 31619 3.49944008958567 839 0.9 1
100000 4 35520 3.48577802565533 840 0.9 1
100000 4 35091 3.48159108712682 841 0.9 1
100000 4 31391 3.50452960451383 842 0.9 1
100000 4 36329 3.48894006000977 843 0.9 1
100000 4 31034 3.48517059910083 844 0.9 1
100000 4 35999 3.47995545657016 845 0.9 1
100000 4 35369 3.49656462525569 846 0.9 1
100000 4 35682 3.49094971286939 847 0.9 1
100000 4 34439 3.4952813701503 848 0.9 1
100000 4 37965 3.51469141009419 849 0.9 1
100000 4 36665 3.49113252339059 850 0.9 1
100000 4 31380 3.5008489558718 851 0.9 1
100000 4 36519 3.49320571488455 852 0.9 1
100000 4 31729 3.48808817886916 853 0.9 1
100000 4 30255 3.47632621845234 854 0.9 1
100000 4 31400 3.50809492904878 855 0.9 1
100000 4 25541 3.49192492361414 856 0.9 1
100000 4 25664 3.48845321984232 857 0.9 1
100000 4 25349 3.50127796645776 858 0.9 1
100000 4 21464 3.49076692149265 859 0.9 1
100000 4 26252 3.51518560179978 860 0.9 1
100000 4 26174 3.4874799469903 861 0.9 1
100000 4 25492 3.48930527931889 862 0.9 1
100000 4 25051 3.48924440412429 863 0.9 1
100000 4 20928 3.49235174966823 864 0.9 1
100000 4 26387 3.49174203009882 865 0.9 1
100000 4 25322 3.48881833722918 866 0.9 1
100000 4 25853 3.47813989078641 867 0.9 1
100000 4 25751 3.48632489061656 868 0.9 1
100000 4 25299 3.49296168221035 869 0.9 1
100000 4 25393 3.47953165503923 870 0.9 1
100000 4 25493 3.48967057509771 871 0.9 1
100000 4 25245 3.48778403641247 872 0.9 1
100000 4 25346 3.49046231173319 873 0.9 1
100000 4 26074 3.49277868007894 874 0.9 1
100000 4 25832 3.4952813701503 875 0.9 1
100000 4 20843 3.48614258323165 876 0.9 1
100000 4 22136 3.47047493449479 877 0.9 1
100000 4 25788 3.49271768362963 878 0.9 1
100000 4 25623 3.47753512310474 879 0.9 1
100000 4 26148 3.50711066687709 880 0.9 1
100000 4 21233 3.49015775513053 881 0.9 1
100000 4 22474 3.48341025864321 882 0.9 1
100000 4 25866 3.46933111296142 883 0.9 1
100000 4 25878 3.48602105556718 884 0.9 1
100000 4 22202 3.48614258323165 885 0.9 1
100000 4 25598 3.49931763306155 886 0.9 1
100000 4 25568 3.48341025864321 887 0.9 1
100000 4 21369 3.47517853729735 888 0.9 1
100000 4 25667 3.49699258637572 889 0.9 1
100000 4 25709 3.50379285576637 890 0.9 1
100000 4 25443 3.4722825049046 891 0.9 1
100000 4 21717 3.51765864640495 892 0.9 1
100000 4 26424 3.48316759260872 893 0.9 1
100000 4 26066 3.48967057509771 894 0.9 1
100000 4 21914 3.48723671362812 895 0.9 1
100000 4 23295 3.49326672838105 896 0.9 1
100000 4 22323 3.49882789265596 897 0.9 1
100000 4 37463 3.48820985070462 898 0.9 1
100000 4 221508 3.48687192719411 899 0.9 1
100000 4 225063 3.47421265655671 900 0.9 1
100000 4 221077 3.49467062729338 901 0.9 1
100000 4 226157 3.50637283262329 902 0.9 1
100000 4 225655 3.48128807658834 903 0.9 1
100000 4 222539 3.49595343390026 904 0.9 1
100000 4 220484 3.48577802565533 905 0.9 1
100000 4 199349 3.49308369428531 906 0.9 1
100000 4 224595 3.50821800066656 907 0.9 1
100000 4 191028 3.48365295849228 908 0.9 1
100000 4 221843 3.49198589237699 909 0.9 1
100000 4 220295 3.48869662294167 910 0.9 1
100000 4 226410 3.48851406743298 911 0.9 1
100000 4 228133 3.48304627226973 912 0.9 1
100000 4 226260 3.48098511878862 913 0.9 1
100000 4 192780 3.49027957139367 914 0.9 1
100000 4 189461 3.48668956259479 915 0.9 1
100000 4 198389 3.48668956259479 916 0.9 1
100000 4 226127 3.48869662294167 917 0.9 1
100000 4 225994 3.49180299247516 918 0.9 1
100000 4 226084 3.49913396434382 919 0.9 1
100000 4 213679 3.47680967943815 920 0.9 1
100000 4 182862 3.51364171395443 921 0.9 1
100000 4 58005 3.50195233842867 922 0.9 1
100000 4 52694 3.50133926226782 923 0.9 1
100000 4 47416 3.47723281812334 924 0.9 1
100000 4 51411 3.48997504667842 925 0.9 1
100000 4 53230 3.49424323427154 926 0.9 1
100000 4 51219 3.47874486885132 927 0.9 1
100000 4 49819 3.49125440770869 928 0.9 1
100000 4 53168 3.49901152924299 929 0.9 1
100000 4 45571 3.49687030108053 930 0.9 1
100000 4 51602 3.47813989078641 931 0.9 1
100000 4 45127 3.49320571488455 932 0.9 1
100000 4 44546 3.50594257266066 933 0.9 1
100000 4 47059 3.47832136211065 934 0.9 1
100000 4 51021 3.51253095417903 935 0.9 1
100000 4 52933 3.47415230683713 936 0.9 1
100000 4 53241 3.49699258637572 937 0.9 1
100000 4 49523 3.49375491309285 938 0.9 1
100000 4 46793 3.47560127902127 939 0.9 1
100000 4 52551 3.49034048271409 940 0.9 1
100000 4 54746 3.49052322943209 941 0.9 1
100000 4 50880 3.49937886025231 942 0.9 1
100000 4 51488 3.50232028719026 943 0.9 1
100000 4 51348 3.50379285576637 944 0.9 1
100000 4 53389 3.48298561526941 945 0.9 1
100000 4 51370 3.482439797322 946 0.9 1
100000 4 43944 3.48092453355611 947 0.9 1
100000 4 53160 3.46969223829846 948 0.9 1
100000 4 50601 3.47566167909216 949 0.9 1
100000 4 52282 3.49467062729338 950 0.9 1
100000 4 48334 3.49766530840664 951 0.9 1
100000 4 51654 3.48092453355611 952 0.9 1
100000 4 51171 3.49497597204019 953 0.9 1
100000 4 43662 3.49094971286939 954 0.9 1
100000 4 49659 3.49668688917251 955 0.9 1
100000 4 44972 3.49052322943209 956 0.9 1
100000 4 50861 3.48334958896475 957 0.9 1
100000 4 51015 3.50495951771757 958 0.9 1
100000 4 52608 3.48250043531255 959 0.9 1
100000 4 52595 3.48948791764809 960 0.9 1
100000 4 46169 3.49418218665921 961 0.9 1
100000 4 42615 3.47222222222222 962 0.9 1
100000 4 46973 3.48037936135039 963 0.9 1
100000 4 42634 3.49821590988596 964 0.9 1
100000 4 41598 3.49846067730199 965 0.9 1
100000 4 47607 3.49393801753957 966 0.9 1
100000 4 46619 3.48122748080973 967 0.9 1
100000 4 48108 3.47935005740928 968 0.9 1
100000 4 48245 3.48013711740243 969 0.9 1
100000 4 48405 3.50311777481959 970 0.9 1
100000 4 47961 3.50704916882935 971 0.9 1
100000 4 48721 3.48997504667842 972 0.9 1
100000 4 48467 3.48098511878862 973 0.9 1
100000 4 42333 3.49027957139367 974 0.9 1
100000 4 47424 3.48389569216298 975 0.9 1
100000 4 45675 3.49247371913526 976 0.9 1
100000 4 46191 3.48037936135039 977 0.9 1
100000 4 47163 3.49515920450176 978 0.9 1
100000 4 46405 3.50428398717432 979 0.9 1
100000 4 46303 3.49131535305927 980 0.9 1
100000 4 48111 3.50772576599961 981 0.9 1
100000 4 48302 3.50711066687709 982 0.9 1
100000 4 43767 3.49735949358235 983 0.9 1
100000 4 40475 3.50440679154036 984 0.9 1
100000 4 47418 3.49186395698024 985 0.9 1
100000 4 46325 3.4952813701503 986 0.9 1
100000 4 47213 3.49235174966823 987 0.9 1
100000 4 39428 3.49674802433737 988 0.9 1
100000 4 47714 3.48432055749129 989 0.9 1
100000 4 48210 3.5015844669713 990 0.9 1
100000 4 46310 3.46716593856182 991 0.9 1
100000 4 41094 3.49198589237699 992 0.9 1
100000 4 46582 3.50097151959669 993 0.9 1
100000 4 38842 3.47077606552825 994 0.9 1
100000 4 48263 3.50373147401983 995 0.9 1
100000 4 40484 3.46746649560499 996 0.9 1
100000 4 47951 3.49271768362963 997 0.9 1
100000 4 41601 3.49168106985108 998 0.9 1
100000 4 48347 3.50483667461096 999 0.9 1
100000 4 46660 3.50072640072815 1000 0.9 1
