100000 4 26069 2.00058016824879 1 1000 1
100000 4 27657 2.00072025929335 2 1000 1
100000 4 26305 2.00072025929335 3 1000 1
100000 4 27536 2.0006201922596 4 1000 1
100000 4 27104 2.00060018005402 5 1000 1
100000 4 223249 2.00072025929335 6 1000 1
100000 4 268008 2.00046010582434 7 1000 1
100000 4 272343 2.00070024508578 8 1000 1
100000 4 388310 2.00070024508578 9 1000 1
100000 4 341664 2.00086036995908 10 1000 1
100000 4 309499 2.00072025929335 11 1000 1
100000 4 282209 2.00060018005402 12 1000 1
100000 4 259940 2.0006201922596 13 1000 1
100000 4 252144 2.00050012503126 14 1000 1
100000 4 299800 2.0006602178719 15 1000 1
100000 4 283612 2.00058016824879 16 1000 1
100000 4 357439 2.00056015684392 17 1000 1
100000 4 328432 2.00068023127863 18 1000 1
100000 4 368850 2.00050012503126 19 1000 1
100000 4 396095 2.00064020486556 20 1000 1
100000 4 361296 2.00060018005402 21 1000 1
100000 4 66897 2.00060018005402 22 1000 1
100000 4 70663 2.00074027390134 23 1000 1
100000 4 105590 2.00060018005402 24 1000 1
100000 4 61568 2.00076028890979 25 1000 1
100000 4 65504 2.00060018005402 26 1000 1
100000 4 62524 2.00048011522765 27 1000 1
100000 4 88394 2.0006602178719 28 1000 1
100000 4 79858 2.00058016824879 29 1000 1
100000 4 60043 2.00064020486556 30 1000 1
100000 4 57179 2.00074027390134 31 1000 1
100000 4 54497 2.00048011522765 32 1000 1
100000 4 57167 2.00050012503126 33 1000 1
100000 4 57332 2.00060018005402 34 1000 1
100000 4 57787 2.00072025929335 35 1000 1
100000 4 53586 2.00060018005402 36 1000 1
100000 4 56692 2.00064020486556 37 1000 1
100000 4 57244 2.00078030431868 38 1000 1
100000 4 56599 2.00072025929335 39 1000 1
100000 4 52536 2.00070024508578 40 1000 1
100000 4 55235 2.00046010582434 41 1000 1
100000 4 55042 2.00070024508578 42 1000 1
100000 4 57233 2.0006602178719 43 1000 1
100000 4 56702 2.00074027390134 44 1000 1
100000 4 57936 2.00058016824879 45 1000 1
100000 4 57397 2.00054014583938 46 1000 1
100000 4 57870 2.00046010582434 47 1000 1
100000 4 54105 2.00078030431868 48 1000 1
100000 4 57075 2.00042008821853 49 1000 1
100000 4 58053 2.00058016824879 50 1000 1
100000 4 57144 2.00074027390134 51 1000 1
100000 4 49945 2.00070024508578 52 1000 1
100000 4 57625 2.00050012503126 53 1000 1
100000 4 59099 2.00068023127863 54 1000 1
100000 4 51834 2.00072025929335 55 1000 1
100000 4 53992 2.00052013523516 56 1000 1
100000 4 56603 2.00072025929335 57 1000 1
100000 4 56927 2.0006201922596 58 1000 1
100000 4 56611 2.00050012503126 59 1000 1
100000 4 56870 2.00070024508578 60 1000 1
100000 4 54292 2.00070024508578 61 1000 1
100000 4 56636 2.00064020486556 62 1000 1
100000 4 57156 2.00050012503126 63 1000 1
100000 4 53718 2.00048011522765 64 1000 1
100000 4 56425 2.00078030431868 65 1000 1
100000 4 56292 2.00054014583938 66 1000 1
100000 4 56697 2.00068023127863 67 1000 1
100000 4 56431 2.0006602178719 68 1000 1
100000 4 58943 2.00056015684392 69 1000 1
100000 4 57337 2.00064020486556 70 1000 1
100000 4 57124 2.0006602178719 71 1000 1
100000 4 58198 2.00072025929335 72 1000 1
100000 4 56721 2.00056015684392 73 1000 1
100000 4 54822 2.00064020486556 74 1000 1
100000 4 57231 2.000400080016 75 1000 1
100000 4 56523 2.00084035294824 76 1000 1
100000 4 51153 2.00070024508578 77 1000 1
100000 4 58978 2.00080032012805 78 1000 1
100000 4 58912 2.00064020486556 79 1000 1
100000 4 58213 2.00046010582434 80 1000 1
100000 4 56079 2.00054014583938 81 1000 1
100000 4 57638 2.00068023127863 82 1000 1
100000 4 58385 2.0006602178719 83 1000 1
100000 4 56827 2.00064020486556 84 1000 1
100000 4 51733 2.00080032012805 85 1000 1
100000 4 57103 2.00092042339476 86 1000 1
100000 4 56745 2.0006201922596 87 1000 1
100000 4 57406 2.00068023127863 88 1000 1
100000 4 56863 2.00054014583938 89 1000 1
100000 4 59454 2.00060018005402 90 1000 1
100000 4 51210 2.00072025929335 91 1000 1
100000 4 57518 2.00068023127863 92 1000 1
100000 4 60098 2.0006602178719 93 1000 1
100000 4 50215 2.00068023127863 94 1000 1
100000 4 56775 2.0008203363379 95 1000 1
100000 4 56890 2.00060018005402 96 1000 1
100000 4 59845 2.00070024508578 97 1000 1
100000 4 57506 2.0006201922596 98 1000 1
100000 4 58211 2.00070024508578 99 1000 1
100000 4 57184 2.00052013523516 100 1000 1
100000 4 58306 2.00072025929335 101 1000 1
100000 4 57640 2.00054014583938 102 1000 1
100000 4 57228 2.00070024508578 103 1000 1
100000 4 57601 2.00104054108136 104 1000 1
100000 4 56883 2.0008203363379 105 1000 1
100000 4 58124 2.0006602178719 106 1000 1
100000 4 58194 2.00070024508578 107 1000 1
100000 4 60698 2.00060018005402 108 1000 1
100000 4 59038 2.0006201922596 109 1000 1
100000 4 54333 2.00072025929335 110 1000 1
100000 4 60272 2.00086036995908 111 1000 1
100000 4 54971 2.00078030431868 112 1000 1
100000 4 54054 2.0006201922596 113 1000 1
100000 4 57556 2.0006201922596 114 1000 1
100000 4 51120 2.00046010582434 115 1000 1
100000 4 55192 2.00052013523516 116 1000 1
100000 4 57434 2.0006602178719 117 1000 1
100000 4 56922 2.00064020486556 118 1000 1
100000 4 55751 2.00068023127863 119 1000 1
100000 4 60164 2.0006201922596 120 1000 1
100000 4 52608 2.00046010582434 121 1000 1
100000 4 60464 2.00090040518233 122 1000 1
100000 4 62161 2.0008203363379 123 1000 1
100000 4 57462 2.00068023127863 124 1000 1
100000 4 53182 2.00050012503126 125 1000 1
100000 4 55492 2.00056015684392 126 1000 1
100000 4 55022 2.00058016824879 127 1000 1
100000 4 60798 2.00050012503126 128 1000 1
100000 4 52305 2.00060018005402 129 1000 1
100000 4 64868 2.00052013523516 130 1000 1
100000 4 53308 2.00076028890979 131 1000 1
100000 4 53272 2.00072025929335 132 1000 1
100000 4 57013 2.0006602178719 133 1000 1
100000 4 59293 2.00070024508578 134 1000 1
100000 4 52263 2.0006602178719 135 1000 1
100000 4 54670 2.00050012503126 136 1000 1
100000 4 57719 2.0006602178719 137 1000 1
100000 4 57602 2.0006602178719 138 1000 1
100000 4 56415 2.00064020486556 139 1000 1
100000 4 59080 2.00056015684392 140 1000 1
100000 4 50049 2.0006602178719 141 1000 1
100000 4 51518 2.00052013523516 142 1000 1
100000 4 48299 2.00054014583938 143 1000 1
100000 4 61603 2.00070024508578 144 1000 1
100000 4 48168 2.00076028890979 145 1000 1
100000 4 53718 2.00068023127863 146 1000 1
100000 4 52226 2.00046010582434 147 1000 1
100000 4 54272 2.00056015684392 148 1000 1
100000 4 51618 2.0006201922596 149 1000 1
100000 4 49887 2.00068023127863 150 1000 1
100000 4 51838 2.00054014583938 151 1000 1
100000 4 50836 2.00054014583938 152 1000 1
100000 4 51035 2.00068023127863 153 1000 1
100000 4 50089 2.00054014583938 154 1000 1
100000 4 51659 2.00068023127863 155 1000 1
100000 4 50053 2.00060018005402 156 1000 1
100000 4 53890 2.00072025929335 157 1000 1
100000 4 52028 2.0006602178719 158 1000 1
100000 4 52346 2.00058016824879 159 1000 1
100000 4 50311 2.00070024508578 160 1000 1
100000 4 51056 2.00060018005402 161 1000 1
100000 4 50338 2.00074027390134 162 1000 1
100000 4 50178 2.00056015684392 163 1000 1
100000 4 51998 2.00072025929335 164 1000 1
100000 4 56482 2.00064020486556 165 1000 1
100000 4 62031 2.0006201922596 166 1000 1
100000 4 54865 2.00084035294824 167 1000 1
100000 4 54028 2.0006602178719 168 1000 1
100000 4 53414 2.0006201922596 169 1000 1
100000 4 50092 2.00088038737044 170 1000 1
100000 4 51090 2.00050012503126 171 1000 1
100000 4 53793 2.00054014583938 172 1000 1
100000 4 52867 2.0006602178719 173 1000 1
100000 4 49798 2.0006602178719 174 1000 1
100000 4 50930 2.00072025929335 175 1000 1
100000 4 50251 2.00060018005402 176 1000 1
100000 4 50642 2.00060018005402 177 1000 1
100000 4 52741 2.00068023127863 178 1000 1
100000 4 52482 2.00058016824879 179 1000 1
100000 4 45810 2.00080032012805 180 1000 1
100000 4 51356 2.00048011522765 181 1000 1
100000 4 42693 2.00078030431868 182 1000 1
100000 4 49865 2.0006201922596 183 1000 1
100000 4 48987 2.0006602178719 184 1000 1
100000 4 48921 2.00048011522765 185 1000 1
100000 4 47932 2.00060018005402 186 1000 1
100000 4 49205 2.00058016824879 187 1000 1
100000 4 46617 2.00050012503126 188 1000 1
100000 4 47415 2.00072025929335 189 1000 1
100000 4 45802 2.00070024508578 190 1000 1
100000 4 46021 2.0006201922596 191 1000 1
100000 4 47593 2.00064020486556 192 1000 1
100000 4 58385 2.00048011522765 193 1000 1
100000 4 49940 2.00072025929335 194 1000 1
100000 4 50127 2.00094044200774 195 1000 1
100000 4 48758 2.00064020486556 196 1000 1
100000 4 52849 2.00060018005402 197 1000 1
100000 4 47676 2.00048011522765 198 1000 1
100000 4 49890 2.0006201922596 199 1000 1
100000 4 48022 2.0006201922596 200 1000 1
100000 4 47503 2.00058016824879 201 1000 1
100000 4 45341 2.00068023127863 202 1000 1
100000 4 50052 2.00080032012805 203 1000 1
100000 4 47991 2.00074027390134 204 1000 1
100000 4 53178 2.00076028890979 205 1000 1
100000 4 48906 2.00084035294824 206 1000 1
100000 4 51815 2.00070024508578 207 1000 1
100000 4 47354 2.00054014583938 208 1000 1
100000 4 52444 2.00064020486556 209 1000 1
100000 4 52886 2.00068023127863 210 1000 1
100000 4 48497 2.00048011522765 211 1000 1
100000 4 48708 2.0006602178719 212 1000 1
100000 4 50061 2.0006602178719 213 1000 1
100000 4 51996 2.00068023127863 214 1000 1
100000 4 48369 2.0006602178719 215 1000 1
100000 4 48745 2.00070024508578 216 1000 1
100000 4 47796 2.00086036995908 217 1000 1
100000 4 48546 2.00092042339476 218 1000 1
100000 4 48105 2.00054014583938 219 1000 1
100000 4 47804 2.00060018005402 220 1000 1
100000 4 45563 2.00056015684392 221 1000 1
100000 4 46214 2.0006602178719 222 1000 1
100000 4 53675 2.00058016824879 223 1000 1
100000 4 44273 2.00064020486556 224 1000 1
100000 4 47161 2.00078030431868 225 1000 1
100000 4 46424 2.0006201922596 226 1000 1
100000 4 47855 2.00058016824879 227 1000 1
100000 4 46865 2.000400080016 228 1000 1
100000 4 45654 2.00056015684392 229 1000 1
100000 4 40898 2.00072025929335 230 1000 1
100000 4 47306 2.00052013523516 231 1000 1
100000 4 47172 2.0006201922596 232 1000 1
100000 4 47096 2.00054014583938 233 1000 1
100000 4 45947 2.00064020486556 234 1000 1
100000 4 45654 2.0006602178719 235 1000 1
100000 4 47168 2.00046010582434 236 1000 1
100000 4 46590 2.00058016824879 237 1000 1
100000 4 44110 2.00070024508578 238 1000 1
100000 4 47186 2.000400080016 239 1000 1
100000 4 45929 2.00068023127863 240 1000 1
100000 4 48532 2.00046010582434 241 1000 1
100000 4 48084 2.0006201922596 242 1000 1
100000 4 44080 2.00070024508578 243 1000 1
100000 4 48887 2.00058016824879 244 1000 1
100000 4 47271 2.00052013523516 245 1000 1
100000 4 48599 2.00058016824879 246 1000 1
100000 4 45850 2.00070024508578 247 1000 1
100000 4 46448 2.0006201922596 248 1000 1
100000 4 45470 2.00078030431868 249 1000 1
100000 4 45949 2.00054014583938 250 1000 1
100000 4 47349 2.00052013523516 251 1000 1
100000 4 51708 2.0006201922596 252 1000 1
100000 4 46067 2.0006201922596 253 1000 1
100000 4 52224 2.00074027390134 254 1000 1
100000 4 51904 2.00074027390134 255 1000 1
100000 4 45193 2.00068023127863 256 1000 1
100000 4 48221 2.00058016824879 257 1000 1
100000 4 48776 2.00060018005402 258 1000 1
100000 4 47446 2.00058016824879 259 1000 1
100000 4 46208 2.00072025929335 260 1000 1
100000 4 47178 2.00070024508578 261 1000 1
100000 4 45877 2.00060018005402 262 1000 1
100000 4 43309 2.00058016824879 263 1000 1
100000 4 43961 2.00070024508578 264 1000 1
100000 4 43451 2.00068023127863 265 1000 1
100000 4 45212 2.00088038737044 266 1000 1
100000 4 40160 2.00070024508578 267 1000 1
100000 4 47673 2.00068023127863 268 1000 1
100000 4 41547 2.00064020486556 269 1000 1
100000 4 44141 2.00064020486556 270 1000 1
100000 4 43642 2.00064020486556 271 1000 1
100000 4 41813 2.00048011522765 272 1000 1
100000 4 42524 2.00056015684392 273 1000 1
100000 4 44084 2.0006201922596 274 1000 1
100000 4 43865 2.00076028890979 275 1000 1
100000 4 46581 2.00048011522765 276 1000 1
100000 4 44697 2.00080032012805 277 1000 1
100000 4 43597 2.00064020486556 278 1000 1
100000 4 39911 2.00058016824879 279 1000 1
100000 4 44510 2.00056015684392 280 1000 1
100000 4 43283 2.00070024508578 281 1000 1
100000 4 43898 2.00048011522765 282 1000 1
100000 4 43640 2.0006602178719 283 1000 1
100000 4 41506 2.00080032012805 284 1000 1
100000 4 43623 2.00064020486556 285 1000 1
100000 4 42393 2.00080032012805 286 1000 1
100000 4 42946 2.00064020486556 287 1000 1
100000 4 39063 2.00076028890979 288 1000 1
100000 4 41403 2.00076028890979 289 1000 1
100000 4 40332 2.00064020486556 290 1000 1
100000 4 42992 2.00078030431868 291 1000 1
100000 4 41342 2.00042008821853 292 1000 1
100000 4 43627 2.00074027390134 293 1000 1
100000 4 40612 2.00074027390134 294 1000 1
100000 4 44643 2.00068023127863 295 1000 1
100000 4 39165 2.00050012503126 296 1000 1
100000 4 49040 2.00076028890979 297 1000 1
100000 4 39507 2.00054014583938 298 1000 1
100000 4 44245 2.00074027390134 299 1000 1
100000 4 45760 2.00074027390134 300 1000 1
100000 4 43256 2.00068023127863 301 1000 1
100000 4 44130 2.00076028890979 302 1000 1
100000 4 46967 2.00056015684392 303 1000 1
100000 4 42594 2.00078030431868 304 1000 1
100000 4 45181 2.0006602178719 305 1000 1
100000 4 43124 2.00060018005402 306 1000 1
100000 4 43974 2.00060018005402 307 1000 1
100000 4 38737 2.00054014583938 308 1000 1
100000 4 32882 2.00068023127863 309 1000 1
100000 4 24698 2.00058016824879 310 1000 1
100000 4 26052 2.00056015684392 311 1000 1
100000 4 26957 2.00074027390134 312 1000 1
100000 4 26932 2.00060018005402 313 1000 1
100000 4 25382 2.0006201922596 314 1000 1
100000 4 28778 2.00056015684392 315 1000 1
100000 4 27380 2.00058016824879 316 1000 1
100000 4 27204 2.00048011522765 317 1000 1
100000 4 30187 2.00058016824879 318 1000 1
100000 4 28370 2.00056015684392 319 1000 1
100000 4 70416 2.00088038737044 320 1000 1
100000 4 267454 2.00058016824879 321 1000 1
100000 4 325879 2.00074027390134 322 1000 1
100000 4 264546 2.00060018005402 323 1000 1
100000 4 258332 2.00064020486556 324 1000 1
100000 4 284119 2.00048011522765 325 1000 1
100000 4 404391 2.00070024508578 326 1000 1
100000 4 390452 2.00100050025013 327 1000 1
100000 4 292114 2.0006201922596 328 1000 1
100000 4 266128 2.0006201922596 329 1000 1
100000 4 268153 2.00060018005402 330 1000 1
100000 4 285748 2.00056015684392 331 1000 1
100000 4 402394 2.0006602178719 332 1000 1
100000 4 403021 2.00048011522765 333 1000 1
100000 4 377461 2.00068023127863 334 1000 1
100000 4 371395 2.00060018005402 335 1000 1
100000 4 119141 2.00056015684392 336 1000 1
100000 4 90157 2.00056015684392 337 1000 1
100000 4 84720 2.00080032012805 338 1000 1
100000 4 89482 2.00042008821853 339 1000 1
100000 4 82508 2.00068023127863 340 1000 1
100000 4 65975 2.00078030431868 341 1000 1
100000 4 62103 2.00050012503126 342 1000 1
100000 4 67993 2.00068023127863 343 1000 1
100000 4 61372 2.00056015684392 344 1000 1
100000 4 57424 2.00052013523516 345 1000 1
100000 4 59523 2.0006201922596 346 1000 1
100000 4 52322 2.00050012503126 347 1000 1
100000 4 53039 2.00068023127863 348 1000 1
100000 4 56797 2.00078030431868 349 1000 1
100000 4 51304 2.00046010582434 350 1000 1
100000 4 49517 2.00050012503126 351 1000 1
100000 4 56878 2.00058016824879 352 1000 1
100000 4 56858 2.00064020486556 353 1000 1
100000 4 55643 2.00038007221372 354 1000 1
100000 4 56296 2.00070024508578 355 1000 1
100000 4 56954 2.00068023127863 356 1000 1
100000 4 60015 2.00060018005402 357 1000 1
100000 4 53290 2.00074027390134 358 1000 1
100000 4 51204 2.00088038737044 359 1000 1
100000 4 56725 2.00076028890979 360 1000 1
100000 4 56526 2.00064020486556 361 1000 1
100000 4 55436 2.00074027390134 362 1000 1
100000 4 56861 2.00074027390134 363 1000 1
100000 4 57565 2.00036006481167 364 1000 1
100000 4 57862 2.00060018005402 365 1000 1
100000 4 56324 2.00070024508578 366 1000 1
100000 4 53159 2.00060018005402 367 1000 1
100000 4 62606 2.00052013523516 368 1000 1
100000 4 57243 2.00068023127863 369 1000 1
100000 4 52364 2.00052013523516 370 1000 1
100000 4 53549 2.00080032012805 371 1000 1
100000 4 56527 2.00074027390134 372 1000 1
100000 4 50535 2.00056015684392 373 1000 1
100000 4 57346 2.00078030431868 374 1000 1
100000 4 50191 2.0006602178719 375 1000 1
100000 4 57850 2.00048011522765 376 1000 1
100000 4 56672 2.00088038737044 377 1000 1
100000 4 51564 2.00046010582434 378 1000 1
100000 4 58464 2.00048011522765 379 1000 1
100000 4 57353 2.00052013523516 380 1000 1
100000 4 58375 2.0006201922596 381 1000 1
100000 4 57514 2.00070024508578 382 1000 1
100000 4 57162 2.000400080016 383 1000 1
100000 4 57024 2.00056015684392 384 1000 1
100000 4 57542 2.00052013523516 385 1000 1
100000 4 50528 2.00056015684392 386 1000 1
100000 4 56752 2.0006602178719 387 1000 1
100000 4 56649 2.00060018005402 388 1000 1
100000 4 56575 2.0006602178719 389 1000 1
100000 4 57242 2.00060018005402 390 1000 1
100000 4 57456 2.00086036995908 391 1000 1
100000 4 57943 2.00080032012805 392 1000 1
100000 4 57911 2.0004400968213 393 1000 1
100000 4 50707 2.00052013523516 394 1000 1
100000 4 56476 2.00036006481167 395 1000 1
100000 4 51803 2.00058016824879 396 1000 1
100000 4 56876 2.00060018005402 397 1000 1
100000 4 51634 2.00076028890979 398 1000 1
100000 4 56794 2.00058016824879 399 1000 1
100000 4 118403 2.00076028890979 400 1000 1
100000 4 67102 2.0006201922596 401 1000 1
100000 4 57359 2.00068023127863 402 1000 1
100000 4 57195 2.00074027390134 403 1000 1
100000 4 53214 2.00070024508578 404 1000 1
100000 4 50834 2.00072025929335 405 1000 1
100000 4 56276 2.00074027390134 406 1000 1
100000 4 58746 2.0006602178719 407 1000 1
100000 4 54567 2.00074027390134 408 1000 1
100000 4 58506 2.00072025929335 409 1000 1
100000 4 58758 2.0008203363379 410 1000 1
100000 4 56451 2.00068023127863 411 1000 1
100000 4 52906 2.00060018005402 412 1000 1
100000 4 57453 2.00070024508578 413 1000 1
100000 4 57148 2.00046010582434 414 1000 1
100000 4 58664 2.0006201922596 415 1000 1
100000 4 57823 2.00058016824879 416 1000 1
100000 4 57293 2.00046010582434 417 1000 1
100000 4 57985 2.0006201922596 418 1000 1
100000 4 57581 2.00064020486556 419 1000 1
100000 4 56725 2.0006602178719 420 1000 1
100000 4 54050 2.00058016824879 421 1000 1
100000 4 55971 2.0006602178719 422 1000 1
100000 4 56128 2.0008203363379 423 1000 1
100000 4 56724 2.0006602178719 424 1000 1
100000 4 56688 2.00074027390134 425 1000 1
100000 4 54755 2.00074027390134 426 1000 1
100000 4 58577 2.0006602178719 427 1000 1
100000 4 53430 2.00054014583938 428 1000 1
100000 4 55800 2.0006201922596 429 1000 1
100000 4 57066 2.0006602178719 430 1000 1
100000 4 56563 2.0006602178719 431 1000 1
100000 4 51131 2.0006201922596 432 1000 1
100000 4 60837 2.00074027390134 433 1000 1
100000 4 71646 2.00048011522765 434 1000 1
100000 4 58636 2.00084035294824 435 1000 1
100000 4 53028 2.00042008821853 436 1000 1
100000 4 52791 2.00060018005402 437 1000 1
100000 4 56925 2.00054014583938 438 1000 1
100000 4 55691 2.00056015684392 439 1000 1
100000 4 46784 2.00074027390134 440 1000 1
100000 4 59539 2.0004400968213 441 1000 1
100000 4 56610 2.00058016824879 442 1000 1
100000 4 55326 2.0006602178719 443 1000 1
100000 4 51840 2.000400080016 444 1000 1
100000 4 54965 2.00078030431868 445 1000 1
100000 4 56240 2.00076028890979 446 1000 1
100000 4 55261 2.00054014583938 447 1000 1
100000 4 54669 2.00072025929335 448 1000 1
100000 4 56411 2.00056015684392 449 1000 1
100000 4 54300 2.00070024508578 450 1000 1
100000 4 56468 2.00058016824879 451 1000 1
100000 4 55241 2.000400080016 452 1000 1
100000 4 52016 2.0006201922596 453 1000 1
100000 4 49744 2.00086036995908 454 1000 1
100000 4 55992 2.00064020486556 455 1000 1
100000 4 54187 2.00076028890979 456 1000 1
100000 4 50044 2.00064020486556 457 1000 1
100000 4 52916 2.00076028890979 458 1000 1
100000 4 50083 2.00058016824879 459 1000 1
100000 4 52358 2.00074027390134 460 1000 1
100000 4 52004 2.00042008821853 461 1000 1
100000 4 52100 2.00080032012805 462 1000 1
100000 4 49841 2.00058016824879 463 1000 1
100000 4 54650 2.00068023127863 464 1000 1
100000 4 49790 2.0008203363379 465 1000 1
100000 4 48355 2.00050012503126 466 1000 1
100000 4 53722 2.00048011522765 467 1000 1
100000 4 51093 2.00060018005402 468 1000 1
100000 4 52660 2.00058016824879 469 1000 1
100000 4 54333 2.0006201922596 470 1000 1
100000 4 55186 2.00060018005402 471 1000 1
100000 4 50851 2.00076028890979 472 1000 1
100000 4 54580 2.00070024508578 473 1000 1
100000 4 65415 2.00056015684392 474 1000 1
100000 4 52340 2.00050012503126 475 1000 1
100000 4 54605 2.00100050025013 476 1000 1
100000 4 57012 2.00068023127863 477 1000 1
100000 4 51667 2.00054014583938 478 1000 1
100000 4 51105 2.00068023127863 479 1000 1
100000 4 48821 2.0006602178719 480 1000 1
100000 4 51610 2.0004400968213 481 1000 1
100000 4 57378 2.00050012503126 482 1000 1
100000 4 42618 2.0006602178719 483 1000 1
100000 4 61136 2.00072025929335 484 1000 1
100000 4 50463 2.00076028890979 485 1000 1
100000 4 52190 2.0006602178719 486 1000 1
100000 4 51269 2.0006602178719 487 1000 1
100000 4 50011 2.00060018005402 488 1000 1
100000 4 52161 2.00054014583938 489 1000 1
100000 4 50994 2.00068023127863 490 1000 1
100000 4 50214 2.00076028890979 491 1000 1
100000 4 47740 2.00080032012805 492 1000 1
100000 4 53885 2.00076028890979 493 1000 1
100000 4 48125 2.00088038737044 494 1000 1
100000 4 50168 2.00076028890979 495 1000 1
100000 4 52711 2.00054014583938 496 1000 1
100000 4 49239 2.000400080016 497 1000 1
100000 4 48146 2.00054014583938 498 1000 1
100000 4 46506 2.00068023127863 499 1000 1
100000 4 53646 2.00068023127863 500 1000 1
100000 4 47953 2.00070024508578 501 1000 1
100000 4 53449 2.00092042339476 502 1000 1
100000 4 48068 2.0006602178719 503 1000 1
100000 4 46778 2.00056015684392 504 1000 1
100000 4 50637 2.00056015684392 505 1000 1
100000 4 47802 2.00056015684392 506 1000 1
100000 4 48247 2.00078030431868 507 1000 1
100000 4 48294 2.00058016824879 508 1000 1
100000 4 49346 2.00064020486556 509 1000 1
100000 4 48525 2.0006602178719 510 1000 1
100000 4 50106 2.00074027390134 511 1000 1
100000 4 54081 2.00052013523516 512 1000 1
100000 4 48795 2.00056015684392 513 1000 1
100000 4 46795 2.00054014583938 514 1000 1
100000 4 47797 2.00048011522765 515 1000 1
100000 4 50106 2.0008203363379 516 1000 1
100000 4 44507 2.0006602178719 517 1000 1
100000 4 52075 2.00056015684392 518 1000 1
100000 4 50623 2.00076028890979 519 1000 1
100000 4 52190 2.00074027390134 520 1000 1
100000 4 49255 2.00068023127863 521 1000 1
100000 4 50551 2.00064020486556 522 1000 1
100000 4 52175 2.0006602178719 523 1000 1
100000 4 47751 2.00074027390134 524 1000 1
100000 4 46333 2.00060018005402 525 1000 1
100000 4 46686 2.00052013523516 526 1000 1
100000 4 46988 2.0006201922596 527 1000 1
100000 4 46103 2.00070024508578 528 1000 1
100000 4 48685 2.00078030431868 529 1000 1
100000 4 48733 2.00064020486556 530 1000 1
100000 4 45246 2.00068023127863 531 1000 1
100000 4 48190 2.00060018005402 532 1000 1
100000 4 47191 2.00052013523516 533 1000 1
100000 4 49739 2.00064020486556 534 1000 1
100000 4 46516 2.00070024508578 535 1000 1
100000 4 49127 2.00076028890979 536 1000 1
100000 4 46155 2.00064020486556 537 1000 1
100000 4 46197 2.00064020486556 538 1000 1
100000 4 45615 2.0006201922596 539 1000 1
100000 4 45985 2.00056015684392 540 1000 1
100000 4 44474 2.00046010582434 541 1000 1
100000 4 48296 2.00072025929335 542 1000 1
100000 4 51013 2.00054014583938 543 1000 1
100000 4 46340 2.00068023127863 544 1000 1
100000 4 46897 2.00054014583938 545 1000 1
100000 4 45890 2.0006201922596 546 1000 1
100000 4 45522 2.00060018005402 547 1000 1
100000 4 49262 2.0006602178719 548 1000 1
100000 4 46995 2.0006201922596 549 1000 1
100000 4 45157 2.00088038737044 550 1000 1
100000 4 44202 2.0006201922596 551 1000 1
100000 4 47328 2.00056015684392 552 1000 1
100000 4 49841 2.00074027390134 553 1000 1
100000 4 46307 2.00042008821853 554 1000 1
100000 4 47117 2.00060018005402 555 1000 1
100000 4 45274 2.00076028890979 556 1000 1
100000 4 46272 2.00056015684392 557 1000 1
100000 4 47451 2.00060018005402 558 1000 1
100000 4 45805 2.00042008821853 559 1000 1
100000 4 51266 2.00054014583938 560 1000 1
100000 4 44530 2.00086036995908 561 1000 1
100000 4 49728 2.00068023127863 562 1000 1
100000 4 49457 2.00058016824879 563 1000 1
100000 4 45155 2.0006602178719 564 1000 1
100000 4 48959 2.00072025929335 565 1000 1
100000 4 43331 2.00076028890979 566 1000 1
100000 4 43151 2.0004400968213 567 1000 1
100000 4 46191 2.00042008821853 568 1000 1
100000 4 46475 2.00064020486556 569 1000 1
100000 4 46811 2.00054014583938 570 1000 1
100000 4 47045 2.00102052046544 571 1000 1
100000 4 49905 2.00052013523516 572 1000 1
100000 4 50143 2.0006201922596 573 1000 1
100000 4 45762 2.00050012503126 574 1000 1
100000 4 43457 2.0006602178719 575 1000 1
100000 4 44945 2.00054014583938 576 1000 1
100000 4 44399 2.00090040518233 577 1000 1
100000 4 43019 2.0006201922596 578 1000 1
100000 4 47222 2.00080032012805 579 1000 1
100000 4 43352 2.00058016824879 580 1000 1
100000 4 42628 2.00060018005402 581 1000 1
100000 4 43114 2.00078030431868 582 1000 1
100000 4 42998 2.00052013523516 583 1000 1
100000 4 43462 2.00052013523516 584 1000 1
100000 4 43974 2.0006201922596 585 1000 1
100000 4 42695 2.00072025929335 586 1000 1
100000 4 43905 2.00080032012805 587 1000 1
100000 4 43030 2.00086036995908 588 1000 1
100000 4 42835 2.00046010582434 589 1000 1
100000 4 47439 2.00064020486556 590 1000 1
100000 4 42837 2.0006602178719 591 1000 1
100000 4 46142 2.00056015684392 592 1000 1
100000 4 47460 2.00076028890979 593 1000 1
100000 4 43822 2.00076028890979 594 1000 1
100000 4 38203 2.00042008821853 595 1000 1
100000 4 45102 2.00072025929335 596 1000 1
100000 4 44909 2.00064020486556 597 1000 1
100000 4 37308 2.00052013523516 598 1000 1
100000 4 46044 2.00050012503126 599 1000 1
100000 4 46559 2.0006602178719 600 1000 1
100000 4 41526 2.00052013523516 601 1000 1
100000 4 44992 2.00072025929335 602 1000 1
100000 4 42099 2.00052013523516 603 1000 1
100000 4 49223 2.0006602178719 604 1000 1
100000 4 46955 2.00068023127863 605 1000 1
100000 4 42392 2.00050012503126 606 1000 1
100000 4 40555 2.00056015684392 607 1000 1
100000 4 39911 2.00042008821853 608 1000 1
100000 4 42676 2.0006201922596 609 1000 1
100000 4 41511 2.0006602178719 610 1000 1
100000 4 43423 2.00058016824879 611 1000 1
100000 4 40146 2.00054014583938 612 1000 1
100000 4 48178 2.0004400968213 613 1000 1
100000 4 42994 2.00100050025013 614 1000 1
100000 4 40684 2.00076028890979 615 1000 1
100000 4 39712 2.0006602178719 616 1000 1
100000 4 39519 2.00038007221372 617 1000 1
100000 4 43454 2.00034005780983 618 1000 1
100000 4 36170 2.00060018005402 619 1000 1
100000 4 27482 2.00064020486556 620 1000 1
100000 4 27758 2.00068023127863 621 1000 1
100000 4 27000 2.00080032012805 622 1000 1
100000 4 24194 2.0006201922596 623 1000 1
100000 4 192519 2.00054014583938 624 1000 1
100000 4 286048 2.00050012503126 625 1000 1
100000 4 320470 2.00048011522765 626 1000 1
100000 4 263758 2.0006201922596 627 1000 1
100000 4 263637 2.0008203363379 628 1000 1
100000 4 261613 2.00058016824879 629 1000 1
100000 4 307070 2.00068023127863 630 1000 1
100000 4 362491 2.00064020486556 631 1000 1
100000 4 322342 2.00048011522765 632 1000 1
100000 4 268223 2.00054014583938 633 1000 1
100000 4 402824 2.00060018005402 634 1000 1
100000 4 313036 2.0006602178719 635 1000 1
100000 4 372508 2.00070024508578 636 1000 1
100000 4 309855 2.00064020486556 637 1000 1
100000 4 302488 2.00052013523516 638 1000 1
100000 4 282435 2.00064020486556 639 1000 1
100000 4 214846 2.0006201922596 640 1000 1
100000 4 90194 2.0006201922596 641 1000 1
100000 4 68839 2.0006201922596 642 1000 1
100000 4 62466 2.0006201922596 643 1000 1
100000 4 90922 2.00052013523516 644 1000 1
100000 4 59422 2.00064020486556 645 1000 1
100000 4 60525 2.00056015684392 646 1000 1
100000 4 58653 2.00072025929335 647 1000 1
100000 4 58959 2.00060018005402 648 1000 1
100000 4 57693 2.00064020486556 649 1000 1
100000 4 57854 2.00090040518233 650 1000 1
100000 4 48540 2.0006602178719 651 1000 1
100000 4 57314 2.00072025929335 652 1000 1
100000 4 51928 2.0006602178719 653 1000 1
100000 4 57207 2.00080032012805 654 1000 1
100000 4 49905 2.00070024508578 655 1000 1
100000 4 58419 2.00028003920549 656 1000 1
100000 4 56775 2.0006602178719 657 1000 1
100000 4 60807 2.00054014583938 658 1000 1
100000 4 57025 2.00068023127863 659 1000 1
100000 4 57293 2.00070024508578 660 1000 1
100000 4 56828 2.00060018005402 661 1000 1
100000 4 57239 2.00052013523516 662 1000 1
100000 4 56365 2.00070024508578 663 1000 1
100000 4 57694 2.00076028890979 664 1000 1
100000 4 53285 2.00068023127863 665 1000 1
100000 4 56711 2.0006602178719 666 1000 1
100000 4 50364 2.00064020486556 667 1000 1
100000 4 55119 2.000400080016 668 1000 1
100000 4 63730 2.00072025929335 669 1000 1
100000 4 57080 2.00068023127863 670 1000 1
100000 4 56691 2.00068023127863 671 1000 1
100000 4 56718 2.00064020486556 672 1000 1
100000 4 53967 2.0006201922596 673 1000 1
100000 4 58979 2.00052013523516 674 1000 1
100000 4 56527 2.00058016824879 675 1000 1
100000 4 56694 2.00064020486556 676 1000 1
100000 4 57505 2.00056015684392 677 1000 1
100000 4 56944 2.00072025929335 678 1000 1
100000 4 56441 2.00070024508578 679 1000 1
100000 4 57821 2.00048011522765 680 1000 1
100000 4 54068 2.00100050025013 681 1000 1
100000 4 56586 2.00068023127863 682 1000 1
100000 4 56468 2.00058016824879 683 1000 1
100000 4 56889 2.00056015684392 684 1000 1
100000 4 56660 2.00046010582434 685 1000 1
100000 4 56442 2.0008203363379 686 1000 1
100000 4 54289 2.00068023127863 687 1000 1
100000 4 57291 2.00070024508578 688 1000 1
100000 4 58109 2.0006602178719 689 1000 1
100000 4 57459 2.00086036995908 690 1000 1
100000 4 57058 2.00058016824879 691 1000 1
100000 4 54273 2.00064020486556 692 1000 1
100000 4 56989 2.00054014583938 693 1000 1
100000 4 54591 2.00074027390134 694 1000 1
100000 4 57381 2.00072025929335 695 1000 1
100000 4 53178 2.0006602178719 696 1000 1
100000 4 56826 2.00050012503126 697 1000 1
100000 4 58096 2.00072025929335 698 1000 1
100000 4 53108 2.00056015684392 699 1000 1
100000 4 56520 2.00076028890979 700 1000 1
100000 4 57791 2.00052013523516 701 1000 1
100000 4 58405 2.00068023127863 702 1000 1
100000 4 59083 2.00056015684392 703 1000 1
100000 4 57542 2.00070024508578 704 1000 1
100000 4 58772 2.00046010582434 705 1000 1
100000 4 59603 2.00060018005402 706 1000 1
100000 4 57420 2.0006201922596 707 1000 1
100000 4 57566 2.00054014583938 708 1000 1
100000 4 60514 2.0006201922596 709 1000 1
100000 4 65604 2.00060018005402 710 1000 1
100000 4 52625 2.0006602178719 711 1000 1
100000 4 57761 2.00070024508578 712 1000 1
100000 4 50876 2.00076028890979 713 1000 1
100000 4 56827 2.00080032012805 714 1000 1
100000 4 59176 2.00058016824879 715 1000 1
100000 4 58600 2.00068023127863 716 1000 1
100000 4 57176 2.00064020486556 717 1000 1
100000 4 57045 2.00054014583938 718 1000 1
100000 4 57093 2.00068023127863 719 1000 1
100000 4 52631 2.0006602178719 720 1000 1
100000 4 57361 2.00060018005402 721 1000 1
100000 4 57725 2.0006201922596 722 1000 1
100000 4 57295 2.00076028890979 723 1000 1
100000 4 56957 2.00064020486556 724 1000 1
100000 4 59175 2.00064020486556 725 1000 1
100000 4 57308 2.0006602178719 726 1000 1
100000 4 57888 2.00068023127863 727 1000 1
100000 4 67334 2.00056015684392 728 1000 1
100000 4 67119 2.00076028890979 729 1000 1
100000 4 63768 2.00086036995908 730 1000 1
100000 4 56580 2.0011406501706 731 1000 1
100000 4 56827 2.00042008821853 732 1000 1
100000 4 57403 2.00058016824879 733 1000 1
100000 4 54485 2.00086036995908 734 1000 1
100000 4 56612 2.0008203363379 735 1000 1
100000 4 53446 2.00060018005402 736 1000 1
100000 4 50852 2.00060018005402 737 1000 1
100000 4 60982 2.00076028890979 738 1000 1
100000 4 57212 2.00074027390134 739 1000 1
100000 4 62279 2.00050012503126 740 1000 1
100000 4 53049 2.00070024508578 741 1000 1
100000 4 66267 2.00074027390134 742 1000 1
100000 4 57009 2.00074027390134 743 1000 1
100000 4 56389 2.00060018005402 744 1000 1
100000 4 56467 2.00068023127863 745 1000 1
100000 4 55414 2.00060018005402 746 1000 1
100000 4 56101 2.00052013523516 747 1000 1
100000 4 53244 2.0006201922596 748 1000 1
100000 4 60112 2.00068023127863 749 1000 1
100000 4 56352 2.0006201922596 750 1000 1
100000 4 59041 2.00058016824879 751 1000 1
100000 4 57830 2.0006602178719 752 1000 1
100000 4 54255 2.00056015684392 753 1000 1
100000 4 59866 2.0006201922596 754 1000 1
100000 4 56906 2.000400080016 755 1000 1
100000 4 53385 2.00068023127863 756 1000 1
100000 4 54477 2.0006201922596 757 1000 1
100000 4 55295 2.00054014583938 758 1000 1
100000 4 54004 2.00064020486556 759 1000 1
100000 4 50889 2.00078030431868 760 1000 1
100000 4 53261 2.00064020486556 761 1000 1
100000 4 51186 2.00048011522765 762 1000 1
100000 4 56788 2.0008203363379 763 1000 1
100000 4 52913 2.00058016824879 764 1000 1
100000 4 54573 2.00054014583938 765 1000 1
100000 4 53271 2.00056015684392 766 1000 1
100000 4 54351 2.00050012503126 767 1000 1
100000 4 55471 2.00064020486556 768 1000 1
100000 4 50105 2.00052013523516 769 1000 1
100000 4 51429 2.00054014583938 770 1000 1
100000 4 49005 2.00072025929335 771 1000 1
100000 4 52650 2.0004400968213 772 1000 1
100000 4 50664 2.00078030431868 773 1000 1
100000 4 54265 2.0006602178719 774 1000 1
100000 4 48293 2.0008203363379 775 1000 1
100000 4 52849 2.0006201922596 776 1000 1
100000 4 51081 2.00064020486556 777 1000 1
100000 4 53113 2.00050012503126 778 1000 1
100000 4 83636 2.00076028890979 779 1000 1
100000 4 52996 2.00080032012805 780 1000 1
100000 4 52572 2.00046010582434 781 1000 1
100000 4 55599 2.00042008821853 782 1000 1
100000 4 52276 2.0006602178719 783 1000 1
100000 4 50252 2.00050012503126 784 1000 1
100000 4 52461 2.00060018005402 785 1000 1
100000 4 50111 2.0006201922596 786 1000 1
100000 4 53762 2.00050012503126 787 1000 1
100000 4 54360 2.00052013523516 788 1000 1
100000 4 55353 2.00068023127863 789 1000 1
100000 4 52052 2.00054014583938 790 1000 1
100000 4 52113 2.00078030431868 791 1000 1
100000 4 50976 2.00054014583938 792 1000 1
100000 4 50279 2.00058016824879 793 1000 1
100000 4 52825 2.00084035294824 794 1000 1
100000 4 54527 2.00058016824879 795 1000 1
100000 4 49484 2.00052013523516 796 1000 1
100000 4 51038 2.00050012503126 797 1000 1
100000 4 49670 2.00060018005402 798 1000 1
100000 4 48789 2.00064020486556 799 1000 1
100000 4 49243 2.00058016824879 800 1000 1
100000 4 45495 2.00068023127863 801 1000 1
100000 4 56201 2.0006602178719 802 1000 1
100000 4 51618 2.0006201922596 803 1000 1
100000 4 48550 2.00058016824879 804 1000 1
100000 4 44878 2.00060018005402 805 1000 1
100000 4 53588 2.00060018005402 806 1000 1
100000 4 44868 2.00048011522765 807 1000 1
100000 4 51930 2.00058016824879 808 1000 1
100000 4 53381 2.0006602178719 809 1000 1
100000 4 49472 2.00074027390134 810 1000 1
100000 4 44048 2.00064020486556 811 1000 1
100000 4 53125 2.00076028890979 812 1000 1
100000 4 48715 2.00064020486556 813 1000 1
100000 4 48208 2.0006602178719 814 1000 1
100000 4 52004 2.00048011522765 815 1000 1
100000 4 46833 2.0006602178719 816 1000 1
100000 4 53583 2.00078030431868 817 1000 1
100000 4 49337 2.00048011522765 818 1000 1
100000 4 48508 2.00060018005402 819 1000 1
100000 4 48122 2.00050012503126 820 1000 1
100000 4 56086 2.00058016824879 821 1000 1
100000 4 49168 2.00076028890979 822 1000 1
100000 4 49716 2.00058016824879 823 1000 1
100000 4 47392 2.00050012503126 824 1000 1
100000 4 44334 2.00078030431868 825 1000 1
100000 4 50280 2.0006602178719 826 1000 1
100000 4 55928 2.00080032012805 827 1000 1
100000 4 42119 2.00072025929335 828 1000 1
100000 4 44954 2.00070024508578 829 1000 1
100000 4 43611 2.00088038737044 830 1000 1
100000 4 46124 2.00048011522765 831 1000 1
100000 4 46243 2.0006201922596 832 1000 1
100000 4 46023 2.00060018005402 833 1000 1
100000 4 50736 2.00078030431868 834 1000 1
100000 4 47548 2.00068023127863 835 1000 1
100000 4 50485 2.00076028890979 836 1000 1
100000 4 47678 2.00052013523516 837 1000 1
100000 4 49036 2.00056015684392 838 1000 1
100000 4 49505 2.00058016824879 839 1000 1
100000 4 45389 2.00074027390134 840 1000 1
100000 4 46478 2.00052013523516 841 1000 1
100000 4 49193 2.0006201922596 842 1000 1
100000 4 45835 2.00086036995908 843 1000 1
100000 4 46358 2.00060018005402 844 1000 1
100000 4 45591 2.00036006481167 845 1000 1
100000 4 46956 2.00056015684392 846 1000 1
100000 4 45910 2.00056015684392 847 1000 1
100000 4 48460 2.00072025929335 848 1000 1
100000 4 45938 2.00072025929335 849 1000 1
100000 4 45767 2.00056015684392 850 1000 1
100000 4 40917 2.00072025929335 851 1000 1
100000 4 46588 2.00070024508578 852 1000 1
100000 4 44998 2.00050012503126 853 1000 1
100000 4 44323 2.00064020486556 854 1000 1
100000 4 52305 2.00080032012805 855 1000 1
100000 4 47797 2.0006201922596 856 1000 1
100000 4 46846 2.00058016824879 857 1000 1
100000 4 47141 2.00074027390134 858 1000 1
100000 4 48037 2.00080032012805 859 1000 1
100000 4 46352 2.000400080016 860 1000 1
100000 4 46515 2.00046010582434 861 1000 1
100000 4 41653 2.00072025929335 862 1000 1
100000 4 46471 2.00056015684392 863 1000 1
100000 4 45435 2.00072025929335 864 1000 1
100000 4 47005 2.00086036995908 865 1000 1
100000 4 43198 2.00072025929335 866 1000 1
100000 4 46842 2.00046010582434 867 1000 1
100000 4 45658 2.00058016824879 868 1000 1
100000 4 46212 2.00050012503126 869 1000 1
100000 4 46406 2.00070024508578 870 1000 1
100000 4 46050 2.00064020486556 871 1000 1
100000 4 43862 2.00078030431868 872 1000 1
100000 4 45577 2.00064020486556 873 1000 1
100000 4 48275 2.00060018005402 874 1000 1
100000 4 43214 2.00080032012805 875 1000 1
100000 4 45895 2.00058016824879 876 1000 1
100000 4 48810 2.00068023127863 877 1000 1
100000 4 41790 2.00048011522765 878 1000 1
100000 4 49853 2.00056015684392 879 1000 1
100000 4 44785 2.0006602178719 880 1000 1
100000 4 45326 2.0006201922596 881 1000 1
100000 4 45820 2.00060018005402 882 1000 1
100000 4 46849 2.00072025929335 883 1000 1
100000 4 42825 2.00070024508578 884 1000 1
100000 4 42980 2.00046010582434 885 1000 1
100000 4 44498 2.00086036995908 886 1000 1
100000 4 44722 2.00054014583938 887 1000 1
100000 4 43255 2.0006201922596 888 1000 1
100000 4 43922 2.00068023127863 889 1000 1
100000 4 38537 2.00070024508578 890 1000 1
100000 4 43473 2.00074027390134 891 1000 1
100000 4 45487 2.00054014583938 892 1000 1
100000 4 41947 2.00052013523516 893 1000 1
100000 4 44835 2.00064020486556 894 1000 1
100000 4 43889 2.0006602178719 895 1000 1
100000 4 42145 2.00076028890979 896 1000 1
100000 4 42552 2.0006201922596 897 1000 1
100000 4 43629 2.00080032012805 898 1000 1
100000 4 42371 2.00070024508578 899 1000 1
100000 4 46031 2.00038007221372 900 1000 1
100000 4 47439 2.00056015684392 901 1000 1
100000 4 42879 2.00076028890979 902 1000 1
100000 4 42038 2.00056015684392 903 1000 1
100000 4 47709 2.00048011522765 904 1000 1
100000 4 44412 2.0006201922596 905 1000 1
100000 4 43752 2.0006602178719 906 1000 1
100000 4 47150 2.00060018005402 907 1000 1
100000 4 39473 2.00056015684392 908 1000 1
100000 4 43990 2.0006602178719 909 1000 1
100000 4 43693 2.00060018005402 910 1000 1
100000 4 45167 2.00070024508578 911 1000 1
100000 4 41996 2.00058016824879 912 1000 1
100000 4 44260 2.000400080016 913 1000 1
100000 4 44500 2.0004400968213 914 1000 1
100000 4 42504 2.00074027390134 915 1000 1
100000 4 48435 2.00064020486556 916 1000 1
100000 4 45407 2.00060018005402 917 1000 1
100000 4 44165 2.00060018005402 918 1000 1
100000 4 54446 2.00080032012805 919 1000 1
100000 4 46303 2.00060018005402 920 1000 1
100000 4 46462 2.00058016824879 921 1000 1
100000 4 47417 2.00060018005402 922 1000 1
100000 4 47903 2.00050012503126 923 1000 1
100000 4 43376 2.00074027390134 924 1000 1
100000 4 42631 2.00080032012805 925 1000 1
100000 4 39773 2.00072025929335 926 1000 1
100000 4 27341 2.0006201922596 927 1000 1
100000 4 26675 2.00084035294824 928 1000 1
100000 4 28334 2.00060018005402 929 1000 1
100000 4 27644 2.0008203363379 930 1000 1
100000 4 28055 2.00048011522765 931 1000 1
100000 4 35912 2.00076028890979 932 1000 1
100000 4 25939 2.00058016824879 933 1000 1
100000 4 28670 2.00084035294824 934 1000 1
100000 4 27084 2.00048011522765 935 1000 1
100000 4 25724 2.0006602178719 936 1000 1
100000 4 136645 2.00060018005402 937 1000 1
100000 4 342320 2.00070024508578 938 1000 1
100000 4 266483 2.0004400968213 939 1000 1
100000 4 280674 2.00068023127863 940 1000 1
100000 4 282068 2.00052013523516 941 1000 1
100000 4 281345 2.00076028890979 942 1000 1
100000 4 310142 2.00052013523516 943 1000 1
100000 4 373264 2.00064020486556 944 1000 1
100000 4 260649 2.00068023127863 945 1000 1
100000 4 331767 2.00052013523516 946 1000 1
100000 4 414639 2.00064020486556 947 1000 1
100000 4 286470 2.0006602178719 948 1000 1
100000 4 262696 2.0006602178719 949 1000 1
100000 4 360770 2.00050012503126 950 1000 1
100000 4 383307 2.00060018005402 951 1000 1
100000 4 279286 2.00056015684392 952 1000 1
100000 4 197806 2.00078030431868 953 1000 1
100000 4 60570 2.00076028890979 954 1000 1
100000 4 67321 2.00068023127863 955 1000 1
100000 4 65534 2.00072025929335 956 1000 1
100000 4 92010 2.0006201922596 957 1000 1
100000 4 73452 2.0008203363379 958 1000 1
100000 4 86955 2.0006602178719 959 1000 1
100000 4 83853 2.00060018005402 960 1000 1
100000 4 57884 2.00092042339476 961 1000 1
100000 4 53637 2.00070024508578 962 1000 1
100000 4 57406 2.00088038737044 963 1000 1
100000 4 57048 2.00050012503126 964 1000 1
100000 4 56935 2.00052013523516 965 1000 1
100000 4 57191 2.00048011522765 966 1000 1
100000 4 61158 2.00056015684392 967 1000 1
100000 4 57356 2.00064020486556 968 1000 1
100000 4 57530 2.00074027390134 969 1000 1
100000 4 57874 2.0006602178719 970 1000 1
100000 4 58455 2.00036006481167 971 1000 1
100000 4 57934 2.00078030431868 972 1000 1
100000 4 56907 2.00058016824879 973 1000 1
100000 4 57169 2.00064020486556 974 1000 1
100000 4 56552 2.00052013523516 975 1000 1
100000 4 52190 2.00072025929335 976 1000 1
100000 4 56515 2.00056015684392 977 1000 1
100000 4 56623 2.00052013523516 978 1000 1
100000 4 54430 2.00054014583938 979 1000 1
100000 4 57876 2.0006201922596 980 1000 1
100000 4 56523 2.00076028890979 981 1000 1
100000 4 48840 2.0006201922596 982 1000 1
100000 4 56412 2.00052013523516 983 1000 1
100000 4 56863 2.00058016824879 984 1000 1
100000 4 61795 2.0006602178719 985 1000 1
100000 4 57261 2.00080032012805 986 1000 1
100000 4 56540 2.00052013523516 987 1000 1
100000 4 56846 2.00056015684392 988 1000 1
100000 4 56661 2.00088038737044 989 1000 1
100000 4 54719 2.00068023127863 990 1000 1
100000 4 56784 2.00060018005402 991 1000 1
100000 4 62355 2.00070024508578 992 1000 1
100000 4 52264 2.00076028890979 993 1000 1
100000 4 53249 2.00074027390134 994 1000 1
100000 4 56566 2.00058016824879 995 1000 1
100000 4 56571 2.00080032012805 996 1000 1
100000 4 55705 2.00056015684392 997 1000 1
100000 4 56954 2.00072025929335 998 1000 1
100000 4 59601 2.00058016824879 999 1000 1
100000 4 56779 2.00056015684392 1000 1000 1
