100000 4 21426 2.06317440013204 1 10 1
100000 4 28909 2.06504904491482 2 10 1
100000 4 26776 2.06566757211762 3 10 1
100000 4 26889 2.06408999432375 4 10 1
100000 4 26886 2.06566757211762 5 10 1
100000 4 27727 2.06592362280366 6 10 1
100000 4 165234 2.06389829109221 7 10 1
100000 4 262429 2.06298286692729 8 10 1
100000 4 253015 2.06577425218972 9 10 1
100000 4 259363 2.06731166790705 10 10 1
100000 4 259772 2.06688437848787 11 10 1
100000 4 277158 2.06539025548877 12 10 1
100000 4 259797 2.06507036727276 13 10 1
100000 4 266122 2.06684165926048 14 10 1
100000 4 299041 2.06682030030899 15 10 1
100000 4 300553 2.06528361507244 16 10 1
100000 4 249414 2.06494243972949 17 10 1
100000 4 263683 2.06876577433903 18 10 1
100000 4 259001 2.06662808960899 19 10 1
100000 4 259714 2.06613704687032 20 10 1
100000 4 260568 2.06539025548877 21 10 1
100000 4 297856 2.06541158489358 22 10 1
100000 4 250431 2.06255736487671 23 10 1
100000 4 300118 2.06808123423088 24 10 1
100000 4 248270 2.06679894179894 25 10 1
100000 4 58252 2.0669911842826 26 10 1
100000 4 57114 2.06818816375914 27 10 1
100000 4 52195 2.06615839170231 28 10 1
100000 4 57369 2.06682030030899 29 10 1
100000 4 56899 2.06311055177892 30 10 1
100000 4 56800 2.06545424502484 31 10 1
100000 4 56774 2.06551823852605 32 10 1
100000 4 50750 2.06588094328124 33 10 1
100000 4 57452 2.06511301330965 34 10 1
100000 4 57529 2.06805984965205 35 10 1
100000 4 57277 2.06360015683361 36 10 1
100000 4 57380 2.06607301502035 37 10 1
100000 4 56519 2.06756812636976 38 10 1
100000 4 55002 2.06609435852935 39 10 1
100000 4 59196 2.06590228282202 40 10 1
100000 4 52167 2.06511301330965 41 10 1
100000 4 57611 2.06511301330965 42 10 1
100000 4 57096 2.06711936580778 43 10 1
100000 4 54029 2.06590228282202 44 10 1
100000 4 58067 2.06701254676616 45 10 1
100000 4 50903 2.06455875218069 46 10 1
100000 4 51107 2.06524096198924 47 10 1
100000 4 56852 2.06590228282202 48 10 1
100000 4 57045 2.06761087563321 49 10 1
100000 4 52309 2.06673486891734 50 10 1
100000 4 53268 2.06590228282202 51 10 1
100000 4 58407 2.06404739052809 52 10 1
100000 4 57090 2.0664359146562 53 10 1
100000 4 56749 2.06372791811128 54 10 1
100000 4 57382 2.06485716350571 55 10 1
100000 4 58009 2.06311055177892 56 10 1
100000 4 60447 2.0657529152938 57 10 1
100000 4 60542 2.06615839170231 58 10 1
100000 4 56888 2.06391958969279 59 10 1
100000 4 56448 2.06551823852605 60 10 1
100000 4 56545 2.0671834625323 61 10 1
100000 4 56559 2.06530494227473 62 10 1
100000 4 56708 2.06566757211762 63 10 1
100000 4 52502 2.06609435852935 64 10 1
100000 4 58198 2.06549690691838 65 10 1
100000 4 57939 2.06553957057432 66 10 1
100000 4 58198 2.06724756323193 67 10 1
100000 4 57038 2.06603032932523 68 10 1
100000 4 57046 2.06526228831062 69 10 1
100000 4 57868 2.06620108268937 70 10 1
100000 4 58006 2.06686301865344 71 10 1
100000 4 50699 2.06566757211762 72 10 1
100000 4 53332 2.06590228282202 73 10 1
100000 4 51496 2.06415390331503 74 10 1
100000 4 56610 2.06613704687032 75 10 1
100000 4 57226 2.06571024282424 76 10 1
100000 4 57743 2.06617973697532 77 10 1
100000 4 57383 2.06447350764371 78 10 1
100000 4 57967 2.06432434664134 79 10 1
100000 4 50679 2.06406869220608 80 10 1
100000 4 52419 2.06532626991749 81 10 1
100000 4 57610 2.06782464846981 82 10 1
100000 4 57565 2.06543291473893 83 10 1
100000 4 57356 2.06530494227473 84 10 1
100000 4 54143 2.0663718642807 85 10 1
100000 4 56582 2.06617973697532 86 10 1
100000 4 53989 2.06530494227473 87 10 1
100000 4 52651 2.06513433698862 88 10 1
100000 4 55386 2.06707663686631 89 10 1
100000 4 54061 2.06605167195232 90 10 1
100000 4 53765 2.0641965115079 91 10 1
100000 4 56333 2.06583826552219 92 10 1
100000 4 53466 2.06596630408958 93 10 1
100000 4 55021 2.06872297730611 94 10 1
100000 4 51517 2.06436696187114 95 10 1
100000 4 55345 2.0657529152938 96 10 1
100000 4 50955 2.06524096198924 97 10 1
100000 4 52800 2.06628646995619 98 10 1
100000 4 55499 2.06470794706089 99 10 1
100000 4 56915 2.06517698566767 100 10 1
100000 4 54821 2.06481452803502 101 10 1
100000 4 52621 2.06667080000827 102 10 1
100000 4 55184 2.06455875218069 103 10 1
100000 4 55954 2.06532626991749 104 10 1
100000 4 54745 2.06387699293122 105 10 1
100000 4 55897 2.06624377544063 106 10 1
100000 4 49947 2.06470794706089 107 10 1
100000 4 54015 2.06827371534349 108 10 1
100000 4 52489 2.06543291473893 109 10 1
100000 4 55169 2.06628646995619 110 10 1
100000 4 54497 2.06389829109221 111 10 1
100000 4 54146 2.0673330370156 112 10 1
100000 4 52789 2.06823093866661 113 10 1
100000 4 58322 2.06436696187114 114 10 1
100000 4 55454 2.06526228831062 115 10 1
100000 4 50719 2.06707663686631 116 10 1
100000 4 57348 2.06891557789984 117 10 1
100000 4 55038 2.06714073094096 118 10 1
100000 4 57649 2.0664999690025 119 10 1
100000 4 51429 2.06566757211762 120 10 1
100000 4 51513 2.06423912145983 121 10 1
100000 4 48891 2.06814539062096 122 10 1
100000 4 51038 2.0646866321864 123 10 1
100000 4 47369 2.06605167195232 124 10 1
100000 4 50810 2.06645726566375 125 10 1
100000 4 47379 2.06767500284305 126 10 1
100000 4 49126 2.06507036727276 127 10 1
100000 4 52340 2.06564623742538 128 10 1
100000 4 47796 2.06598764539388 129 10 1
100000 4 52824 2.06481452803502 130 10 1
100000 4 50790 2.06558223599277 131 10 1
100000 4 49318 2.06720482899048 132 10 1
100000 4 46195 2.06453744038648 133 10 1
100000 4 49283 2.0646866321864 134 10 1
100000 4 53916 2.06577425218972 135 10 1
100000 4 52244 2.06808123423088 136 10 1
100000 4 49288 2.06671351217294 137 10 1
100000 4 51621 2.06451612903226 138 10 1
100000 4 50759 2.06662808960899 139 10 1
100000 4 47323 2.0684234476482 140 10 1
100000 4 52096 2.06630781787563 141 10 1
100000 4 48462 2.06558223599277 142 10 1
100000 4 52617 2.06502772299718 143 10 1
100000 4 47900 2.06426042709548 144 10 1
100000 4 49678 2.06635051503787 145 10 1
100000 4 52315 2.06652132133373 146 10 1
100000 4 48889 2.06545424502484 147 10 1
100000 4 49693 2.06541158489358 148 10 1
100000 4 49768 2.0671620965158 149 10 1
100000 4 51578 2.06475057813016 150 10 1
100000 4 50466 2.06481452803502 151 10 1
100000 4 49854 2.0658169273039 152 10 1
100000 4 50732 2.06583826552219 153 10 1
100000 4 53975 2.06632916623618 154 10 1
100000 4 51159 2.06688437848787 155 10 1
100000 4 51175 2.06519831066778 156 10 1
100000 4 51085 2.06551823852605 157 10 1
100000 4 48305 2.06345112200155 158 10 1
100000 4 46528 2.06571024282424 159 10 1
100000 4 52088 2.06568890725057 160 10 1
100000 4 48676 2.06556090306323 161 10 1
100000 4 45582 2.06677758373033 162 10 1
100000 4 45970 2.06530494227473 163 10 1
100000 4 49801 2.06850901869932 164 10 1
100000 4 50326 2.0653689265245 165 10 1
100000 4 47701 2.06564623742538 166 10 1
100000 4 51717 2.06526228831062 167 10 1
100000 4 48728 2.06492112001322 168 10 1
100000 4 49061 2.06556090306323 169 10 1
100000 4 42440 2.067055273058 170 10 1
100000 4 50107 2.06641456408985 171 10 1
100000 4 43490 2.06568890725057 172 10 1
100000 4 47256 2.06406869220608 173 10 1
100000 4 47237 2.06577425218972 174 10 1
100000 4 49757 2.06598764539388 175 10 1
100000 4 40472 2.06592362280366 176 10 1
100000 4 50085 2.06502772299718 177 10 1
100000 4 49568 2.06930088669543 178 10 1
100000 4 46119 2.06632916623618 179 10 1
100000 4 46831 2.06660673507135 180 10 1
100000 4 48493 2.06647861711251 181 10 1
100000 4 51443 2.06709800111623 182 10 1
100000 4 46033 2.06489980073717 183 10 1
100000 4 49052 2.06656402731998 184 10 1
100000 4 46094 2.06603032932523 185 10 1
100000 4 47826 2.06620108268937 186 10 1
100000 4 50077 2.0639834881321 187 10 1
100000 4 45848 2.06428173317094 188 10 1
100000 4 50061 2.06703390969129 189 10 1
100000 4 45448 2.0658169273039 190 10 1
100000 4 50035 2.06748263314588 191 10 1
100000 4 49105 2.06793155146565 192 10 1
100000 4 44440 2.06590228282202 193 10 1
100000 4 48058 2.06667080000827 194 10 1
100000 4 41933 2.06684165926048 195 10 1
100000 4 44780 2.06545424502484 196 10 1
100000 4 48910 2.06658538097501 197 10 1
100000 4 48971 2.06656402731998 198 10 1
100000 4 48345 2.06511301330965 199 10 1
100000 4 50329 2.06737577655803 200 10 1
100000 4 46402 2.06630781787563 201 10 1
100000 4 39529 2.06489980073717 202 10 1
100000 4 44100 2.06532626991749 203 10 1
100000 4 46582 2.06507036727276 204 10 1
100000 4 47026 2.06611570247934 205 10 1
100000 4 46722 2.06556090306323 206 10 1
100000 4 46749 2.06440957886045 207 10 1
100000 4 46572 2.06475057813016 208 10 1
100000 4 43395 2.06496375988601 209 10 1
100000 4 49907 2.06694846064013 210 10 1
100000 4 39173 2.0646866321864 211 10 1
100000 4 45842 2.06500640151984 212 10 1
100000 4 45529 2.0669270994812 213 10 1
100000 4 42037 2.06737577655803 214 10 1
100000 4 46703 2.06387699293122 215 10 1
100000 4 45284 2.06667080000827 216 10 1
100000 4 46639 2.06413259987822 217 10 1
100000 4 44186 2.06553957057432 218 10 1
100000 4 45295 2.06579558952642 219 10 1
100000 4 47662 2.06607301502035 220 10 1
100000 4 42641 2.06761087563321 221 10 1
100000 4 45898 2.06660673507135 222 10 1
100000 4 46841 2.06673486891734 223 10 1
100000 4 45578 2.0671834625323 224 10 1
100000 4 46188 2.06750400578901 225 10 1
100000 4 45658 2.06632916623618 226 10 1
100000 4 42922 2.06504904491482 227 10 1
100000 4 48979 2.06735440656592 228 10 1
100000 4 41971 2.06603032932523 229 10 1
100000 4 46148 2.06553957057432 230 10 1
100000 4 45579 2.06628646995619 231 10 1
100000 4 45847 2.06564623742538 232 10 1
100000 4 42581 2.06434565403631 233 10 1
100000 4 46534 2.06684165926048 234 10 1
100000 4 44241 2.06389829109221 235 10 1
100000 4 42951 2.06387699293122 236 10 1
100000 4 47883 2.06690573876378 237 10 1
100000 4 47746 2.06325953741721 238 10 1
100000 4 47488 2.06455875218069 239 10 1
100000 4 46326 2.06583826552219 240 10 1
100000 4 48509 2.06504904491482 241 10 1
100000 4 41561 2.06492112001322 242 10 1
100000 4 44359 2.0658169273039 243 10 1
100000 4 45983 2.06485716350571 244 10 1
100000 4 41767 2.06177064863305 245 10 1
100000 4 44734 2.06445219760936 246 10 1
100000 4 42984 2.06671351217294 247 10 1
100000 4 42413 2.06583826552219 248 10 1
100000 4 43111 2.06494243972949 249 10 1
100000 4 43818 2.06611570247934 250 10 1
100000 4 45644 2.06662808960899 251 10 1
100000 4 44464 2.06530494227473 252 10 1
100000 4 43873 2.06426042709548 253 10 1
100000 4 43384 2.06598764539388 254 10 1
100000 4 45141 2.06622242884447 255 10 1
100000 4 37865 2.06600898713909 256 10 1
100000 4 43977 2.06515566110796 257 10 1
100000 4 40503 2.06690573876378 258 10 1
100000 4 39570 2.06515566110796 259 10 1
100000 4 46296 2.06603032932523 260 10 1
100000 4 52250 2.06664944458796 261 10 1
100000 4 45224 2.0658169273039 262 10 1
100000 4 43813 2.06771775652623 263 10 1
100000 4 39201 2.06462269020337 264 10 1
100000 4 46178 2.06423912145983 265 10 1
100000 4 42381 2.06609435852935 266 10 1
100000 4 43083 2.06615839170231 267 10 1
100000 4 44884 2.06579558952642 268 10 1
100000 4 43098 2.06494243972949 269 10 1
100000 4 45649 2.06726893101524 270 10 1
100000 4 42935 2.0664359146562 271 10 1
100000 4 40434 2.06492112001322 272 10 1
100000 4 40823 2.06451612903226 273 10 1
100000 4 38469 2.06568890725057 274 10 1
100000 4 45073 2.06690573876378 275 10 1
100000 4 40967 2.06492112001322 276 10 1
100000 4 45825 2.06470794706089 277 10 1
100000 4 43207 2.06524096198924 278 10 1
100000 4 46032 2.06795293339124 279 10 1
100000 4 43477 2.06436696187114 280 10 1
100000 4 47864 2.0671834625323 281 10 1
100000 4 41047 2.06532626991749 282 10 1
100000 4 40668 2.06549690691838 283 10 1
100000 4 39844 2.06411129688113 284 10 1
100000 4 49050 2.06737577655803 285 10 1
100000 4 43869 2.06667080000827 286 10 1
100000 4 39977 2.06609435852935 287 10 1
100000 4 37988 2.06366403549502 288 10 1
100000 4 45014 2.0664999690025 289 10 1
100000 4 42611 2.06662808960899 290 10 1
100000 4 42549 2.06709800111623 291 10 1
100000 4 42866 2.06671351217294 292 10 1
100000 4 38229 2.06641456408985 293 10 1
100000 4 40695 2.06613704687032 294 10 1
100000 4 40641 2.06654267410622 295 10 1
100000 4 34956 2.0671834625323 296 10 1
100000 4 39801 2.06641456408985 297 10 1
100000 4 41948 2.06795293339124 298 10 1
100000 4 40149 2.06626512247787 299 10 1
100000 4 39733 2.06408999432375 300 10 1
100000 4 42775 2.06447350764371 301 10 1
100000 4 41581 2.06641456408985 302 10 1
100000 4 42361 2.06543291473893 303 10 1
100000 4 42634 2.06464400375765 304 10 1
100000 4 38467 2.06500640151984 305 10 1
100000 4 43120 2.06556090306323 306 10 1
100000 4 38066 2.06532626991749 307 10 1
100000 4 41177 2.06485716350571 308 10 1
100000 4 42469 2.06517698566767 309 10 1
100000 4 39957 2.06524096198924 310 10 1
100000 4 38909 2.06528361507244 311 10 1
100000 4 41447 2.06598764539388 312 10 1
100000 4 43676 2.06577425218972 313 10 1
100000 4 40599 2.0658169273039 314 10 1
100000 4 41801 2.06500640151984 315 10 1
100000 4 42961 2.06677758373033 316 10 1
100000 4 41273 2.06620108268937 317 10 1
100000 4 42748 2.06423912145983 318 10 1
100000 4 45749 2.06675622610313 319 10 1
100000 4 40241 2.06504904491482 320 10 1
100000 4 40755 2.06724756323193 321 10 1
100000 4 40158 2.06517698566767 322 10 1
100000 4 39552 2.0677605119775 323 10 1
100000 4 43475 2.06816677696889 324 10 1
100000 4 43760 2.06539025548877 325 10 1
100000 4 41897 2.06679894179894 326 10 1
100000 4 42118 2.06722619589035 327 10 1
100000 4 38385 2.06739714699194 328 10 1
100000 4 40431 2.06639321396469 329 10 1
100000 4 46183 2.06645726566375 330 10 1
100000 4 43657 2.0663718642807 331 10 1
100000 4 37946 2.06411129688113 332 10 1
100000 4 38211 2.06632916623618 333 10 1
100000 4 42633 2.06590228282202 334 10 1
100000 4 38479 2.06507036727276 335 10 1
100000 4 45132 2.06609435852935 336 10 1
100000 4 40785 2.06511301330965 337 10 1
100000 4 43040 2.06532626991749 338 10 1
100000 4 42836 2.06701254676616 339 10 1
100000 4 31393 2.06654267410622 340 10 1
100000 4 27182 2.06541158489358 341 10 1
100000 4 25674 2.06664944458796 342 10 1
100000 4 29378 2.06682030030899 343 10 1
100000 4 27176 2.06517698566767 344 10 1
100000 4 27054 2.0677605119775 345 10 1
100000 4 138638 2.06686301865344 346 10 1
100000 4 265111 2.06517698566767 347 10 1
100000 4 261790 2.06311055177892 348 10 1
100000 4 268240 2.0663718642807 349 10 1
100000 4 252854 2.06607301502035 350 10 1
100000 4 266507 2.06381310108557 351 10 1
100000 4 273209 2.06432434664134 352 10 1
100000 4 272033 2.06487848190134 353 10 1
100000 4 271868 2.06739714699194 354 10 1
100000 4 248578 2.06611570247934 355 10 1
100000 4 256635 2.06641456408985 356 10 1
100000 4 265267 2.06671351217294 357 10 1
100000 4 266664 2.06434565403631 358 10 1
100000 4 255539 2.06562490317383 359 10 1
100000 4 262478 2.06722619589035 360 10 1
100000 4 254640 2.06709800111623 361 10 1
100000 4 258802 2.06568890725057 362 10 1
100000 4 304366 2.06694846064013 363 10 1
100000 4 257242 2.06594496322618 364 10 1
100000 4 133115 2.06660673507135 365 10 1
100000 4 56552 2.06553957057432 366 10 1
100000 4 57178 2.06977201461259 367 10 1
100000 4 51933 2.06669215586992 368 10 1
100000 4 57542 2.06385569520979 369 10 1
100000 4 57180 2.06577425218972 370 10 1
100000 4 56984 2.06509169007104 371 10 1
100000 4 57530 2.06417520719159 372 10 1
100000 4 56721 2.06430303968623 373 10 1
100000 4 56846 2.06724756323193 374 10 1
100000 4 57444 2.06635051503787 375 10 1
100000 4 52408 2.0652196361083 376 10 1
100000 4 57397 2.06436696187114 377 10 1
100000 4 53019 2.06389829109221 378 10 1
100000 4 57683 2.06553957057432 379 10 1
100000 4 57120 2.06701254676616 380 10 1
100000 4 51783 2.06647861711251 381 10 1
100000 4 58599 2.06504904491482 382 10 1
100000 4 60616 2.06451612903226 383 10 1
100000 4 56993 2.06645726566375 384 10 1
100000 4 56847 2.06524096198924 385 10 1
100000 4 53208 2.0669911842826 386 10 1
100000 4 53927 2.06654267410622 387 10 1
100000 4 57346 2.06722619589035 388 10 1
100000 4 51947 2.06596630408958 389 10 1
100000 4 53886 2.06611570247934 390 10 1
100000 4 58154 2.0673330370156 391 10 1
100000 4 57387 2.06494243972949 392 10 1
100000 4 52507 2.06761087563321 393 10 1
100000 4 58736 2.06511301330965 394 10 1
100000 4 56552 2.06573157883865 395 10 1
100000 4 58527 2.06558223599277 396 10 1
100000 4 51223 2.06615839170231 397 10 1
100000 4 57254 2.06743988918522 398 10 1
100000 4 51510 2.06658538097501 399 10 1
100000 4 56560 2.06686301865344 400 10 1
100000 4 56535 2.06485716350571 401 10 1
100000 4 56811 2.06504904491482 402 10 1
100000 4 52743 2.06545424502484 403 10 1
100000 4 57166 2.06607301502035 404 10 1
100000 4 57628 2.06489980073717 405 10 1
100000 4 56876 2.06517698566767 406 10 1
100000 4 56489 2.06635051503787 407 10 1
100000 4 53719 2.06626512247787 408 10 1
100000 4 56798 2.06932229694775 409 10 1
100000 4 51421 2.06472926237547 410 10 1
100000 4 57766 2.06496375988601 411 10 1
100000 4 56653 2.06374921319561 412 10 1
100000 4 51258 2.06436696187114 413 10 1
100000 4 56847 2.06415390331503 414 10 1
100000 4 52049 2.06750400578901 415 10 1
100000 4 52784 2.06771775652623 416 10 1
100000 4 58362 2.06579558952642 417 10 1
100000 4 51964 2.06630781787563 418 10 1
100000 4 56190 2.06462269020337 419 10 1
100000 4 54376 2.06519831066778 420 10 1
100000 4 56405 2.06711936580778 421 10 1
100000 4 53437 2.06487848190134 422 10 1
100000 4 57991 2.06679894179894 423 10 1
100000 4 55389 2.06560356936297 424 10 1
100000 4 52575 2.0658169273039 425 10 1
100000 4 52970 2.06671351217294 426 10 1
100000 4 56434 2.06370662346641 427 10 1
100000 4 57012 2.06635051503787 428 10 1
100000 4 56344 2.06701254676616 429 10 1
100000 4 56055 2.06624377544063 430 10 1
100000 4 55405 2.06571024282424 431 10 1
100000 4 45715 2.06658538097501 432 10 1
100000 4 49001 2.06489980073717 433 10 1
100000 4 49548 2.06524096198924 434 10 1
100000 4 53421 2.06684165926048 435 10 1
100000 4 57612 2.06560356936297 436 10 1
100000 4 49181 2.06391958969279 437 10 1
100000 4 56790 2.06383439792791 438 10 1
100000 4 51375 2.06686301865344 439 10 1
100000 4 60432 2.06423912145983 440 10 1
100000 4 55861 2.06513433698862 441 10 1
100000 4 56591 2.06626512247787 442 10 1
100000 4 54217 2.06511301330965 443 10 1
100000 4 54368 2.06487848190134 444 10 1
100000 4 56620 2.06447350764371 445 10 1
100000 4 53278 2.06460137708912 446 10 1
100000 4 52381 2.06564623742538 447 10 1
100000 4 51726 2.06487848190134 448 10 1
100000 4 53169 2.06353628212668 449 10 1
100000 4 56873 2.06372791811128 450 10 1
100000 4 55749 2.06551823852605 451 10 1
100000 4 57133 2.06761087563321 452 10 1
100000 4 49061 2.06573157883865 453 10 1
100000 4 53217 2.06658538097501 454 10 1
100000 4 44488 2.06726893101524 455 10 1
100000 4 50450 2.06617973697532 456 10 1
100000 4 49402 2.06767500284305 457 10 1
100000 4 53372 2.0664359146562 458 10 1
100000 4 52118 2.06530494227473 459 10 1
100000 4 54315 2.06573157883865 460 10 1
100000 4 49985 2.06545424502484 461 10 1
100000 4 48813 2.06357886482527 462 10 1
100000 4 45501 2.06773913403085 463 10 1
100000 4 46890 2.06528361507244 464 10 1
100000 4 46698 2.06440957886045 465 10 1
100000 4 53316 2.06494243972949 466 10 1
100000 4 51946 2.06498508048279 467 10 1
100000 4 51605 2.06421781626397 468 10 1
100000 4 53454 2.0669270994812 469 10 1
100000 4 48850 2.06364274216848 470 10 1
100000 4 47480 2.0645800644149 471 10 1
100000 4 50134 2.06436696187114 472 10 1
100000 4 47995 2.06411129688113 473 10 1
100000 4 49810 2.06673486891734 474 10 1
100000 4 51910 2.06669215586992 475 10 1
100000 4 49096 2.06432434664134 476 10 1
100000 4 51735 2.06600898713909 477 10 1
100000 4 53215 2.0658596041813 478 10 1
100000 4 52907 2.06596630408958 479 10 1
100000 4 50632 2.06460137708912 480 10 1
100000 4 47455 2.06609435852935 481 10 1
100000 4 53546 2.06396218821271 482 10 1
100000 4 51382 2.06507036727276 483 10 1
100000 4 50945 2.06434565403631 484 10 1
100000 4 49039 2.06617973697532 485 10 1
100000 4 54051 2.0669698222406 486 10 1
100000 4 53632 2.0664359146562 487 10 1
100000 4 53614 2.06543291473893 488 10 1
100000 4 47425 2.06654267410622 489 10 1
100000 4 54076 2.06669215586992 490 10 1
100000 4 45344 2.06492112001322 491 10 1
100000 4 50595 2.0677605119775 492 10 1
100000 4 49034 2.06436696187114 493 10 1
100000 4 48748 2.06517698566767 494 10 1
100000 4 47704 2.06466531775199 495 10 1
100000 4 49228 2.06690573876378 496 10 1
100000 4 46837 2.06577425218972 497 10 1
100000 4 41435 2.06541158489358 498 10 1
100000 4 48624 2.06622242884447 499 10 1
100000 4 46968 2.06438827014585 500 10 1
100000 4 48391 2.0652196361083 501 10 1
100000 4 46820 2.06394088873295 502 10 1
100000 4 51724 2.06489980073717 503 10 1
100000 4 50636 2.0658169273039 504 10 1
100000 4 49284 2.06626512247787 505 10 1
100000 4 50837 2.06667080000827 506 10 1
100000 4 49076 2.06513433698862 507 10 1
100000 4 48143 2.06729029924027 508 10 1
100000 4 47881 2.06673486891734 509 10 1
100000 4 48448 2.0658596041813 510 10 1
100000 4 48064 2.06547557575132 511 10 1
100000 4 45150 2.0658596041813 512 10 1
100000 4 43447 2.06504904491482 513 10 1
100000 4 48455 2.06502772299718 514 10 1
100000 4 45682 2.06765362666446 515 10 1
100000 4 50386 2.06594496322618 516 10 1
100000 4 42684 2.06682030030899 517 10 1
100000 4 51874 2.06628646995619 518 10 1
100000 4 48345 2.06592362280366 519 10 1
100000 4 53290 2.06404739052809 520 10 1
100000 4 49610 2.06679894179894 521 10 1
100000 4 48225 2.06579558952642 522 10 1
100000 4 48399 2.06513433698862 523 10 1
100000 4 45347 2.06528361507244 524 10 1
100000 4 48686 2.06564623742538 525 10 1
100000 4 50863 2.06624377544063 526 10 1
100000 4 49855 2.06247228552866 527 10 1
100000 4 51221 2.06549690691838 528 10 1
100000 4 46942 2.06534759800074 529 10 1
100000 4 48217 2.06498508048279 530 10 1
100000 4 49739 2.0671620965158 531 10 1
100000 4 49470 2.06735440656592 532 10 1
100000 4 48635 2.06487848190134 533 10 1
100000 4 45701 2.0658596041813 534 10 1
100000 4 39415 2.06440957886045 535 10 1
100000 4 45838 2.06485716350571 536 10 1
100000 4 45198 2.0669698222406 537 10 1
100000 4 45438 2.06402608928977 538 10 1
100000 4 44875 2.06743988918522 539 10 1
100000 4 47232 2.06850901869932 540 10 1
100000 4 48329 2.06374921319561 541 10 1
100000 4 45442 2.06579558952642 542 10 1
100000 4 43475 2.06507036727276 543 10 1
100000 4 47959 2.06788878894093 544 10 1
100000 4 45355 2.06588094328124 545 10 1
100000 4 45313 2.06686301865344 546 10 1
100000 4 45874 2.06449481811801 547 10 1
100000 4 45052 2.06613704687032 548 10 1
100000 4 47479 2.06609435852935 549 10 1
100000 4 44723 2.06690573876378 550 10 1
100000 4 47520 2.06547557575132 551 10 1
100000 4 47421 2.06515566110796 552 10 1
100000 4 48341 2.06524096198924 553 10 1
100000 4 46601 2.06366403549502 554 10 1
100000 4 40682 2.06746126094462 555 10 1
100000 4 48609 2.0669270994812 556 10 1
100000 4 45939 2.06315311690857 557 10 1
100000 4 45862 2.06504904491482 558 10 1
100000 4 47525 2.06620108268937 559 10 1
100000 4 46227 2.06626512247787 560 10 1
100000 4 46160 2.06551823852605 561 10 1
100000 4 45559 2.06539025548877 562 10 1
100000 4 49114 2.0657529152938 563 10 1
100000 4 43182 2.06573157883865 564 10 1
100000 4 45410 2.06793155146565 565 10 1
100000 4 45965 2.06630781787563 566 10 1
100000 4 47820 2.06620108268937 567 10 1
100000 4 42925 2.06711936580778 568 10 1
100000 4 45506 2.06669215586992 569 10 1
100000 4 48945 2.06513433698862 570 10 1
100000 4 40293 2.06622242884447 571 10 1
100000 4 45090 2.06472926237547 572 10 1
100000 4 45129 2.06485716350571 573 10 1
100000 4 46055 2.06539025548877 574 10 1
100000 4 45676 2.06509169007104 575 10 1
100000 4 46450 2.0664359146562 576 10 1
100000 4 47200 2.06583826552219 577 10 1
100000 4 41616 2.06667080000827 578 10 1
100000 4 43588 2.06630781787563 579 10 1
100000 4 45340 2.06494243972949 580 10 1
100000 4 44105 2.06622242884447 581 10 1
100000 4 46945 2.06483584555028 582 10 1
100000 4 42278 2.0677605119775 583 10 1
100000 4 41390 2.06408999432375 584 10 1
100000 4 43182 2.06543291473893 585 10 1
100000 4 45357 2.06528361507244 586 10 1
100000 4 46627 2.06513433698862 587 10 1
100000 4 45905 2.06562490317383 588 10 1
100000 4 43371 2.06530494227473 589 10 1
100000 4 40590 2.06379180468274 590 10 1
100000 4 43244 2.06571024282424 591 10 1
100000 4 46311 2.06383439792791 592 10 1
100000 4 42298 2.06624377544063 593 10 1
100000 4 43126 2.06496375988601 594 10 1
100000 4 43060 2.0669911842826 595 10 1
100000 4 42083 2.06590228282202 596 10 1
100000 4 47568 2.06573157883865 597 10 1
100000 4 41046 2.06391958969279 598 10 1
100000 4 41213 2.06590228282202 599 10 1
100000 4 40404 2.06598764539388 600 10 1
100000 4 42545 2.06588094328124 601 10 1
100000 4 46520 2.06617973697532 602 10 1
100000 4 42567 2.06526228831062 603 10 1
100000 4 46818 2.06684165926048 604 10 1
100000 4 45073 2.06720482899048 605 10 1
100000 4 44626 2.06603032932523 606 10 1
100000 4 43658 2.06579558952642 607 10 1
100000 4 43613 2.06362144928134 608 10 1
100000 4 45025 2.0669698222406 609 10 1
100000 4 43228 2.06620108268937 610 10 1
100000 4 46687 2.06605167195232 611 10 1
100000 4 38090 2.06423912145983 612 10 1
100000 4 45856 2.0663718642807 613 10 1
100000 4 42733 2.06428173317094 614 10 1
100000 4 39960 2.06440957886045 615 10 1
100000 4 44694 2.06464400375765 616 10 1
100000 4 41991 2.06722619589035 617 10 1
100000 4 42700 2.0673330370156 618 10 1
100000 4 44195 2.0664999690025 619 10 1
100000 4 39816 2.06383439792791 620 10 1
100000 4 46052 2.06786740834178 621 10 1
100000 4 43228 2.06579558952642 622 10 1
100000 4 41759 2.06485716350571 623 10 1
100000 4 41220 2.06504904491482 624 10 1
100000 4 44305 2.06626512247787 625 10 1
100000 4 42677 2.06487848190134 626 10 1
100000 4 43487 2.06500640151984 627 10 1
100000 4 41311 2.06669215586992 628 10 1
100000 4 40152 2.06622242884447 629 10 1
100000 4 40999 2.06534759800074 630 10 1
100000 4 43006 2.06630781787563 631 10 1
100000 4 43341 2.06515566110796 632 10 1
100000 4 42344 2.06547557575132 633 10 1
100000 4 41456 2.06539025548877 634 10 1
100000 4 37937 2.06743988918522 635 10 1
100000 4 44133 2.06635051503787 636 10 1
100000 4 40790 2.06641456408985 637 10 1
100000 4 44114 2.067055273058 638 10 1
100000 4 43162 2.0653689265245 639 10 1
100000 4 42651 2.0664999690025 640 10 1
100000 4 43840 2.06741851786766 641 10 1
100000 4 40878 2.06541158489358 642 10 1
100000 4 43390 2.06530494227473 643 10 1
100000 4 39499 2.06487848190134 644 10 1
100000 4 44729 2.06658538097501 645 10 1
100000 4 42581 2.06694846064013 646 10 1
100000 4 46081 2.0663718642807 647 10 1
100000 4 43767 2.06515566110796 648 10 1
100000 4 39211 2.06553957057432 649 10 1
100000 4 36329 2.06517698566767 650 10 1
100000 4 42949 2.06556090306323 651 10 1
100000 4 43656 2.06615839170231 652 10 1
100000 4 36617 2.0664359146562 653 10 1
100000 4 41268 2.06701254676616 654 10 1
100000 4 44442 2.06645726566375 655 10 1
100000 4 40866 2.0641965115079 656 10 1
100000 4 42121 2.06391958969279 657 10 1
100000 4 43170 2.0663718642807 658 10 1
100000 4 42661 2.06726893101524 659 10 1
100000 4 44775 2.06615839170231 660 10 1
100000 4 42292 2.06600898713909 661 10 1
100000 4 42347 2.0657529152938 662 10 1
100000 4 40995 2.06628646995619 663 10 1
100000 4 41247 2.06423912145983 664 10 1
100000 4 41436 2.0669270994812 665 10 1
100000 4 42038 2.06726893101524 666 10 1
100000 4 38229 2.06607301502035 667 10 1
100000 4 40740 2.06603032932523 668 10 1
100000 4 42344 2.06596630408958 669 10 1
100000 4 41616 2.06368532926099 670 10 1
100000 4 42352 2.06675622610313 671 10 1
100000 4 27384 2.06558223599277 672 10 1
100000 4 25476 2.06560356936297 673 10 1
100000 4 26798 2.06526228831062 674 10 1
100000 4 22795 2.06391958969279 675 10 1
100000 4 27826 2.06568890725057 676 10 1
100000 4 27455 2.06449481811801 677 10 1
100000 4 27618 2.06660673507135 678 10 1
100000 4 30087 2.06483584555028 679 10 1
100000 4 27813 2.06566757211762 680 10 1
100000 4 28245 2.06515566110796 681 10 1
100000 4 28772 2.0671834625323 682 10 1
100000 4 25243 2.06679894179894 683 10 1
100000 4 23959 2.0695150091576 684 10 1
100000 4 31058 2.06551823852605 685 10 1
100000 4 27510 2.06673486891734 686 10 1
100000 4 21930 2.06509169007104 687 10 1
100000 4 29839 2.06810261925197 688 10 1
100000 4 28985 2.0664999690025 689 10 1
100000 4 27614 2.06891557789984 690 10 1
100000 4 28758 2.06539025548877 691 10 1
100000 4 23947 2.06430303968623 692 10 1
100000 4 25492 2.06658538097501 693 10 1
100000 4 23784 2.06603032932523 694 10 1
100000 4 27370 2.06675622610313 695 10 1
100000 4 27331 2.06639321396469 696 10 1
100000 4 30369 2.06671351217294 697 10 1
100000 4 29238 2.06609435852935 698 10 1
100000 4 27251 2.06532626991749 699 10 1
100000 4 28395 2.06669215586992 700 10 1
100000 4 27411 2.06428173317094 701 10 1
100000 4 142573 2.06532626991749 702 10 1
100000 4 269670 2.06658538097501 703 10 1
100000 4 253164 2.06455875218069 704 10 1
100000 4 250408 2.06464400375765 705 10 1
100000 4 253681 2.06455875218069 706 10 1
100000 4 257486 2.06771775652623 707 10 1
100000 4 273089 2.06519831066778 708 10 1
100000 4 251682 2.06494243972949 709 10 1
100000 4 261713 2.06543291473893 710 10 1
100000 4 271079 2.06549690691838 711 10 1
100000 4 252116 2.06558223599277 712 10 1
100000 4 261853 2.06664944458796 713 10 1
100000 4 268130 2.06332339499231 714 10 1
100000 4 257687 2.06485716350571 715 10 1
100000 4 243295 2.06579558952642 716 10 1
100000 4 375264 2.06624377544063 717 10 1
100000 4 301217 2.0664359146562 718 10 1
100000 4 368724 2.06487848190134 719 10 1
100000 4 197553 2.06360015683361 720 10 1
100000 4 60339 2.06632916623618 721 10 1
100000 4 59571 2.06568890725057 722 10 1
100000 4 58961 2.06549690691838 723 10 1
100000 4 63058 2.06349370118548 724 10 1
100000 4 59210 2.06652132133373 725 10 1
100000 4 57421 2.06626512247787 726 10 1
100000 4 58416 2.06682030030899 727 10 1
100000 4 56720 2.06662808960899 728 10 1
100000 4 59705 2.06355757325629 729 10 1
100000 4 56836 2.06675622610313 730 10 1
100000 4 52589 2.0680170818211 731 10 1
100000 4 54659 2.06703390969129 732 10 1
100000 4 54218 2.06816677696889 733 10 1
100000 4 56525 2.06487848190134 734 10 1
100000 4 58041 2.06671351217294 735 10 1
100000 4 57447 2.06735440656592 736 10 1
100000 4 51304 2.06671351217294 737 10 1
100000 4 56342 2.06573157883865 738 10 1
100000 4 56812 2.06703390969129 739 10 1
100000 4 58260 2.06530494227473 740 10 1
100000 4 64907 2.0645800644149 741 10 1
100000 4 57338 2.06641456408985 742 10 1
100000 4 57792 2.06477189432497 743 10 1
100000 4 58560 2.06492112001322 744 10 1
100000 4 57024 2.06613704687032 745 10 1
100000 4 58122 2.06611570247934 746 10 1
100000 4 57428 2.06647861711251 747 10 1
100000 4 59407 2.06658538097501 748 10 1
100000 4 57693 2.06479321095992 749 10 1
100000 4 57076 2.06500640151984 750 10 1
100000 4 56812 2.06489980073717 751 10 1
100000 4 57800 2.06577425218972 752 10 1
100000 4 58873 2.06532626991749 753 10 1
100000 4 55767 2.06671351217294 754 10 1
100000 4 56443 2.06549690691838 755 10 1
100000 4 57750 2.06588094328124 756 10 1
100000 4 59282 2.06607301502035 757 10 1
100000 4 58412 2.06677758373033 758 10 1
100000 4 55056 2.06562490317383 759 10 1
100000 4 56489 2.06731166790705 760 10 1
100000 4 54566 2.06647861711251 761 10 1
100000 4 57791 2.06466531775199 762 10 1
100000 4 62019 2.06464400375765 763 10 1
100000 4 58426 2.06782464846981 764 10 1
100000 4 65714 2.06470794706089 765 10 1
100000 4 61529 2.0669270994812 766 10 1
100000 4 66683 2.06615839170231 767 10 1
100000 4 59356 2.06315311690857 768 10 1
100000 4 58037 2.06675622610313 769 10 1
100000 4 55011 2.06464400375765 770 10 1
100000 4 56964 2.06391958969279 771 10 1
100000 4 58357 2.06786740834178 772 10 1
100000 4 64932 2.0673330370156 773 10 1
100000 4 61441 2.06477189432497 774 10 1
100000 4 57269 2.06596630408958 775 10 1
100000 4 63168 2.06347241137386 776 10 1
100000 4 63003 2.06532626991749 777 10 1
100000 4 61599 2.06449481811801 778 10 1
100000 4 67865 2.06515566110796 779 10 1
100000 4 54444 2.06598764539388 780 10 1
100000 4 70731 2.06573157883865 781 10 1
100000 4 58372 2.06579558952642 782 10 1
100000 4 55899 2.0669270994812 783 10 1
100000 4 57251 2.06472926237547 784 10 1
100000 4 55268 2.06573157883865 785 10 1
100000 4 49478 2.0658169273039 786 10 1
100000 4 56437 2.06626512247787 787 10 1
100000 4 53639 2.06530494227473 788 10 1
100000 4 52969 2.06579558952642 789 10 1
100000 4 52191 2.06660673507135 790 10 1
100000 4 49822 2.06364274216848 791 10 1
100000 4 53420 2.06662808960899 792 10 1
100000 4 47435 2.06545424502484 793 10 1
100000 4 49304 2.06406869220608 794 10 1
100000 4 52665 2.06475057813016 795 10 1
100000 4 52214 2.06502772299718 796 10 1
100000 4 55042 2.06682030030899 797 10 1
100000 4 51796 2.06421781626397 798 10 1
100000 4 50974 2.06588094328124 799 10 1
100000 4 49740 2.06481452803502 800 10 1
100000 4 50196 2.06611570247934 801 10 1
100000 4 49520 2.06262117899427 802 10 1
100000 4 51865 2.06620108268937 803 10 1
100000 4 49078 2.06656402731998 804 10 1
100000 4 48179 2.06600898713909 805 10 1
100000 4 50178 2.06671351217294 806 10 1
100000 4 47997 2.06615839170231 807 10 1
100000 4 52432 2.06579558952642 808 10 1
100000 4 50577 2.06594496322618 809 10 1
100000 4 48051 2.06613704687032 810 10 1
100000 4 50434 2.06411129688113 811 10 1
100000 4 56562 2.06311055177892 812 10 1
100000 4 52750 2.0632382524372 813 10 1
100000 4 47006 2.06590228282202 814 10 1
100000 4 48769 2.06583826552219 815 10 1
100000 4 46490 2.06729029924027 816 10 1
100000 4 48259 2.06413259987822 817 10 1
100000 4 49708 2.0669270994812 818 10 1
100000 4 50836 2.06773913403085 819 10 1
100000 4 52714 2.0652196361083 820 10 1
100000 4 47201 2.06671351217294 821 10 1
100000 4 49359 2.0652196361083 822 10 1
100000 4 51193 2.06645726566375 823 10 1
100000 4 51111 2.06624377544063 824 10 1
100000 4 52855 2.06487848190134 825 10 1
100000 4 46313 2.0671620965158 826 10 1
100000 4 51834 2.06470794706089 827 10 1
100000 4 48170 2.06652132133373 828 10 1
100000 4 47839 2.06355757325629 829 10 1
100000 4 45585 2.06511301330965 830 10 1
100000 4 44435 2.06605167195232 831 10 1
100000 4 44198 2.06709800111623 832 10 1
100000 4 40571 2.06647861711251 833 10 1
100000 4 42984 2.06513433698862 834 10 1
100000 4 36234 2.06334468172908 835 10 1
100000 4 42525 2.06558223599277 836 10 1
100000 4 38367 2.06357886482527 837 10 1
100000 4 45137 2.06652132133373 838 10 1
100000 4 42931 2.06528361507244 839 10 1
100000 4 45106 2.06564623742538 840 10 1
100000 4 44453 2.06605167195232 841 10 1
100000 4 43782 2.06818816375914 842 10 1
100000 4 43001 2.0677818903662 843 10 1
100000 4 46060 2.06594496322618 844 10 1
100000 4 37815 2.06630781787563 845 10 1
100000 4 39432 2.06603032932523 846 10 1
100000 4 43774 2.06364274216848 847 10 1
100000 4 42376 2.06560356936297 848 10 1
100000 4 45578 2.06579558952642 849 10 1
100000 4 46186 2.06724756323193 850 10 1
100000 4 46107 2.06690573876378 851 10 1
100000 4 47639 2.06620108268937 852 10 1
100000 4 47764 2.06515566110796 853 10 1
100000 4 46783 2.0657529152938 854 10 1
100000 4 47299 2.06635051503787 855 10 1
100000 4 47311 2.06400478849111 856 10 1
100000 4 47493 2.0658596041813 857 10 1
100000 4 46527 2.06611570247934 858 10 1
100000 4 36350 2.06632916623618 859 10 1
100000 4 42651 2.06455875218069 860 10 1
100000 4 37502 2.06622242884447 861 10 1
100000 4 42833 2.06368532926099 862 10 1
100000 4 35913 2.06750400578901 863 10 1
100000 4 42669 2.06622242884447 864 10 1
100000 4 37336 2.06479321095992 865 10 1
100000 4 42005 2.06571024282424 866 10 1
100000 4 35076 2.06383439792791 867 10 1
100000 4 38402 2.0677605119775 868 10 1
100000 4 41171 2.06609435852935 869 10 1
100000 4 46085 2.06568890725057 870 10 1
100000 4 44765 2.06658538097501 871 10 1
100000 4 40216 2.06673486891734 872 10 1
100000 4 43645 2.06481452803502 873 10 1
100000 4 43389 2.06577425218972 874 10 1
100000 4 40040 2.06526228831062 875 10 1
100000 4 43928 2.06823093866661 876 10 1
100000 4 43728 2.06739714699194 877 10 1
100000 4 47507 2.06543291473893 878 10 1
100000 4 46640 2.06470794706089 879 10 1
100000 4 44754 2.06530494227473 880 10 1
100000 4 43757 2.06669215586992 881 10 1
100000 4 44140 2.06707663686631 882 10 1
100000 4 38672 2.06385569520979 883 10 1
100000 4 44621 2.06513433698862 884 10 1
100000 4 42087 2.06332339499231 885 10 1
100000 4 42268 2.06746126094462 886 10 1
100000 4 41223 2.0631318341242 887 10 1
100000 4 41737 2.06330210869476 888 10 1
100000 4 42431 2.06615839170231 889 10 1
100000 4 43760 2.06701254676616 890 10 1
100000 4 43149 2.06600898713909 891 10 1
100000 4 43018 2.06485716350571 892 10 1
100000 4 47158 2.06673486891734 893 10 1
100000 4 41844 2.06656402731998 894 10 1
100000 4 37093 2.06560356936297 895 10 1
100000 4 45808 2.06598764539388 896 10 1
100000 4 47591 2.06423912145983 897 10 1
100000 4 49982 2.06605167195232 898 10 1
100000 4 42882 2.06611570247934 899 10 1
100000 4 35281 2.06690573876378 900 10 1
100000 4 40660 2.06494243972949 901 10 1
100000 4 41381 2.06607301502035 902 10 1
100000 4 46970 2.06466531775199 903 10 1
100000 4 46642 2.06639321396469 904 10 1
100000 4 45618 2.06656402731998 905 10 1
100000 4 48828 2.06294030882216 906 10 1
100000 4 45723 2.06615839170231 907 10 1
100000 4 48272 2.06617973697532 908 10 1
100000 4 41964 2.06761087563321 909 10 1
100000 4 45478 2.06603032932523 910 10 1
100000 4 46708 2.067055273058 911 10 1
100000 4 45294 2.06603032932523 912 10 1
100000 4 45128 2.06362144928134 913 10 1
100000 4 35438 2.06583826552219 914 10 1
100000 4 35136 2.06596630408958 915 10 1
100000 4 42596 2.06528361507244 916 10 1
100000 4 42344 2.0673330370156 917 10 1
100000 4 42886 2.06630781787563 918 10 1
100000 4 44936 2.06782464846981 919 10 1
100000 4 48042 2.06347241137386 920 10 1
100000 4 46653 2.06498508048279 921 10 1
100000 4 46001 2.06434565403631 922 10 1
100000 4 44820 2.06317440013204 923 10 1
100000 4 44246 2.06573157883865 924 10 1
100000 4 44947 2.06684165926048 925 10 1
100000 4 44694 2.06848762527278 926 10 1
100000 4 42400 2.06714073094096 927 10 1
100000 4 43302 2.06571024282424 928 10 1
100000 4 42486 2.06660673507135 929 10 1
100000 4 43942 2.06404739052809 930 10 1
100000 4 43722 2.06761087563321 931 10 1
100000 4 43508 2.06673486891734 932 10 1
100000 4 44802 2.06472926237547 933 10 1
100000 4 44425 2.06472926237547 934 10 1
100000 4 40851 2.06635051503787 935 10 1
100000 4 33986 2.06624377544063 936 10 1
100000 4 39162 2.06411129688113 937 10 1
100000 4 36113 2.06613704687032 938 10 1
100000 4 38131 2.06658538097501 939 10 1
100000 4 36236 2.06564623742538 940 10 1
100000 4 34789 2.06635051503787 941 10 1
100000 4 40032 2.06466531775199 942 10 1
100000 4 37591 2.06539025548877 943 10 1
100000 4 37131 2.06524096198924 944 10 1
100000 4 38886 2.06611570247934 945 10 1
100000 4 40299 2.06549690691838 946 10 1
100000 4 39766 2.06547557575132 947 10 1
100000 4 38780 2.06494243972949 948 10 1
100000 4 33636 2.06669215586992 949 10 1
100000 4 40527 2.06543291473893 950 10 1
100000 4 37436 2.06549690691838 951 10 1
100000 4 43456 2.06507036727276 952 10 1
100000 4 45126 2.06511301330965 953 10 1
100000 4 46277 2.06780326919697 954 10 1
100000 4 43192 2.06443088801495 955 10 1
100000 4 40279 2.06400478849111 956 10 1
100000 4 39505 2.06724756323193 957 10 1
100000 4 38253 2.06528361507244 958 10 1
100000 4 39694 2.06679894179894 959 10 1
100000 4 37864 2.06667080000827 960 10 1
100000 4 37713 2.0669698222406 961 10 1
100000 4 39415 2.06765362666446 962 10 1
100000 4 35436 2.0671620965158 963 10 1
100000 4 38155 2.06671351217294 964 10 1
100000 4 33840 2.0627488190763 965 10 1
100000 4 41654 2.06481452803502 966 10 1
100000 4 45305 2.06590228282202 967 10 1
100000 4 43498 2.06389829109221 968 10 1
100000 4 45495 2.06675622610313 969 10 1
100000 4 42855 2.06428173317094 970 10 1
100000 4 43391 2.06671351217294 971 10 1
100000 4 39654 2.06607301502035 972 10 1
100000 4 38788 2.06754675240094 973 10 1
100000 4 34810 2.06639321396469 974 10 1
100000 4 38489 2.06596630408958 975 10 1
100000 4 40620 2.06530494227473 976 10 1
100000 4 43472 2.06564623742538 977 10 1
100000 4 42618 2.06611570247934 978 10 1
100000 4 41061 2.0664999690025 979 10 1
100000 4 41541 2.06639321396469 980 10 1
100000 4 40415 2.06630781787563 981 10 1
100000 4 41743 2.06652132133373 982 10 1
100000 4 43143 2.06519831066778 983 10 1
100000 4 41373 2.0658169273039 984 10 1
100000 4 40480 2.06677758373033 985 10 1
100000 4 41777 2.06534759800074 986 10 1
100000 4 40686 2.06654267410622 987 10 1
100000 4 41002 2.06532626991749 988 10 1
100000 4 36684 2.06607301502035 989 10 1
100000 4 33517 2.06534759800074 990 10 1
100000 4 37305 2.06494243972949 991 10 1
100000 4 36764 2.06513433698862 992 10 1
100000 4 32014 2.06626512247787 993 10 1
100000 4 37277 2.06404739052809 994 10 1
100000 4 37188 2.06430303968623 995 10 1
100000 4 39814 2.06641456408985 996 10 1
100000 4 40921 2.06596630408958 997 10 1
100000 4 41724 2.06603032932523 998 10 1
100000 4 41360 2.06571024282424 999 10 1
100000 4 42371 2.06588094328124 1000 10 1
