100000 4 17842 3.02929326588107 1 1.05 1
100000 4 25343 3.01082391196351 2 1.05 1
100000 4 24850 3.02041802585478 3 1.05 1
100000 4 25055 3.02210671058795 4 1.05 1
100000 4 20808 3.02791739841337 5 1.05 1
100000 4 25480 3.03388853493523 6 1.05 1
100000 4 24678 3.02288322602098 7 1.05 1
100000 4 19921 3.02324878314236 8 1.05 1
100000 4 25190 3.01804792660107 9 1.05 1
100000 4 25394 3.02489488490275 10 1.05 1
100000 4 21365 3.02700084756024 11 1.05 1
100000 4 24895 3.02398016269013 12 1.05 1
100000 4 25314 3.03388853493523 13 1.05 1
100000 4 25263 3.02270048060938 14 1.05 1
100000 4 19387 3.02315738557349 15 1.05 1
100000 4 22955 3.01536327589066 16 1.05 1
100000 4 25483 3.02649698106926 17 1.05 1
100000 4 19696 3.02430025252907 18 1.05 1
100000 4 25045 3.01631828190511 19 1.05 1
100000 4 25852 3.02956858943286 20 1.05 1
100000 4 21425 3.01173069104161 21 1.05 1
100000 4 22182 3.01841231512225 22 1.05 1
100000 4 24790 3.01804792660107 23 1.05 1
100000 4 20873 3.01472694110731 24 1.05 1
100000 4 105754 3.02023557837511 25 1.05 1
100000 4 188737 3.03149725649498 26 1.05 1
100000 4 190445 3.02585593899874 27 1.05 1
100000 4 223481 3.02837588201448 28 1.05 1
100000 4 221733 3.03766707168894 29 1.05 1
100000 4 225629 3.01727389303764 30 1.05 1
100000 4 217958 3.02224371373308 31 1.05 1
100000 4 224558 3.02228938420854 32 1.05 1
100000 4 190331 3.01777469294142 33 1.05 1
100000 4 222739 3.01531781449765 34 1.05 1
100000 4 217907 3.00982708543394 35 1.05 1
100000 4 183243 3.02379728463004 36 1.05 1
100000 4 226361 3.0268634127885 37 1.05 1
100000 4 219009 3.01572701639048 38 1.05 1
100000 4 183533 3.01331886940276 39 1.05 1
100000 4 219914 3.03241653273494 40 1.05 1
100000 4 193640 3.01622730288955 41 1.05 1
100000 4 223250 3.02622221549728 42 1.05 1
100000 4 212267 3.01923251109568 43 1.05 1
100000 4 222068 3.02343159486017 44 1.05 1
100000 4 223755 3.00232680327254 45 1.05 1
100000 4 194376 3.02837588201448 46 1.05 1
100000 4 225971 3.01454518049589 47 1.05 1
100000 4 227870 3.02329448399921 48 1.05 1
100000 4 59121 3.00788064729592 49 1.05 1
100000 4 51661 3.02174142958587 50 1.05 1
100000 4 47445 3.03030303030303 51 1.05 1
100000 4 55656 3.01977955609241 52 1.05 1
100000 4 52163 3.02480338777979 53 1.05 1
100000 4 50566 3.02741322676839 54 1.05 1
100000 4 50857 3.02796324052626 55 1.05 1
100000 4 49871 3.03665239440041 56 1.05 1
100000 4 50613 3.00774494322881 57 1.05 1
100000 4 49817 3.02603906616434 58 1.05 1
100000 4 49512 3.02613063805964 59 1.05 1
100000 4 49843 3.02750488185162 60 1.05 1
100000 4 48334 3.01309188423701 61 1.05 1
100000 4 50024 3.01395460984358 62 1.05 1
100000 4 45934 3.02576438372744 63 1.05 1
100000 4 47241 3.02393444110132 64 1.05 1
100000 4 42729 3.025535519787 65 1.05 1
100000 4 48752 3.0188679245283 66 1.05 1
100000 4 45430 3.0281007751938 67 1.05 1
100000 4 40510 3.02929326588107 68 1.05 1
100000 4 39632 3.02155882219637 69 1.05 1
100000 4 37978 3.02416306287235 70 1.05 1
100000 4 44514 3.03053261610728 71 1.05 1
100000 4 39871 3.02324878314236 72 1.05 1
100000 4 38395 3.02379728463004 73 1.05 1
100000 4 38886 3.03702128951924 74 1.05 1
100000 4 44524 3.01731941343311 75 1.05 1
100000 4 45607 3.0235230090101 76 1.05 1
100000 4 39930 3.0129103207243 77 1.05 1
100000 4 43899 3.02343159486017 78 1.05 1
100000 4 45765 3.01622730288955 79 1.05 1
100000 4 45227 3.0250321409665 80 1.05 1
100000 4 46575 3.03002757325092 81 1.05 1
100000 4 44876 3.02155882219637 82 1.05 1
100000 4 44465 3.03425675880693 83 1.05 1
100000 4 39973 3.03338237301503 84 1.05 1
100000 4 38514 3.01686427127644 85 1.05 1
100000 4 38474 3.02695503458296 86 1.05 1
100000 4 45689 3.02617642608564 87 1.05 1
100000 4 45279 3.02773404384159 88 1.05 1
100000 4 45930 3.01690977931305 89 1.05 1
100000 4 47550 3.0122296523887 90 1.05 1
100000 4 46116 3.03163511239787 91 1.05 1
100000 4 40083 3.01340967304505 92 1.05 1
100000 4 41855 3.02206104563312 93 1.05 1
100000 4 39017 3.02603906616434 94 1.05 1
100000 4 44134 3.01941483740451 95 1.05 1
100000 4 46088 3.01736493520209 96 1.05 1
100000 4 36097 3.02064611620426 97 1.05 1
100000 4 41544 3.01463605806189 98 1.05 1
100000 4 39555 3.0243459851807 99 1.05 1
100000 4 40582 3.02796324052626 100 1.05 1
100000 4 39943 3.02260911618909 101 1.05 1
100000 4 47227 3.02242640391706 102 1.05 1
100000 4 46572 3.02110240026586 103 1.05 1
100000 4 47542 3.01091456529921 104 1.05 1
100000 4 46254 3.02718411333777 105 1.05 1
100000 4 39470 3.02439171921547 106 1.05 1
100000 4 43232 3.03715964829691 107 1.05 1
100000 4 45651 3.02155882219637 108 1.05 1
100000 4 46396 3.02608485141923 109 1.05 1
100000 4 38392 3.01677325932183 110 1.05 1
100000 4 45053 3.02306599353064 111 1.05 1
100000 4 39693 3.0360992197225 112 1.05 1
100000 4 42069 3.0129103207243 113 1.05 1
100000 4 37259 3.02407161001573 114 1.05 1
100000 4 41226 3.01882235739838 115 1.05 1
100000 4 34272 3.01377294234652 116 1.05 1
100000 4 43133 3.02242640391706 117 1.05 1
100000 4 43512 3.03246251118221 118 1.05 1
100000 4 43871 3.02516940948693 119 1.05 1
100000 4 39923 3.0267717965404 120 1.05 1
100000 4 36894 3.02920150248395 121 1.05 1
100000 4 43398 3.0130010997454 122 1.05 1
100000 4 36406 3.01209355562584 123 1.05 1
100000 4 42608 3.02585593899874 124 1.05 1
100000 4 42940 3.01245650765917 125 1.05 1
100000 4 38299 3.0265427801822 126 1.05 1
100000 4 36323 3.02393444110132 127 1.05 1
100000 4 42841 3.01681876461272 128 1.05 1
100000 4 44498 3.01645476071973 129 1.05 1
100000 4 43163 3.02979806395904 130 1.05 1
100000 4 44262 3.01177604433334 131 1.05 1
100000 4 41327 3.01431801055011 132 1.05 1
100000 4 39371 3.02206104563312 133 1.05 1
100000 4 45381 3.01486327595044 134 1.05 1
100000 4 37901 3.03016529551687 135 1.05 1
100000 4 40929 3.02828417418691 136 1.05 1
100000 4 36262 3.01459061859399 137 1.05 1
100000 4 42670 3.01818456198597 138 1.05 1
100000 4 42549 3.02210671058795 139 1.05 1
100000 4 43448 3.03103782735209 140 1.05 1
100000 4 38350 3.02425452126051 141 1.05 1
100000 4 40779 3.01836676174522 142 1.05 1
100000 4 42765 3.01568154402895 143 1.05 1
100000 4 44499 3.01336427053984 144 1.05 1
100000 4 36984 3.03250849102377 145 1.05 1
100000 4 37591 3.02050925786088 146 1.05 1
100000 4 43956 3.0269092229924 147 1.05 1
100000 4 43587 3.03296836613994 148 1.05 1
100000 4 43460 3.01873122726518 149 1.05 1
100000 4 44679 3.02407161001573 150 1.05 1
100000 4 43846 3.01586344170336 151 1.05 1
100000 4 39335 3.01531781449765 152 1.05 1
100000 4 44077 3.02530669046575 153 1.05 1
100000 4 37195 3.02105676565663 154 1.05 1
100000 4 41848 3.01690977931305 155 1.05 1
100000 4 43879 3.02023557837511 156 1.05 1
100000 4 43105 3.02585593899874 157 1.05 1
100000 4 38845 3.02169577566931 158 1.05 1
100000 4 42473 3.02078298695022 159 1.05 1
100000 4 43666 3.02233505606432 160 1.05 1
100000 4 36415 3.0297521662728 161 1.05 1
100000 4 41798 3.01905020680494 162 1.05 1
100000 4 33194 3.01023479831427 163 1.05 1
100000 4 36161 3.02311168886134 164 1.05 1
100000 4 36443 3.01599987936 165 1.05 1
100000 4 40619 3.01472694110731 166 1.05 1
100000 4 41290 3.03039486045032 167 1.05 1
100000 4 42308 3.03090002576265 168 1.05 1
100000 4 40543 3.01873122726518 169 1.05 1
100000 4 40906 3.00982708543394 170 1.05 1
100000 4 43025 3.01241113387155 171 1.05 1
100000 4 43164 3.02416306287235 172 1.05 1
100000 4 41844 3.01868566426178 173 1.05 1
100000 4 40924 3.00923836177064 174 1.05 1
100000 4 41902 3.02155882219637 175 1.05 1
100000 4 42267 3.01987074953192 176 1.05 1
100000 4 41883 3.02814662285948 177 1.05 1
100000 4 41613 3.02544398390464 178 1.05 1
100000 4 36683 3.01114122252334 179 1.05 1
100000 4 40857 3.01204819277108 180 1.05 1
100000 4 34748 3.02411733575263 181 1.05 1
100000 4 39215 3.02457466918715 182 1.05 1
100000 4 41307 3.02114803625378 183 1.05 1
100000 4 37945 3.02110240026586 184 1.05 1
100000 4 39723 3.01800238422188 185 1.05 1
100000 4 37484 3.02151317379744 186 1.05 1
100000 4 38649 3.03706740771111 187 1.05 1
100000 4 41463 3.021787084882 188 1.05 1
100000 4 42276 3.0126833971018 189 1.05 1
100000 4 41135 3.01381835716761 190 1.05 1
100000 4 42949 3.0304866961634 191 1.05 1
100000 4 42778 3.02530669046575 192 1.05 1
100000 4 42449 3.02649698106926 193 1.05 1
100000 4 41558 3.02393444110132 194 1.05 1
100000 4 40800 3.02009875722936 195 1.05 1
100000 4 40878 3.01504507492387 196 1.05 1
100000 4 42887 3.02727575454848 197 1.05 1
100000 4 42440 3.00846883978399 198 1.05 1
100000 4 41410 3.0308081649972 199 1.05 1
100000 4 41410 3.03011938670384 200 1.05 1
100000 4 42511 3.02512365192927 201 1.05 1
100000 4 41469 3.01663675168555 202 1.05 1
100000 4 41712 3.02411733575263 203 1.05 1
100000 4 41711 3.02073736199006 204 1.05 1
100000 4 42073 3.0111865580632 205 1.05 1
100000 4 42112 3.01809347035478 206 1.05 1
100000 4 41668 3.01595439876949 207 1.05 1
100000 4 39364 3.01577249012335 208 1.05 1
100000 4 34759 3.01695528872262 209 1.05 1
100000 4 40983 3.02448319143466 210 1.05 1
100000 4 40267 3.02320308366715 211 1.05 1
100000 4 39955 3.03186490010005 212 1.05 1
100000 4 35605 3.021787084882 213 1.05 1
100000 4 34074 3.02165012313224 214 1.05 1
100000 4 33192 3.01241113387155 215 1.05 1
100000 4 38415 3.01895906291511 216 1.05 1
100000 4 34169 3.02347730124416 217 1.05 1
100000 4 38256 3.01486327595044 218 1.05 1
100000 4 34262 3.01827565911595 219 1.05 1
100000 4 33810 3.02393444110132 220 1.05 1
100000 4 38644 3.01327346963374 221 1.05 1
100000 4 40783 3.02443745463344 222 1.05 1
100000 4 39968 3.02110240026586 223 1.05 1
100000 4 39374 3.01845786987428 224 1.05 1
100000 4 36039 3.02462041013853 225 1.05 1
100000 4 39141 3.01718285636701 226 1.05 1
100000 4 37209 3.03434882874135 227 1.05 1
100000 4 40901 3.02005315293549 228 1.05 1
100000 4 35402 3.03269242433432 229 1.05 1
100000 4 36329 3.01540873865452 230 1.05 1
100000 4 38772 3.02306599353064 231 1.05 1
100000 4 40559 3.02142188113726 232 1.05 1
100000 4 40018 3.03826697251888 233 1.05 1
100000 4 40594 3.02521516842885 234 1.05 1
100000 4 34788 3.02283753759654 235 1.05 1
100000 4 39177 3.02155882219637 236 1.05 1
100000 4 35155 3.0096912056823 237 1.05 1
100000 4 34988 3.01823010986358 238 1.05 1
100000 4 34231 3.01786576533076 239 1.05 1
100000 4 39148 3.01841231512225 240 1.05 1
100000 4 38146 3.02384300207133 241 1.05 1
100000 4 34139 3.02260911618909 242 1.05 1
100000 4 36127 3.02384300207133 243 1.05 1
100000 4 38549 3.02924738348757 244 1.05 1
100000 4 38487 3.02649698106926 245 1.05 1
100000 4 41070 3.02407161001573 246 1.05 1
100000 4 40484 3.02210671058795 247 1.05 1
100000 4 40362 3.02334018623776 248 1.05 1
100000 4 41110 3.01836676174522 249 1.05 1
100000 4 39804 3.01386377335744 250 1.05 1
100000 4 40290 3.00679535750797 251 1.05 1
100000 4 41234 3.027138294813 252 1.05 1
100000 4 33969 3.02768820866827 253 1.05 1
100000 4 39039 3.02645118334241 254 1.05 1
100000 4 38439 3.0122296523887 255 1.05 1
100000 4 36036 3.0105519847064 256 1.05 1
100000 4 40571 3.03480926223787 257 1.05 1
100000 4 40331 3.02782571835165 258 1.05 1
100000 4 40254 3.01777469294142 259 1.05 1
100000 4 40691 3.0333363666697 260 1.05 1
100000 4 40680 3.02196971986341 261 1.05 1
100000 4 39863 3.01845786987428 262 1.05 1
100000 4 35107 3.01568154402895 263 1.05 1
100000 4 37645 3.02037241191839 264 1.05 1
100000 4 38022 3.01618181543983 265 1.05 1
100000 4 37139 3.01918693295895 266 1.05 1
100000 4 39059 3.02663438256659 267 1.05 1
100000 4 39677 3.02219804463786 268 1.05 1
100000 4 39275 3.02028118817862 269 1.05 1
100000 4 39119 3.01499962312505 270 1.05 1
100000 4 38634 3.02206104563312 271 1.05 1
100000 4 39018 3.02571860816944 272 1.05 1
100000 4 32856 3.02860517588625 273 1.05 1
100000 4 37250 3.0229746070133 274 1.05 1
100000 4 37313 3.02379728463004 275 1.05 1
100000 4 34167 3.02201538205829 276 1.05 1
100000 4 38945 3.02347730124416 277 1.05 1
100000 4 37395 3.02663438256659 278 1.05 1
100000 4 38318 3.02105676565663 279 1.05 1
100000 4 38716 3.01318267419962 280 1.05 1
100000 4 38549 3.01800238422188 281 1.05 1
100000 4 37723 3.01895906291511 282 1.05 1
100000 4 36794 3.01395460984358 283 1.05 1
100000 4 37356 3.01768362604865 284 1.05 1
100000 4 39210 3.02128495249029 285 1.05 1
100000 4 38712 3.02037241191839 286 1.05 1
100000 4 39183 3.02320308366715 287 1.05 1
100000 4 38105 3.02727575454848 288 1.05 1
100000 4 38385 3.02206104563312 289 1.05 1
100000 4 39466 3.01631828190511 290 1.05 1
100000 4 38388 3.01604536132223 291 1.05 1
100000 4 39009 3.02283753759654 292 1.05 1
100000 4 38427 3.02302029958131 293 1.05 1
100000 4 32123 3.02860517588625 294 1.05 1
100000 4 38559 3.02938503483793 295 1.05 1
100000 4 31918 3.0268634127885 296 1.05 1
100000 4 37726 3.02805492891641 297 1.05 1
100000 4 37511 3.01813901548305 298 1.05 1
100000 4 38275 3.02512365192927 299 1.05 1
100000 4 34480 3.01431801055011 300 1.05 1
100000 4 37371 3.03329036171988 301 1.05 1
100000 4 37829 3.02242640391706 302 1.05 1
100000 4 39057 3.02562706120844 303 1.05 1
100000 4 34847 3.0268634127885 304 1.05 1
100000 4 37270 3.01877679164403 305 1.05 1
100000 4 32489 3.03108376399982 306 1.05 1
100000 4 36907 3.021787084882 307 1.05 1
100000 4 37531 3.01950600881696 308 1.05 1
100000 4 34306 3.02324878314236 309 1.05 1
100000 4 37940 3.0126833971018 310 1.05 1
100000 4 38112 3.02242640391706 311 1.05 1
100000 4 39762 3.01409087483988 312 1.05 1
100000 4 37218 3.02078298695022 313 1.05 1
100000 4 37325 3.02169577566931 314 1.05 1
100000 4 35335 3.02219804463786 315 1.05 1
100000 4 35720 3.01068794219479 316 1.05 1
100000 4 32729 3.01613632936209 317 1.05 1
100000 4 35976 3.01109588834856 318 1.05 1
100000 4 36775 3.0236601406002 319 1.05 1
100000 4 36815 3.01554513517181 320 1.05 1
100000 4 37718 3.01136791387488 321 1.05 1
100000 4 30974 3.02306599353064 322 1.05 1
100000 4 36251 3.02635959204673 323 1.05 1
100000 4 34689 3.01736493520209 324 1.05 1
100000 4 32741 3.0170918251897 325 1.05 1
100000 4 35345 3.01309188423701 326 1.05 1
100000 4 32288 3.02901799236687 327 1.05 1
100000 4 36344 3.02402588566158 328 1.05 1
100000 4 30887 3.02005315293549 329 1.05 1
100000 4 34851 3.03122158229767 330 1.05 1
100000 4 35275 3.01504507492387 331 1.05 1
100000 4 37610 3.02082861328863 332 1.05 1
100000 4 37131 3.03241653273494 333 1.05 1
100000 4 36802 3.02082861328863 334 1.05 1
100000 4 36747 3.02215237692284 335 1.05 1
100000 4 31100 3.01895906291511 336 1.05 1
100000 4 29927 3.02892624564592 337 1.05 1
100000 4 35779 3.02215237692284 338 1.05 1
100000 4 30066 3.02388872089507 339 1.05 1
100000 4 34902 3.01563607303871 340 1.05 1
100000 4 35480 3.0236601406002 341 1.05 1
100000 4 36446 3.01518143854306 342 1.05 1
100000 4 35274 3.02160447197462 343 1.05 1
100000 4 35539 3.02855931433417 344 1.05 1
100000 4 37474 3.01322807123271 345 1.05 1
100000 4 37248 3.01941483740451 346 1.05 1
100000 4 36735 3.02009875722936 347 1.05 1
100000 4 33734 3.01923251109568 348 1.05 1
100000 4 32014 3.01763809466331 349 1.05 1
100000 4 29530 3.01745598286085 350 1.05 1
100000 4 36936 3.02741322676839 351 1.05 1
100000 4 31395 3.03324435816549 352 1.05 1
100000 4 36085 3.02219804463786 353 1.05 1
100000 4 35707 3.01718285636701 354 1.05 1
100000 4 37511 3.03393455803158 355 1.05 1
100000 4 35996 3.01891349303386 356 1.05 1
100000 4 33515 3.02585593899874 357 1.05 1
100000 4 30834 3.01704631166088 358 1.05 1
100000 4 33265 3.01977955609241 359 1.05 1
100000 4 30677 3.02956858943286 360 1.05 1
100000 4 32212 3.0218783996132 361 1.05 1
100000 4 35481 3.0219240590484 362 1.05 1
100000 4 37060 3.01272877909166 363 1.05 1
100000 4 36854 3.01809347035478 364 1.05 1
100000 4 32520 3.01891349303386 365 1.05 1
100000 4 30035 3.02457466918715 366 1.05 1
100000 4 32789 3.01613632936209 367 1.05 1
100000 4 35940 3.02622221549728 368 1.05 1
100000 4 35139 3.0304866961634 369 1.05 1
100000 4 35420 3.02791739841337 370 1.05 1
100000 4 37377 3.01472694110731 371 1.05 1
100000 4 30906 3.01982515212369 372 1.05 1
100000 4 31263 3.02462041013853 373 1.05 1
100000 4 35096 3.0206917384081 374 1.05 1
100000 4 35847 3.02123931236593 375 1.05 1
100000 4 31812 3.021787084882 376 1.05 1
100000 4 30732 3.03062446017002 377 1.05 1
100000 4 34367 3.01759256465192 378 1.05 1
100000 4 35608 3.03177298083919 379 1.05 1
100000 4 36010 3.02938503483793 380 1.05 1
100000 4 35878 3.01750150875075 381 1.05 1
100000 4 31460 3.02920150248395 382 1.05 1
100000 4 34959 3.01331886940276 383 1.05 1
100000 4 34581 3.03204875534399 384 1.05 1
100000 4 31341 3.02521516842885 385 1.05 1
100000 4 35196 3.00946476669124 386 1.05 1
100000 4 35500 3.01390919091608 387 1.05 1
100000 4 34527 3.02613063805964 388 1.05 1
100000 4 32036 3.02155882219637 389 1.05 1
100000 4 35009 3.02530669046575 390 1.05 1
100000 4 35110 3.04066894716838 391 1.05 1
100000 4 35439 3.03085409468388 392 1.05 1
100000 4 34205 3.027138294813 393 1.05 1
100000 4 34818 3.02539821804045 394 1.05 1
100000 4 35736 3.02466615247342 395 1.05 1
100000 4 36458 3.02361442868805 396 1.05 1
100000 4 30649 3.01028010656392 397 1.05 1
100000 4 31255 3.02347730124416 398 1.05 1
100000 4 35055 3.03030303030303 399 1.05 1
100000 4 31478 3.01950600881696 400 1.05 1
100000 4 30003 3.02608485141923 401 1.05 1
100000 4 35861 3.0227461648908 402 1.05 1
100000 4 31724 3.03154320706956 403 1.05 1
100000 4 35126 3.01227502070939 404 1.05 1
100000 4 34561 3.03090002576265 405 1.05 1
100000 4 29257 3.01468149889964 406 1.05 1
100000 4 30589 3.01804792660107 407 1.05 1
100000 4 34888 3.02073736199006 408 1.05 1
100000 4 34255 3.02201538205829 409 1.05 1
100000 4 34586 3.02101113242602 410 1.05 1
100000 4 30988 3.00738312557328 411 1.05 1
100000 4 34765 3.02183274155775 412 1.05 1
100000 4 30478 3.0122296523887 413 1.05 1
100000 4 35069 3.01895906291511 414 1.05 1
100000 4 34317 3.02480338777979 415 1.05 1
100000 4 35891 3.02000755001887 416 1.05 1
100000 4 34368 3.03439486580389 417 1.05 1
100000 4 34909 3.01864010263376 418 1.05 1
100000 4 35228 3.03002757325092 419 1.05 1
100000 4 30712 3.01372752889411 420 1.05 1
100000 4 35143 3.01845786987428 421 1.05 1
100000 4 33173 3.01864010263376 422 1.05 1
100000 4 34725 3.01191211240456 423 1.05 1
100000 4 30131 3.01400003014 424 1.05 1
100000 4 35307 3.02777988040269 425 1.05 1
100000 4 29468 3.0130010997454 426 1.05 1
100000 4 33622 3.01832120974314 427 1.05 1
100000 4 29750 3.01854898350363 428 1.05 1
100000 4 31611 3.01650025640252 429 1.05 1
100000 4 34989 3.02814662285948 430 1.05 1
100000 4 31287 3.01177604433334 431 1.05 1
100000 4 33879 3.02462041013853 432 1.05 1
100000 4 35204 3.01718285636701 433 1.05 1
100000 4 35708 3.01395460984358 434 1.05 1
100000 4 27247 3.01668225285831 435 1.05 1
100000 4 22661 3.01136791387488 436 1.05 1
100000 4 25842 3.02078298695022 437 1.05 1
100000 4 25434 3.0096912056823 438 1.05 1
100000 4 25219 3.01882235739838 439 1.05 1
100000 4 25156 3.02228938420854 440 1.05 1
100000 4 25673 3.01468149889964 441 1.05 1
100000 4 24533 3.01936925376289 442 1.05 1
100000 4 25149 3.02727575454848 443 1.05 1
100000 4 22405 3.02096550057398 444 1.05 1
100000 4 40276 3.01786576533076 445 1.05 1
100000 4 220366 3.02114803625378 446 1.05 1
100000 4 218807 3.01946042242251 447 1.05 1
100000 4 225752 3.01987074953192 448 1.05 1
100000 4 184083 3.01236576145076 449 1.05 1
100000 4 201616 3.00765448065326 450 1.05 1
100000 4 186610 3.02023557837511 451 1.05 1
100000 4 214621 3.00869512892259 452 1.05 1
100000 4 224187 3.01800238422188 453 1.05 1
100000 4 223303 3.02037241191839 454 1.05 1
100000 4 227081 3.03522377187258 455 1.05 1
100000 4 224979 3.02768820866827 456 1.05 1
100000 4 224998 3.02091987010045 457 1.05 1
100000 4 219917 3.02590171871218 458 1.05 1
100000 4 193748 3.02681760397118 459 1.05 1
100000 4 189006 3.03642188045607 460 1.05 1
100000 4 219739 3.02516940948693 461 1.05 1
100000 4 225479 3.02283753759654 462 1.05 1
100000 4 226340 3.01859454238107 463 1.05 1
100000 4 197001 3.02000755001887 464 1.05 1
100000 4 226020 3.01168533911577 465 1.05 1
100000 4 225245 3.00620781914654 466 1.05 1
100000 4 188557 3.02219804463786 467 1.05 1
100000 4 220665 3.02146752677776 468 1.05 1
100000 4 80753 3.02196971986341 469 1.05 1
100000 4 50279 3.02727575454848 470 1.05 1
100000 4 49216 3.01413629924345 471 1.05 1
100000 4 45388 3.01977955609241 472 1.05 1
100000 4 50166 3.02736740130782 473 1.05 1
100000 4 41889 3.01668225285831 474 1.05 1
100000 4 48447 3.019733961438 475 1.05 1
100000 4 50039 3.02507789575582 476 1.05 1
100000 4 44653 3.02028118817862 477 1.05 1
100000 4 44934 3.01736493520209 478 1.05 1
100000 4 45379 3.02370585389453 479 1.05 1
100000 4 48490 3.0333363666697 480 1.05 1
100000 4 42185 3.02233505606432 481 1.05 1
100000 4 49268 3.02645118334241 482 1.05 1
100000 4 41987 3.02631379847776 483 1.05 1
100000 4 44232 3.01281954717322 484 1.05 1
100000 4 48735 3.01073326408647 485 1.05 1
100000 4 47180 3.03030303030303 486 1.05 1
100000 4 46303 3.01595439876949 487 1.05 1
100000 4 46558 3.02037241191839 488 1.05 1
100000 4 44284 3.02060049537848 489 1.05 1
100000 4 45421 3.02064611620426 490 1.05 1
100000 4 46751 3.01150394507017 491 1.05 1
100000 4 46617 3.0308081649972 492 1.05 1
100000 4 44780 3.01868566426178 493 1.05 1
100000 4 41500 3.0191413561983 494 1.05 1
100000 4 41048 3.01955159658791 495 1.05 1
100000 4 38510 3.02897211831165 496 1.05 1
100000 4 46519 3.01422715215819 497 1.05 1
100000 4 45225 3.0274590536163 498 1.05 1
100000 4 47288 3.01431801055011 499 1.05 1
100000 4 42503 3.02906386781165 500 1.05 1
100000 4 45524 3.01613632936209 501 1.05 1
100000 4 45004 3.02402588566158 502 1.05 1
100000 4 41250 3.02196971986341 503 1.05 1
100000 4 45835 3.03103782735209 504 1.05 1
100000 4 44785 3.02530669046575 505 1.05 1
100000 4 47387 3.01996194847945 506 1.05 1
100000 4 46913 3.02548975115347 507 1.05 1
100000 4 46962 3.02521516842885 508 1.05 1
100000 4 42370 3.00779017655728 509 1.05 1
100000 4 46322 3.01786576533076 510 1.05 1
100000 4 45841 3.04122378845247 511 1.05 1
100000 4 46096 3.01804792660107 512 1.05 1
100000 4 44374 3.00643376826409 513 1.05 1
100000 4 45290 3.02672599049608 514 1.05 1
100000 4 46687 3.02544398390464 515 1.05 1
100000 4 45143 3.02530669046575 516 1.05 1
100000 4 39679 3.01959718573542 517 1.05 1
100000 4 46781 3.01046135320238 518 1.05 1
100000 4 38382 3.00955533819878 519 1.05 1
100000 4 45271 3.0236601406002 520 1.05 1
100000 4 40611 3.02512365192927 521 1.05 1
100000 4 45771 3.01504507492387 522 1.05 1
100000 4 45633 3.0141817250162 523 1.05 1
100000 4 50286 3.00228173411793 524 1.05 1
100000 4 46476 3.02073736199006 525 1.05 1
100000 4 48996 3.02018996994911 526 1.05 1
100000 4 40549 3.01350048216008 527 1.05 1
100000 4 40360 3.01927809060854 528 1.05 1
100000 4 46843 3.03131346812574 529 1.05 1
100000 4 43795 3.02498638756126 530 1.05 1
100000 4 45207 3.02046364116892 531 1.05 1
100000 4 43912 3.03255447225971 532 1.05 1
100000 4 44959 3.01786576533076 533 1.05 1
100000 4 41929 3.02732157723454 534 1.05 1
100000 4 42974 3.02270048060938 535 1.05 1
100000 4 39216 3.03108376399982 536 1.05 1
100000 4 40970 3.02206104563312 537 1.05 1
100000 4 44143 3.0269092229924 538 1.05 1
100000 4 40303 3.03706740771111 539 1.05 1
100000 4 38401 3.02526092875511 540 1.05 1
100000 4 36505 3.0243459851807 541 1.05 1
100000 4 40612 3.01686427127644 542 1.05 1
100000 4 37831 3.01982515212369 543 1.05 1
100000 4 38406 3.02869690315742 544 1.05 1
100000 4 38195 3.03785163132633 545 1.05 1
100000 4 44496 3.0302571173164 546 1.05 1
100000 4 37575 3.02402588566158 547 1.05 1
100000 4 44621 3.04011430829799 548 1.05 1
100000 4 42297 3.01818456198597 549 1.05 1
100000 4 44719 3.02183274155775 550 1.05 1
100000 4 41273 3.01745598286085 551 1.05 1
100000 4 38700 3.02594749981088 552 1.05 1
100000 4 45159 3.03273841114835 553 1.05 1
100000 4 44635 3.02201538205829 554 1.05 1
100000 4 41615 3.03218666141088 555 1.05 1
100000 4 42816 3.02151317379744 556 1.05 1
100000 4 38544 3.01818456198597 557 1.05 1
100000 4 43367 3.01927809060854 558 1.05 1
100000 4 41867 3.03646798044515 559 1.05 1
100000 4 43565 3.0101441859065 560 1.05 1
100000 4 42388 3.0090572623597 561 1.05 1
100000 4 43851 3.00765448065326 562 1.05 1
100000 4 43374 3.02215237692284 563 1.05 1
100000 4 38198 3.01727389303764 564 1.05 1
100000 4 38121 3.02603906616434 565 1.05 1
100000 4 44127 3.03126752451538 566 1.05 1
100000 4 45813 3.01595439876949 567 1.05 1
100000 4 39004 3.02283753759654 568 1.05 1
100000 4 43921 3.01032541617749 569 1.05 1
100000 4 39557 3.01804792660107 570 1.05 1
100000 4 39480 3.02014436290055 571 1.05 1
100000 4 44251 3.01722837401563 572 1.05 1
100000 4 39839 3.02206104563312 573 1.05 1
100000 4 38749 3.01809347035478 574 1.05 1
100000 4 38757 3.02133059399359 575 1.05 1
100000 4 37751 3.00914780934039 576 1.05 1
100000 4 40248 3.02114803625378 577 1.05 1
100000 4 43742 3.0111865580632 578 1.05 1
100000 4 41267 3.01513598263282 579 1.05 1
100000 4 42394 3.01704631166088 580 1.05 1
100000 4 41191 3.02014436290055 581 1.05 1
100000 4 35148 3.02608485141923 582 1.05 1
100000 4 37767 3.0274590536163 583 1.05 1
100000 4 42760 3.04261177795019 584 1.05 1
100000 4 42694 3.02279185055317 585 1.05 1
100000 4 42982 3.00914780934039 586 1.05 1
100000 4 42321 3.01854898350363 587 1.05 1
100000 4 40910 3.00702139495723 588 1.05 1
100000 4 37823 3.02420879137496 589 1.05 1
100000 4 43951 3.02060049537848 590 1.05 1
100000 4 34686 3.02242640391706 591 1.05 1
100000 4 42528 3.01536327589066 592 1.05 1
100000 4 41865 3.02681760397118 593 1.05 1
100000 4 42400 3.02489488490275 594 1.05 1
100000 4 40122 3.02622221549728 595 1.05 1
100000 4 41152 3.01777469294142 596 1.05 1
100000 4 41004 3.02018996994911 597 1.05 1
100000 4 36565 3.0188679245283 598 1.05 1
100000 4 42078 3.02526092875511 599 1.05 1
100000 4 41366 3.03062446017002 600 1.05 1
100000 4 42312 3.02539821804045 601 1.05 1
100000 4 44065 3.02402588566158 602 1.05 1
100000 4 37544 3.02096550057398 603 1.05 1
100000 4 41046 3.02142188113726 604 1.05 1
100000 4 37263 3.02938503483793 605 1.05 1
100000 4 42476 3.01909578081365 606 1.05 1
100000 4 35470 3.01554513517181 607 1.05 1
100000 4 39349 3.03034894468098 608 1.05 1
100000 4 40810 3.00602708430403 609 1.05 1
100000 4 36323 3.02055487593071 610 1.05 1
100000 4 43882 3.02512365192927 611 1.05 1
100000 4 36735 3.02155882219637 612 1.05 1
100000 4 41192 3.01449974376752 613 1.05 1
100000 4 42033 3.025535519787 614 1.05 1
100000 4 41212 3.0308081649972 615 1.05 1
100000 4 41052 3.01804792660107 616 1.05 1
100000 4 37923 3.02311168886134 617 1.05 1
100000 4 42990 3.01982515212369 618 1.05 1
100000 4 42059 3.03090002576265 619 1.05 1
100000 4 42659 3.02929326588107 620 1.05 1
100000 4 40647 3.01227502070939 621 1.05 1
100000 4 40948 3.0328303889605 622 1.05 1
100000 4 38563 3.01813901548305 623 1.05 1
100000 4 43634 3.01777469294142 624 1.05 1
100000 4 40011 3.02635959204673 625 1.05 1
100000 4 42639 3.02498638756126 626 1.05 1
100000 4 40540 3.01804792660107 627 1.05 1
100000 4 35211 3.02521516842885 628 1.05 1
100000 4 40431 3.03338237301503 629 1.05 1
100000 4 32520 3.02288322602098 630 1.05 1
100000 4 40829 3.0085593513546 631 1.05 1
100000 4 39878 3.01818456198597 632 1.05 1
100000 4 40686 2.99944510265601 633 1.05 1
100000 4 34977 3.01636377347108 634 1.05 1
100000 4 33928 3.01832120974314 635 1.05 1
100000 4 42043 3.02023557837511 636 1.05 1
100000 4 39590 3.01331886940276 637 1.05 1
100000 4 41531 3.01236576145076 638 1.05 1
100000 4 41462 3.02416306287235 639 1.05 1
100000 4 35346 3.03891328460942 640 1.05 1
100000 4 40597 3.02457466918715 641 1.05 1
100000 4 37207 3.01905020680494 642 1.05 1
100000 4 41501 3.01449974376752 643 1.05 1
100000 4 39917 3.02635959204673 644 1.05 1
100000 4 38773 3.01795684321714 645 1.05 1
100000 4 33626 3.02480338777979 646 1.05 1
100000 4 40375 3.02750488185162 647 1.05 1
100000 4 38660 3.00996297745538 648 1.05 1
100000 4 40401 3.03338237301503 649 1.05 1
100000 4 36256 3.02516940948693 650 1.05 1
100000 4 35169 3.01763809466331 651 1.05 1
100000 4 40393 3.01209355562584 652 1.05 1
100000 4 40343 3.02466615247342 653 1.05 1
100000 4 39722 3.0206917384081 654 1.05 1
100000 4 33524 3.01964277625957 655 1.05 1
100000 4 36295 3.03752866667679 656 1.05 1
100000 4 41010 3.02279185055317 657 1.05 1
100000 4 38763 3.02576438372744 658 1.05 1
100000 4 41043 3.02375156857113 659 1.05 1
100000 4 39508 3.02635959204673 660 1.05 1
100000 4 40781 3.0126833971018 661 1.05 1
100000 4 37104 3.01695528872262 662 1.05 1
100000 4 40745 3.02494063554003 663 1.05 1
100000 4 38647 3.01100522409406 664 1.05 1
100000 4 36976 3.01704631166088 665 1.05 1
100000 4 40842 3.00978179082017 666 1.05 1
100000 4 39517 3.02888037436961 667 1.05 1
100000 4 37064 3.03462507207235 668 1.05 1
100000 4 39946 3.01832120974314 669 1.05 1
100000 4 37942 3.02315738557349 670 1.05 1
100000 4 36385 3.03822081788904 671 1.05 1
100000 4 34551 3.0323705556819 672 1.05 1
100000 4 40344 3.01968836816041 673 1.05 1
100000 4 34090 3.01905020680494 674 1.05 1
100000 4 35861 3.03434882874135 675 1.05 1
100000 4 34587 3.01527235447542 676 1.05 1
100000 4 36099 3.01472694110731 677 1.05 1
100000 4 41406 3.01905020680494 678 1.05 1
100000 4 34978 3.01927809060854 679 1.05 1
100000 4 34592 3.03526983548837 680 1.05 1
100000 4 35352 3.01218428543458 681 1.05 1
100000 4 37717 3.01609084465624 682 1.05 1
100000 4 32336 3.01363670609508 683 1.05 1
100000 4 35284 3.01927809060854 684 1.05 1
100000 4 32343 3.01513598263282 685 1.05 1
100000 4 32906 3.01668225285831 686 1.05 1
100000 4 40489 3.02571860816944 687 1.05 1
100000 4 38950 3.0269092229924 688 1.05 1
100000 4 38986 3.02888037436961 689 1.05 1
100000 4 38649 3.01659125188537 690 1.05 1
100000 4 37144 3.02521516842885 691 1.05 1
100000 4 38230 3.01731941343311 692 1.05 1
100000 4 34346 3.0126833971018 693 1.05 1
100000 4 38390 3.01873122726518 694 1.05 1
100000 4 38014 3.0331523552428 695 1.05 1
100000 4 32062 3.02562706120844 696 1.05 1
100000 4 38036 3.02846759539673 697 1.05 1
100000 4 38091 3.01996194847945 698 1.05 1
100000 4 33390 3.01959718573542 699 1.05 1
100000 4 37975 3.027138294813 700 1.05 1
100000 4 35139 3.02837588201448 701 1.05 1
100000 4 38220 3.03531590050234 702 1.05 1
100000 4 32216 3.02947680935502 703 1.05 1
100000 4 39025 3.01586344170336 704 1.05 1
100000 4 32869 3.00960062599693 705 1.05 1
100000 4 38240 3.02617642608564 706 1.05 1
100000 4 38630 3.02439171921547 707 1.05 1
100000 4 38887 3.02626800629464 708 1.05 1
100000 4 34297 3.02251775729182 709 1.05 1
100000 4 38036 3.02787155768852 710 1.05 1
100000 4 38012 3.02165012313224 711 1.05 1
100000 4 37796 3.02796324052626 712 1.05 1
100000 4 32329 3.0044014481215 713 1.05 1
100000 4 37943 3.01950600881696 714 1.05 1
100000 4 34099 3.03822081788904 715 1.05 1
100000 4 38740 3.02892624564592 716 1.05 1
100000 4 38678 3.02567283399646 717 1.05 1
100000 4 36325 3.02091987010045 718 1.05 1
100000 4 37934 3.03559231995143 719 1.05 1
100000 4 38793 3.0268634127885 720 1.05 1
100000 4 37795 3.01704631166088 721 1.05 1
100000 4 37846 3.01522689582391 722 1.05 1
100000 4 33546 3.0218783996132 723 1.05 1
100000 4 37480 3.01536327589066 724 1.05 1
100000 4 33708 3.01350048216008 725 1.05 1
100000 4 33374 3.02681760397118 726 1.05 1
100000 4 33347 3.01859454238107 727 1.05 1
100000 4 37960 3.02292891582654 728 1.05 1
100000 4 33971 3.02613063805964 729 1.05 1
100000 4 38273 3.03191086182066 730 1.05 1
100000 4 33504 3.0293391496645 731 1.05 1
100000 4 38141 3.02133059399359 732 1.05 1
100000 4 37246 3.01996194847945 733 1.05 1
100000 4 37496 3.01618181543983 734 1.05 1
100000 4 35971 3.01991634831715 735 1.05 1
100000 4 35171 3.02475764129399 736 1.05 1
100000 4 31806 3.01028010656392 737 1.05 1
100000 4 37005 3.02183274155775 738 1.05 1
100000 4 36042 3.01964277625957 739 1.05 1
100000 4 36380 3.0206917384081 740 1.05 1
100000 4 33268 3.02833002740639 741 1.05 1
100000 4 30544 3.01518143854306 742 1.05 1
100000 4 36553 3.01114122252334 743 1.05 1
100000 4 36495 3.01559060341968 744 1.05 1
100000 4 37164 3.03122158229767 745 1.05 1
100000 4 33117 3.04103881886052 746 1.05 1
100000 4 35655 3.02201538205829 747 1.05 1
100000 4 35407 3.01663675168555 748 1.05 1
100000 4 35982 3.02183274155775 749 1.05 1
100000 4 33344 3.03375047402351 750 1.05 1
100000 4 36399 3.0235230090101 751 1.05 1
100000 4 35340 3.01522689582391 752 1.05 1
100000 4 36728 3.01627279171128 753 1.05 1
100000 4 36811 3.01377294234652 754 1.05 1
100000 4 31869 3.02562706120844 755 1.05 1
100000 4 32672 3.02183274155775 756 1.05 1
100000 4 37262 3.01704631166088 757 1.05 1
100000 4 36217 3.02782571835165 758 1.05 1
100000 4 34247 3.01700079950521 759 1.05 1
100000 4 32952 3.0274590536163 760 1.05 1
100000 4 33558 3.02169577566931 761 1.05 1
100000 4 34034 3.02897211831165 762 1.05 1
100000 4 30865 3.01618181543983 763 1.05 1
100000 4 37749 3.02028118817862 764 1.05 1
100000 4 32198 3.01813901548305 765 1.05 1
100000 4 31552 3.01918693295895 766 1.05 1
100000 4 37293 3.01082391196351 767 1.05 1
100000 4 37754 3.01422715215819 768 1.05 1
100000 4 36620 3.01627279171128 769 1.05 1
100000 4 32000 3.01313727853441 770 1.05 1
100000 4 38245 3.03021120572104 771 1.05 1
100000 4 30312 3.030670384289 772 1.05 1
100000 4 36820 3.02411733575263 773 1.05 1
100000 4 32852 3.01599987936 774 1.05 1
100000 4 33038 3.0141817250162 775 1.05 1
100000 4 32597 3.00896672082807 776 1.05 1
100000 4 36154 3.01318267419962 777 1.05 1
100000 4 37714 3.0227461648908 778 1.05 1
100000 4 36804 3.01668225285831 779 1.05 1
100000 4 36311 3.03117564147255 780 1.05 1
100000 4 35153 3.00919308487429 781 1.05 1
100000 4 36658 3.01023479831427 782 1.05 1
100000 4 32236 3.03140535952468 783 1.05 1
100000 4 33470 3.02320308366715 784 1.05 1
100000 4 32067 3.01513598263282 785 1.05 1
100000 4 37434 3.0274590536163 786 1.05 1
100000 4 36508 3.03720577069096 787 1.05 1
100000 4 36931 3.03748253447543 788 1.05 1
100000 4 36075 3.01859454238107 789 1.05 1
100000 4 36213 3.01590891955063 790 1.05 1
100000 4 37598 3.02585593899874 791 1.05 1
100000 4 29769 3.02032679935969 792 1.05 1
100000 4 35233 3.01622730288955 793 1.05 1
100000 4 29437 3.02814662285948 794 1.05 1
100000 4 36110 3.01868566426178 795 1.05 1
100000 4 35148 3.0188679245283 796 1.05 1
100000 4 36429 3.02741322676839 797 1.05 1
100000 4 32341 3.02270048060938 798 1.05 1
100000 4 34416 3.02842173801124 799 1.05 1
100000 4 31761 3.02581016067052 800 1.05 1
100000 4 35652 3.02613063805964 801 1.05 1
100000 4 34193 3.02791739841337 802 1.05 1
100000 4 34515 3.01563607303871 803 1.05 1
100000 4 33572 3.02091987010045 804 1.05 1
100000 4 31376 3.03471716436028 805 1.05 1
100000 4 30815 3.0274590536163 806 1.05 1
100000 4 30736 3.01068794219479 807 1.05 1
100000 4 36214 3.01795684321714 808 1.05 1
100000 4 34114 3.02256343605011 809 1.05 1
100000 4 34533 3.02439171921547 810 1.05 1
100000 4 33841 3.01659125188537 811 1.05 1
100000 4 31801 3.01759256465192 812 1.05 1
100000 4 31135 3.02082861328863 813 1.05 1
100000 4 34834 3.02489488490275 814 1.05 1
100000 4 32415 3.02260911618909 815 1.05 1
100000 4 34376 3.01023479831427 816 1.05 1
100000 4 35354 3.02233505606432 817 1.05 1
100000 4 35768 3.01032541617749 818 1.05 1
100000 4 34341 3.02526092875511 819 1.05 1
100000 4 34196 3.01827565911595 820 1.05 1
100000 4 36139 3.02101113242602 821 1.05 1
100000 4 34466 3.02800908402725 822 1.05 1
100000 4 34973 3.01304649130736 823 1.05 1
100000 4 29409 3.02943092140141 824 1.05 1
100000 4 31430 3.02494063554003 825 1.05 1
100000 4 31132 3.02238072930047 826 1.05 1
100000 4 29909 3.01250188281368 827 1.05 1
100000 4 36878 3.02722993324958 828 1.05 1
100000 4 34700 3.01281954717322 829 1.05 1
100000 4 34490 3.02425452126051 830 1.05 1
100000 4 36490 3.01504507492387 831 1.05 1
100000 4 31566 3.02279185055317 832 1.05 1
100000 4 34705 3.02718411333777 833 1.05 1
100000 4 36168 3.01431801055011 834 1.05 1
100000 4 36355 3.0281007751938 835 1.05 1
100000 4 34303 3.0111865580632 836 1.05 1
100000 4 35500 3.02952269869882 837 1.05 1
100000 4 30648 3.01800238422188 838 1.05 1
100000 4 30886 3.03356641235268 839 1.05 1
100000 4 33995 3.01877679164403 840 1.05 1
100000 4 35630 3.02311168886134 841 1.05 1
100000 4 34657 3.0219240590484 842 1.05 1
100000 4 32279 3.01064262166759 843 1.05 1
100000 4 31039 3.02581016067052 844 1.05 1
100000 4 35590 3.01864010263376 845 1.05 1
100000 4 34960 3.02302029958131 846 1.05 1
100000 4 34142 3.0297521662728 847 1.05 1
100000 4 32407 3.02613063805964 848 1.05 1
100000 4 30561 3.02484913564936 849 1.05 1
100000 4 34966 3.01645476071973 850 1.05 1
100000 4 29172 3.03287637995875 851 1.05 1
100000 4 21940 3.01672775540371 852 1.05 1
100000 4 25539 3.02988986350346 853 1.05 1
100000 4 24918 3.01518143854306 854 1.05 1
100000 4 25001 3.01704631166088 855 1.05 1
100000 4 19643 3.03762093528349 856 1.05 1
100000 4 22175 3.01127723323848 857 1.05 1
100000 4 20901 3.0243459851807 858 1.05 1
100000 4 25319 3.02855931433417 859 1.05 1
100000 4 24390 3.00846883978399 860 1.05 1
100000 4 25697 3.02764237488268 861 1.05 1
100000 4 25458 3.02425452126051 862 1.05 1
100000 4 25063 3.00851409488853 863 1.05 1
100000 4 20591 3.01449974376752 864 1.05 1
100000 4 25312 3.03218666141088 865 1.05 1
100000 4 22421 3.02370585389453 866 1.05 1
100000 4 25161 3.02260911618909 867 1.05 1
100000 4 26060 3.01449974376752 868 1.05 1
100000 4 26714 3.01704631166088 869 1.05 1
100000 4 25581 3.02146752677776 870 1.05 1
100000 4 21339 3.03430279307572 871 1.05 1
100000 4 25856 3.0236601406002 872 1.05 1
100000 4 26033 3.02155882219637 873 1.05 1
100000 4 24752 3.02338588985805 874 1.05 1
100000 4 25011 3.02860517588625 875 1.05 1
100000 4 26036 3.02901799236687 876 1.05 1
100000 4 167675 3.01745598286085 877 1.05 1
100000 4 224769 3.02571860816944 878 1.05 1
100000 4 228143 3.03780548931452 879 1.05 1
100000 4 226626 3.01941483740451 880 1.05 1
100000 4 226074 3.02645118334241 881 1.05 1
100000 4 223676 3.0111865580632 882 1.05 1
100000 4 217024 3.03154320706956 883 1.05 1
100000 4 223558 3.01650025640252 884 1.05 1
100000 4 224769 3.02672599049608 885 1.05 1
100000 4 224979 3.01381835716761 886 1.05 1
100000 4 186524 3.01313727853441 887 1.05 1
100000 4 192968 3.02347730124416 888 1.05 1
100000 4 191653 3.01873122726518 889 1.05 1
100000 4 224103 3.02101113242602 890 1.05 1
100000 4 223296 3.01968836816041 891 1.05 1
100000 4 223486 3.01882235739838 892 1.05 1
100000 4 223967 3.02718411333777 893 1.05 1
100000 4 222304 3.00973649756964 894 1.05 1
100000 4 193524 3.02718411333777 895 1.05 1
100000 4 218455 3.02709247767519 896 1.05 1
100000 4 225455 3.01486327595044 897 1.05 1
100000 4 225542 3.01859454238107 898 1.05 1
100000 4 195093 3.02091987010045 899 1.05 1
100000 4 86857 3.01046135320238 900 1.05 1
100000 4 51832 3.01959718573542 901 1.05 1
100000 4 49297 3.01813901548305 902 1.05 1
100000 4 50932 3.02718411333777 903 1.05 1
100000 4 48093 3.01718285636701 904 1.05 1
100000 4 49223 3.03674460977832 905 1.05 1
100000 4 43017 3.01068794219479 906 1.05 1
100000 4 51167 3.02539821804045 907 1.05 1
100000 4 47682 3.02773404384159 908 1.05 1
100000 4 44171 3.01832120974314 909 1.05 1
100000 4 41786 3.01882235739838 910 1.05 1
100000 4 40147 3.01413629924345 911 1.05 1
100000 4 47260 3.0122296523887 912 1.05 1
100000 4 46274 3.01663675168555 913 1.05 1
100000 4 47147 3.01509052809311 914 1.05 1
100000 4 47585 3.01713734009172 915 1.05 1
100000 4 40127 3.04437171778674 916 1.05 1
100000 4 45515 3.017729158808 917 1.05 1
100000 4 47215 3.03384251323514 918 1.05 1
100000 4 48652 3.02544398390464 919 1.05 1
100000 4 45600 3.03863626004649 920 1.05 1
100000 4 41688 3.03090002576265 921 1.05 1
100000 4 47374 3.01818456198597 922 1.05 1
100000 4 39276 3.0281007751938 923 1.05 1
100000 4 47945 3.01818456198597 924 1.05 1
100000 4 45095 3.01777469294142 925 1.05 1
100000 4 47945 3.03011938670384 926 1.05 1
100000 4 42730 3.02215237692284 927 1.05 1
100000 4 37426 3.02512365192927 928 1.05 1
100000 4 38410 3.02005315293549 929 1.05 1
100000 4 46547 3.02347730124416 930 1.05 1
100000 4 45106 3.01932367149758 931 1.05 1
100000 4 40204 3.0191413561983 932 1.05 1
100000 4 46237 3.02215237692284 933 1.05 1
100000 4 41980 3.01690977931305 934 1.05 1
100000 4 43775 3.00991767875149 935 1.05 1
100000 4 47611 3.027138294813 936 1.05 1
100000 4 47715 3.01923251109568 937 1.05 1
100000 4 39117 3.02645118334241 938 1.05 1
100000 4 48308 3.02439171921547 939 1.05 1
100000 4 46082 3.02448319143466 940 1.05 1
100000 4 47999 3.02544398390464 941 1.05 1
100000 4 46508 3.01959718573542 942 1.05 1
100000 4 46404 3.02375156857113 943 1.05 1
100000 4 46780 3.02347730124416 944 1.05 1
100000 4 46239 3.00937420063498 945 1.05 1
100000 4 47567 3.01718285636701 946 1.05 1
100000 4 44466 3.0336584403962 947 1.05 1
100000 4 40529 3.01177604433334 948 1.05 1
100000 4 46342 3.01955159658791 949 1.05 1
100000 4 45714 3.01354588877002 950 1.05 1
100000 4 43236 3.01859454238107 951 1.05 1
100000 4 41955 3.03398058252427 952 1.05 1
100000 4 45050 3.01786576533076 953 1.05 1
100000 4 40533 3.03660628881162 954 1.05 1
100000 4 37587 3.01813901548305 955 1.05 1
100000 4 43119 3.02585593899874 956 1.05 1
100000 4 43635 3.01795684321714 957 1.05 1
100000 4 44422 3.02256343605011 958 1.05 1
100000 4 43022 3.02174142958587 959 1.05 1
100000 4 43600 3.01650025640252 960 1.05 1
100000 4 43468 3.00982708543394 961 1.05 1
100000 4 42394 3.01259263722359 962 1.05 1
100000 4 44290 3.01477238468496 963 1.05 1
100000 4 37148 3.01923251109568 964 1.05 1
100000 4 43407 3.0351777096549 965 1.05 1
100000 4 45442 3.03094595823356 966 1.05 1
100000 4 43449 3.02046364116892 967 1.05 1
100000 4 43910 3.01695528872262 968 1.05 1
100000 4 45281 3.02329448399921 969 1.05 1
100000 4 40137 3.01672775540371 970 1.05 1
100000 4 43274 3.0302571173164 971 1.05 1
100000 4 45455 3.02224371373308 972 1.05 1
100000 4 43095 3.02388872089507 973 1.05 1
100000 4 35436 3.01727389303764 974 1.05 1
100000 4 43857 3.02302029958131 975 1.05 1
100000 4 43265 3.01082391196351 976 1.05 1
100000 4 40519 3.02700084756024 977 1.05 1
100000 4 44895 3.01272877909166 978 1.05 1
100000 4 39905 3.01868566426178 979 1.05 1
100000 4 37203 3.01918693295895 980 1.05 1
100000 4 43863 3.01768362604865 981 1.05 1
100000 4 43451 3.02201538205829 982 1.05 1
100000 4 44406 3.01850342600139 983 1.05 1
100000 4 44467 3.01509052809311 984 1.05 1
100000 4 41965 3.01631828190511 985 1.05 1
100000 4 43061 3.01741045834465 986 1.05 1
100000 4 36500 3.01823010986358 987 1.05 1
100000 4 45322 3.02228938420854 988 1.05 1
100000 4 43437 3.01141325624115 989 1.05 1
100000 4 45202 3.02833002740639 990 1.05 1
100000 4 40678 3.02128495249029 991 1.05 1
100000 4 43629 3.02425452126051 992 1.05 1
100000 4 42785 3.01932367149758 993 1.05 1
100000 4 44155 3.02329448399921 994 1.05 1
100000 4 44729 3.02105676565663 995 1.05 1
100000 4 44040 3.01827565911595 996 1.05 1
100000 4 44638 3.01832120974314 997 1.05 1
100000 4 43749 3.03522377187258 998 1.05 1
100000 4 45515 3.03154320706956 999 1.05 1
100000 4 43058 3.02324878314236 1000 1.05 1
