100000 4 17546 3.1412461323407 1 1 1
100000 4 21840 3.15482293556274 2 1 1
100000 4 24960 3.12680768569329 3 1 1
100000 4 25174 3.13883047176622 4 1 1
100000 4 22794 3.14559380947138 5 1 1
100000 4 26388 3.13676286072773 6 1 1
100000 4 25184 3.15432536866178 7 1 1
100000 4 26243 3.13214520625176 8 1 1
100000 4 19722 3.14589068029886 9 1 1
100000 4 25114 3.14435745055498 10 1 1
100000 4 24563 3.13661527845302 11 1 1
100000 4 25609 3.14598964969405 12 1 1
100000 4 26239 3.14559380947138 13 1 1
100000 4 25640 3.14435745055498 14 1 1
100000 4 24643 3.13892899742608 15 1 1
100000 4 26095 3.13361744798195 16 1 1
100000 4 25763 3.14218381775334 17 1 1
100000 4 25612 3.14346787375833 18 1 1
100000 4 20580 3.1400624872435 19 1 1
100000 4 25423 3.1312625250501 20 1 1
100000 4 25355 3.13863343900066 21 1 1
100000 4 20818 3.14188764609778 22 1 1
100000 4 24757 3.15030085373153 23 1 1
100000 4 25270 3.13180188221293 24 1 1
100000 4 25642 3.14178893461937 25 1 1
100000 4 25456 3.14406086901842 26 1 1
100000 4 25100 3.14881289753763 27 1 1
100000 4 25714 3.1421344519332 28 1 1
100000 4 25734 3.13420673227606 29 1 1
100000 4 21218 3.14302327408734 30 1 1
100000 4 25476 3.15596793536578 31 1 1
100000 4 25400 3.14697968624613 32 1 1
100000 4 26323 3.14104879619305 33 1 1
100000 4 21534 3.1295965949989 34 1 1
100000 4 20557 3.15015199483375 35 1 1
100000 4 22389 3.1406541982695 36 1 1
100000 4 25103 3.13912606730286 37 1 1
100000 4 25176 3.13106644122988 38 1 1
100000 4 25704 3.14757400733385 39 1 1
100000 4 21503 3.14688065455118 40 1 1
100000 4 25399 3.13681205790555 41 1 1
100000 4 20773 3.13062534241215 42 1 1
100000 4 20259 3.1379440190787 43 1 1
100000 4 19480 3.12989045383412 44 1 1
100000 4 25541 3.13376474828035 45 1 1
100000 4 25476 3.12891113892365 46 1 1
100000 4 25901 3.15054898316032 47 1 1
100000 4 25052 3.14440688625108 48 1 1
100000 4 26493 3.14866417922196 49 1 1
100000 4 25784 3.14104879619305 50 1 1
100000 4 20977 3.13459971161683 51 1 1
100000 4 25586 3.13937243944935 52 1 1
100000 4 25954 3.14653409269689 53 1 1
100000 4 25202 3.1302823514681 54 1 1
100000 4 25223 3.14351728148625 55 1 1
100000 4 18756 3.14683114104097 56 1 1
100000 4 25004 3.13587757533946 57 1 1
100000 4 25744 3.14361610160167 58 1 1
100000 4 25469 3.13671366509308 59 1 1
100000 4 25709 3.14886247343147 60 1 1
100000 4 25710 3.13868269487296 61 1 1
100000 4 25399 3.138879733823 62 1 1
100000 4 20783 3.16786517565812 63 1 1
100000 4 25550 3.13755020080321 64 1 1
100000 4 24514 3.14618760716702 65 1 1
100000 4 21185 3.13942171851945 66 1 1
100000 4 20429 3.14930872673448 67 1 1
100000 4 19882 3.14460464458106 68 1 1
100000 4 25126 3.12446298292481 69 1 1
100000 4 22494 3.12827491279934 70 1 1
100000 4 25053 3.14603913672686 71 1 1
100000 4 26315 3.13799325331451 72 1 1
100000 4 26220 3.15174054871803 73 1 1
100000 4 25817 3.13327380113111 74 1 1
100000 4 26099 3.14262817994689 75 1 1
100000 4 25966 3.13597591570497 76 1 1
100000 4 25624 3.1364185236878 77 1 1
100000 4 25808 3.14980471210785 78 1 1
100000 4 25595 3.13258673349518 79 1 1
100000 4 25935 3.1589089128615 80 1 1
100000 4 26206 3.13622179360524 81 1 1
100000 4 24929 3.14011178797965 82 1 1
100000 4 25056 3.12558604738388 83 1 1
100000 4 24902 3.13863343900066 84 1 1
100000 4 20713 3.14203572494619 85 1 1
100000 4 25075 3.15352958799136 86 1 1
100000 4 20044 3.14208508766417 87 1 1
100000 4 20691 3.12353584257379 88 1 1
100000 4 20951 3.13666447100154 89 1 1
100000 4 26112 3.15417612919505 90 1 1
100000 4 25208 3.1564162050408 91 1 1
100000 4 204684 3.14648459009172 92 1 1
100000 4 187988 3.13671366509308 93 1 1
100000 4 221374 3.14450576230681 94 1 1
100000 4 193247 3.14169022934339 95 1 1
100000 4 220542 3.14371492793034 96 1 1
100000 4 185231 3.13293022964379 97 1 1
100000 4 222399 3.13548427554636 98 1 1
100000 4 190386 3.1239261503858 99 1 1
100000 4 197764 3.15059861373661 100 1 1
100000 4 225161 3.1349436493879 101 1 1
100000 4 183627 3.14445632350167 102 1 1
100000 4 217563 3.14658359685971 103 1 1
100000 4 184098 3.15402690384949 104 1 1
100000 4 188093 3.14450576230681 105 1 1
100000 4 190619 3.12969454181272 106 1 1
100000 4 187064 3.14628659524596 107 1 1
100000 4 192414 3.14792079831271 108 1 1
100000 4 219225 3.15362903861619 109 1 1
100000 4 224060 3.14391259922974 110 1 1
100000 4 215782 3.14658359685971 111 1 1
100000 4 183158 3.13681205790555 112 1 1
100000 4 225235 3.14203572494619 113 1 1
100000 4 216824 3.14331965989281 114 1 1
100000 4 220822 3.13455058381005 115 1 1
100000 4 109182 3.13932316192629 116 1 1
100000 4 52352 3.13302838523717 117 1 1
100000 4 49197 3.1377963256405 118 1 1
100000 4 42735 3.15020161290323 119 1 1
100000 4 41100 3.16000695201529 120 1 1
100000 4 50365 3.14643508904411 121 1 1
100000 4 50311 3.13656608744746 122 1 1
100000 4 50275 3.13612343781851 123 1 1
100000 4 51677 3.14955669989449 124 1 1
100000 4 43305 3.14435745055498 125 1 1
100000 4 44281 3.14539592671228 126 1 1
100000 4 45353 3.12891113892365 127 1 1
100000 4 44751 3.14327025837682 128 1 1
100000 4 43130 3.15716360421797 129 1 1
100000 4 48203 3.1339611702211 130 1 1
100000 4 44360 3.14099946603009 131 1 1
100000 4 52702 3.14435745055498 132 1 1
100000 4 41970 3.13892899742608 133 1 1
100000 4 48162 3.15089643003434 134 1 1
100000 4 50240 3.14262817994689 135 1 1
100000 4 49938 3.14683114104097 136 1 1
100000 4 43363 3.14144349328516 137 1 1
100000 4 52091 3.13686125662662 138 1 1
100000 4 51570 3.14001318805539 139 1 1
100000 4 50931 3.13784555524177 140 1 1
100000 4 43345 3.12338950228788 141 1 1
100000 4 43257 3.13892899742608 142 1 1
100000 4 49894 3.13740254443346 143 1 1
100000 4 51713 3.14272694416946 144 1 1
100000 4 44702 3.13686125662662 145 1 1
100000 4 46669 3.1496062992126 146 1 1
100000 4 46128 3.14866417922196 147 1 1
100000 4 39611 3.14129547025193 148 1 1
100000 4 41596 3.14252942193171 149 1 1
100000 4 40331 3.12964556763946 150 1 1
100000 4 44746 3.12602572719173 151 1 1
100000 4 47176 3.13425584930498 152 1 1
100000 4 41903 3.14841634657767 153 1 1
100000 4 44126 3.13715648136529 154 1 1
100000 4 45416 3.14876332320481 155 1 1
100000 4 42283 3.15676494728203 156 1 1
100000 4 40474 3.1513432600646 157 1 1
100000 4 45344 3.13789478638781 158 1 1
100000 4 44732 3.13410850283637 159 1 1
100000 4 46703 3.1428257146 160 1 1
100000 4 48342 3.13430496787337 161 1 1
100000 4 47501 3.1351402191463 162 1 1
100000 4 40110 3.12729660844683 163 1 1
100000 4 40218 3.14500023587502 164 1 1
100000 4 40617 3.14891205088642 165 1 1
100000 4 45004 3.14911037631869 166 1 1
100000 4 46498 3.14876332320481 167 1 1
100000 4 39458 3.14218381775334 168 1 1
100000 4 44346 3.14095013741657 169 1 1
100000 4 40224 3.15030085373153 170 1 1
100000 4 43620 3.14717776833624 171 1 1
100000 4 44680 3.14970550253551 172 1 1
100000 4 41031 3.13843643097009 173 1 1
100000 4 43361 3.13214520625176 174 1 1
100000 4 44156 3.14797034611934 175 1 1
100000 4 47020 3.15059861373661 176 1 1
100000 4 46721 3.14277632860869 177 1 1
100000 4 46954 3.14203572494619 178 1 1
100000 4 47169 3.14080216087189 179 1 1
100000 4 38543 3.14366551398931 180 1 1
100000 4 43525 3.13405939042545 181 1 1
100000 4 46538 3.14772262268249 182 1 1
100000 4 47383 3.147128245476 183 1 1
100000 4 46654 3.12969454181272 184 1 1
100000 4 47400 3.14896162990254 185 1 1
100000 4 40279 3.14430801641329 186 1 1
100000 4 44524 3.14920954840335 187 1 1
100000 4 39437 3.15417612919505 188 1 1
100000 4 40582 3.14529699466872 189 1 1
100000 4 45392 3.14104879619305 190 1 1
100000 4 46806 3.13558259124545 191 1 1
100000 4 38532 3.15726328418527 192 1 1
100000 4 44417 3.15352958799136 193 1 1
100000 4 44395 3.12866640594447 194 1 1
100000 4 38205 3.1285195845326 195 1 1
100000 4 39100 3.146385589554 196 1 1
100000 4 37525 3.13720569089112 197 1 1
100000 4 41470 3.13764864610461 198 1 1
100000 4 42950 3.14598964969405 199 1 1
100000 4 44629 3.13902752927143 200 1 1
100000 4 43978 3.13720569089112 201 1 1
100000 4 43103 3.14658359685971 202 1 1
100000 4 38462 3.14772262268249 203 1 1
100000 4 40970 3.14381376047283 204 1 1
100000 4 42978 3.15203858095223 205 1 1
100000 4 42883 3.14396202093879 206 1 1
100000 4 37738 3.13258673349518 207 1 1
100000 4 39321 3.13661527845302 208 1 1
100000 4 43977 3.14891205088642 209 1 1
100000 4 37749 3.13410850283637 210 1 1
100000 4 39180 3.16335568771353 211 1 1
100000 4 38689 3.13730411457435 212 1 1
100000 4 37331 3.14598964969405 213 1 1
100000 4 43884 3.14450576230681 214 1 1
100000 4 44288 3.14080216087189 215 1 1
100000 4 44480 3.14346787375833 216 1 1
100000 4 43887 3.14381376047283 217 1 1
100000 4 39598 3.15576874526635 218 1 1
100000 4 41662 3.13180188221293 219 1 1
100000 4 36155 3.1295965949989 220 1 1
100000 4 42687 3.1380424890953 221 1 1
100000 4 34829 3.14673211869474 222 1 1
100000 4 43789 3.13666447100154 223 1 1
100000 4 36516 3.12343828085957 224 1 1
100000 4 41103 3.14025969947715 225 1 1
100000 4 37579 3.1324886055727 226 1 1
100000 4 42134 3.13150766436501 227 1 1
100000 4 42307 3.13322471487655 228 1 1
100000 4 43763 3.13858418467429 229 1 1
100000 4 37681 3.14519806884839 230 1 1
100000 4 40284 3.14327025837682 231 1 1
100000 4 36428 3.14252942193171 232 1 1
100000 4 43381 3.14331965989281 233 1 1
100000 4 36199 3.13759942268171 234 1 1
100000 4 40709 3.13612343781851 235 1 1
100000 4 38457 3.13952028130102 236 1 1
100000 4 37090 3.14663310258024 237 1 1
100000 4 43012 3.14248004525171 238 1 1
100000 4 44522 3.1499039279302 239 1 1
100000 4 43713 3.14504969178513 240 1 1
100000 4 39393 3.14628659524596 241 1 1
100000 4 41516 3.14480242778747 242 1 1
100000 4 41237 3.14055556427932 243 1 1
100000 4 41975 3.14940791131267 244 1 1
100000 4 37078 3.14901121047991 245 1 1
100000 4 39818 3.15278390819093 246 1 1
100000 4 41509 3.1490607926186 247 1 1
100000 4 43298 3.13868269487296 248 1 1
100000 4 41742 3.14312206314532 249 1 1
100000 4 42159 3.13750098046906 250 1 1
100000 4 43122 3.1434184675835 251 1 1
100000 4 42565 3.14678162908885 252 1 1
100000 4 41905 3.1412461323407 253 1 1
100000 4 41857 3.14509914925068 254 1 1
100000 4 40993 3.15020161290323 255 1 1
100000 4 36279 3.13833793622897 256 1 1
100000 4 40950 3.13789478638781 257 1 1
100000 4 42197 3.14287510214344 258 1 1
100000 4 36107 3.12714991556695 259 1 1
100000 4 37237 3.15347986503106 260 1 1
100000 4 35428 3.13401027955372 261 1 1
100000 4 36576 3.16430662131161 262 1 1
100000 4 36197 3.13528766264305 263 1 1
100000 4 40500 3.1352385132699 264 1 1
100000 4 40941 3.14248004525171 265 1 1
100000 4 41762 3.13180188221293 266 1 1
100000 4 40502 3.15109500551442 267 1 1
100000 4 41243 3.13632015556148 268 1 1
100000 4 41411 3.13504193118583 269 1 1
100000 4 41132 3.13942171851945 270 1 1
100000 4 40036 3.14702920443102 271 1 1
100000 4 42578 3.14129547025193 272 1 1
100000 4 36892 3.16610995899888 273 1 1
100000 4 40180 3.13922461152095 274 1 1
100000 4 42140 3.14866417922196 275 1 1
100000 4 43070 3.13347016153039 276 1 1
100000 4 41676 3.14470353307442 277 1 1
100000 4 37436 3.12592800987793 278 1 1
100000 4 39952 3.13720569089112 279 1 1
100000 4 36029 3.1406541982695 280 1 1
100000 4 41053 3.1377963256405 281 1 1
100000 4 34484 3.12915591019323 282 1 1
100000 4 40133 3.13573007635503 283 1 1
100000 4 41092 3.14445632350167 284 1 1
100000 4 36880 3.15064824587659 285 1 1
100000 4 41030 3.14514860827174 286 1 1
100000 4 42834 3.1382886911767 287 1 1
100000 4 41861 3.13430496787337 288 1 1
100000 4 42991 3.13922461152095 289 1 1
100000 4 43247 3.14757400733385 290 1 1
100000 4 41378 3.14406086901842 291 1 1
100000 4 40931 3.12583029867309 292 1 1
100000 4 35711 3.14911037631869 293 1 1
100000 4 35589 3.14401144420166 294 1 1
100000 4 38815 3.13351925547583 295 1 1
100000 4 41529 3.14351728148625 296 1 1
100000 4 37298 3.13883047176622 297 1 1
100000 4 40011 3.13769787107199 298 1 1
100000 4 40268 3.14228255404726 299 1 1
100000 4 39024 3.14183828958324 300 1 1
100000 4 41408 3.14633609162131 301 1 1
100000 4 41340 3.14075283845538 302 1 1
100000 4 39517 3.1364185236878 303 1 1
100000 4 38721 3.14435745055498 304 1 1
100000 4 34280 3.13558259124545 305 1 1
100000 4 35288 3.15776177845143 306 1 1
100000 4 39778 3.14787125206579 307 1 1
100000 4 42518 3.13917533863854 308 1 1
100000 4 33684 3.13573007635503 309 1 1
100000 4 39403 3.13710727338321 310 1 1
100000 4 33541 3.15980725175764 311 1 1
100000 4 39904 3.13189996711505 312 1 1
100000 4 38993 3.14539592671228 313 1 1
100000 4 39918 3.1319980581612 314 1 1
100000 4 35976 3.14569276018811 315 1 1
100000 4 34799 3.13568091311028 316 1 1
100000 4 40174 3.15686460207722 317 1 1
100000 4 33394 3.13617261494073 318 1 1
100000 4 35121 3.14178893461937 319 1 1
100000 4 34078 3.14539592671228 320 1 1
100000 4 40267 3.1285195845326 321 1 1
100000 4 40747 3.14440688625108 322 1 1
100000 4 40762 3.16215532506957 323 1 1
100000 4 41196 3.14539592671228 324 1 1
100000 4 41140 3.13386295617293 325 1 1
100000 4 42533 3.14722729275508 326 1 1
100000 4 39008 3.14985431923774 327 1 1
100000 4 40119 3.14139415072409 328 1 1
100000 4 39045 3.13996389041526 329 1 1
100000 4 40417 3.15174054871803 330 1 1
100000 4 41497 3.13464884096359 331 1 1
100000 4 40589 3.14737587536392 332 1 1
100000 4 41391 3.16225532049458 333 1 1
100000 4 35070 3.13361744798195 334 1 1
100000 4 35817 3.15059861373661 335 1 1
100000 4 39331 3.15253542661686 336 1 1
100000 4 36351 3.14816855294432 337 1 1
100000 4 39820 3.14519806884839 338 1 1
100000 4 33316 3.14519806884839 339 1 1
100000 4 40777 3.15611734444287 340 1 1
100000 4 39775 3.1382886911767 341 1 1
100000 4 38051 3.13405939042545 342 1 1
100000 4 37782 3.14016109026393 343 1 1
100000 4 37625 3.14233192452119 344 1 1
100000 4 39618 3.13897826257553 345 1 1
100000 4 38060 3.13415761678655 346 1 1
100000 4 34587 3.1428257146 347 1 1
100000 4 37147 3.13558259124545 348 1 1
100000 4 32182 3.13602508820071 349 1 1
100000 4 38163 3.1412461323407 350 1 1
100000 4 31776 3.13253766876547 351 1 1
100000 4 33695 3.13897826257553 352 1 1
100000 4 32216 3.14218381775334 353 1 1
100000 4 35458 3.13239048379771 354 1 1
100000 4 32231 3.14554433644742 355 1 1
100000 4 36966 3.1377963256405 356 1 1
100000 4 38236 3.1380424890953 357 1 1
100000 4 39417 3.1499039279302 358 1 1
100000 4 38792 3.14198636377918 359 1 1
100000 4 40669 3.1377963256405 360 1 1
100000 4 33299 3.14777216425075 361 1 1
100000 4 36786 3.14351728148625 362 1 1
100000 4 38193 3.13705806694482 363 1 1
100000 4 39793 3.13445233281615 364 1 1
100000 4 39680 3.13234142521535 365 1 1
100000 4 39707 3.13474710427736 366 1 1
100000 4 38537 3.14821810855056 367 1 1
100000 4 38505 3.13956956501264 368 1 1
100000 4 39201 3.14950710213852 369 1 1
100000 4 39354 3.13976671533305 370 1 1
100000 4 32809 3.15179021684317 371 1 1
100000 4 34559 3.14173958120611 372 1 1
100000 4 34727 3.14178893461937 373 1 1
100000 4 33462 3.13401027955372 374 1 1
100000 4 31821 3.1499039279302 375 1 1
100000 4 38943 3.14529699466872 376 1 1
100000 4 33728 3.14495078152027 377 1 1
100000 4 33746 3.14129547025193 378 1 1
100000 4 39308 3.14129547025193 379 1 1
100000 4 33022 3.14440688625108 380 1 1
100000 4 34960 3.14415972331394 381 1 1
100000 4 38465 3.13651689798479 382 1 1
100000 4 37989 3.14742540601788 383 1 1
100000 4 39831 3.15437511828907 384 1 1
100000 4 37663 3.13956956501264 385 1 1
100000 4 38479 3.1421344519332 386 1 1
100000 4 38588 3.14159153026923 387 1 1
100000 4 39091 3.14386317907445 388 1 1
100000 4 33701 3.14643508904411 389 1 1
100000 4 38895 3.14134480971304 390 1 1
100000 4 37933 3.15502200627849 391 1 1
100000 4 39487 3.13769787107199 392 1 1
100000 4 38480 3.13425584930498 393 1 1
100000 4 35246 3.12705212795897 394 1 1
100000 4 37514 3.13656608744746 395 1 1
100000 4 37442 3.1496062992126 396 1 1
100000 4 37150 3.14406086901842 397 1 1
100000 4 35219 3.1599070987313 398 1 1
100000 4 36859 3.13469797185041 399 1 1
100000 4 35612 3.13263579976192 400 1 1
100000 4 36372 3.138879733823 401 1 1
100000 4 36179 3.14045693648426 402 1 1
100000 4 32608 3.14480242778747 403 1 1
100000 4 36180 3.14396202093879 404 1 1
100000 4 31528 3.13528766264305 405 1 1
100000 4 33550 3.13415761678655 406 1 1
100000 4 36561 3.13302838523717 407 1 1
100000 4 37097 3.14792079831271 408 1 1
100000 4 38064 3.14762354422411 409 1 1
100000 4 37469 3.15139291566873 410 1 1
100000 4 38496 3.14361610160167 411 1 1
100000 4 30334 3.14109812790552 412 1 1
100000 4 37567 3.15238635647185 413 1 1
100000 4 29322 3.13863343900066 414 1 1
100000 4 38418 3.14911037631869 415 1 1
100000 4 35839 3.1352385132699 416 1 1
100000 4 36791 3.13740254443346 417 1 1
100000 4 38016 3.14025969947715 418 1 1
100000 4 38696 3.14208508766417 419 1 1
100000 4 36497 3.14257880016341 420 1 1
100000 4 36955 3.13499278951658 421 1 1
100000 4 37816 3.15676494728203 422 1 1
100000 4 33415 3.14371492793034 423 1 1
100000 4 32402 3.15686460207722 424 1 1
100000 4 33220 3.14440688625108 425 1 1
100000 4 36198 3.15030085373153 426 1 1
100000 4 36577 3.15109500551442 427 1 1
100000 4 35609 3.11851932702353 428 1 1
100000 4 32906 3.15183988653376 429 1 1
100000 4 37191 3.14025969947715 430 1 1
100000 4 37659 3.13764864610461 431 1 1
100000 4 33090 3.14608862531658 432 1 1
100000 4 31826 3.12925382942437 433 1 1
100000 4 37580 3.14707872417429 434 1 1
100000 4 37515 3.14455520266658 435 1 1
100000 4 37696 3.1421344519332 436 1 1
100000 4 37242 3.15124395355066 437 1 1
100000 4 37728 3.12998841904285 438 1 1
100000 4 33442 3.13627097381214 439 1 1
100000 4 36016 3.1364185236878 440 1 1
100000 4 28653 3.14070351758794 441 1 1
100000 4 37681 3.152684510861 442 1 1
100000 4 36927 3.14911037631869 443 1 1
100000 4 37420 3.14450576230681 444 1 1
100000 4 38367 3.12456060866441 445 1 1
100000 4 36959 3.14243067012334 446 1 1
100000 4 35334 3.13843643097009 447 1 1
100000 4 29942 3.14950710213852 448 1 1
100000 4 32988 3.13474710427736 449 1 1
100000 4 37911 3.15164121716384 450 1 1
100000 4 37794 3.14045693648426 451 1 1
100000 4 36907 3.14223318512467 452 1 1
100000 4 29900 3.13681205790555 453 1 1
100000 4 35063 3.13666447100154 454 1 1
100000 4 30075 3.13239048379771 455 1 1
100000 4 34426 3.1351402191463 456 1 1
100000 4 34843 3.15407664406245 457 1 1
100000 4 33354 3.14757400733385 458 1 1
100000 4 30783 3.14411029538916 459 1 1
100000 4 34489 3.15850981506925 460 1 1
100000 4 35280 3.13681205790555 461 1 1
100000 4 35772 3.12178066369057 462 1 1
100000 4 29235 3.14519806884839 463 1 1
100000 4 32038 3.1494575059446 464 1 1
100000 4 34712 3.14095013741657 465 1 1
100000 4 35789 3.14040762490971 466 1 1
100000 4 36185 3.13612343781851 467 1 1
100000 4 36213 3.14866417922196 468 1 1
100000 4 35303 3.13932316192629 469 1 1
100000 4 29578 3.13391206242753 470 1 1
100000 4 33417 3.13937243944935 471 1 1
100000 4 36389 3.12197558615092 472 1 1
100000 4 35175 3.1380424890953 473 1 1
100000 4 34345 3.14693016961954 474 1 1
100000 4 34569 3.15333070555775 475 1 1
100000 4 32509 3.13691045689101 476 1 1
100000 4 30819 3.12910695287565 477 1 1
100000 4 34592 3.14509914925068 478 1 1
100000 4 36503 3.14361610160167 479 1 1
100000 4 34960 3.14011178797965 480 1 1
100000 4 34575 3.14732634626884 481 1 1
100000 4 36365 3.14045693648426 482 1 1
100000 4 35340 3.12441417234269 483 1 1
100000 4 30954 3.13612343781851 484 1 1
100000 4 36778 3.15472340962506 485 1 1
100000 4 29984 3.14001318805539 486 1 1
100000 4 35298 3.13322471487655 487 1 1
100000 4 29979 3.146385589554 488 1 1
100000 4 35418 3.13376474828035 489 1 1
100000 4 34823 3.15686460207722 490 1 1
100000 4 36144 3.14327025837682 491 1 1
100000 4 36379 3.14040762490971 492 1 1
100000 4 36729 3.14401144420166 493 1 1
100000 4 31294 3.13150766436501 494 1 1
100000 4 30516 3.13740254443346 495 1 1
100000 4 36216 3.14648459009172 496 1 1
100000 4 35957 3.14040762490971 497 1 1
100000 4 36085 3.14653409269689 498 1 1
100000 4 36227 3.14169022934339 499 1 1
100000 4 31010 3.1333719782544 500 1 1
100000 4 35258 3.14080216087189 501 1 1
100000 4 34999 3.139816006782 502 1 1
100000 4 35623 3.14302327408734 503 1 1
100000 4 34705 3.15094607155799 504 1 1
100000 4 32088 3.14001318805539 505 1 1
100000 4 35122 3.14331965989281 506 1 1
100000 4 28947 3.14589068029886 507 1 1
100000 4 35723 3.13327380113111 508 1 1
100000 4 30287 3.13518936543767 509 1 1
100000 4 32017 3.13823944766986 510 1 1
100000 4 28661 3.13956956501264 511 1 1
100000 4 26447 3.13937243944935 512 1 1
100000 4 20630 3.14579171713041 513 1 1
100000 4 25732 3.14193700416307 514 1 1
100000 4 25440 3.138879733823 515 1 1
100000 4 173723 3.13189996711505 516 1 1
100000 4 193443 3.14257880016341 517 1 1
100000 4 205608 3.13047833708991 518 1 1
100000 4 219162 3.13425584930498 519 1 1
100000 4 189219 3.15198890499905 520 1 1
100000 4 186465 3.14742540601788 521 1 1
100000 4 220996 3.13853493189379 522 1 1
100000 4 195694 3.14881289753763 523 1 1
100000 4 201330 3.13735332873188 524 1 1
100000 4 191911 3.1266610386768 525 1 1
100000 4 211941 3.15671512224379 526 1 1
100000 4 224335 3.13676286072773 527 1 1
100000 4 224706 3.14598964969405 528 1 1
100000 4 182623 3.13922461152095 529 1 1
100000 4 195610 3.15213793755615 530 1 1
100000 4 184460 3.14169022934339 531 1 1
100000 4 186135 3.13072335363086 532 1 1
100000 4 191033 3.15179021684317 533 1 1
100000 4 189408 3.13932316192629 534 1 1
100000 4 191803 3.14485187747657 535 1 1
100000 4 187049 3.13253766876547 536 1 1
100000 4 190842 3.12602572719173 537 1 1
100000 4 183992 3.14871375043295 538 1 1
100000 4 182612 3.13823944766986 539 1 1
100000 4 190905 3.14975510654047 540 1 1
100000 4 111801 3.14717776833624 541 1 1
100000 4 43675 3.13991459432303 542 1 1
100000 4 49541 3.14025969947715 543 1 1
100000 4 51148 3.15223730042398 544 1 1
100000 4 52146 3.14114746116756 545 1 1
100000 4 52969 3.15860958006286 546 1 1
100000 4 44876 3.14920954840335 547 1 1
100000 4 52899 3.13942171851945 548 1 1
100000 4 50474 3.14450576230681 549 1 1
100000 4 46591 3.14688065455118 550 1 1
100000 4 50977 3.14302327408734 551 1 1
100000 4 45410 3.14198636377918 552 1 1
100000 4 51009 3.14035831488373 553 1 1
100000 4 50336 3.13843643097009 554 1 1
100000 4 53101 3.14722729275508 555 1 1
100000 4 50106 3.15144257283772 556 1 1
100000 4 43915 3.14223318512467 557 1 1
100000 4 52248 3.14223318512467 558 1 1
100000 4 51025 3.14648459009172 559 1 1
100000 4 42587 3.14218381775334 560 1 1
100000 4 46619 3.15676494728203 561 1 1
100000 4 48125 3.14465408805031 562 1 1
100000 4 47718 3.1400624872435 563 1 1
100000 4 48689 3.1382886911767 564 1 1
100000 4 47782 3.1353368135572 565 1 1
100000 4 47874 3.14495078152027 566 1 1
100000 4 48400 3.14697968624613 567 1 1
100000 4 49571 3.13612343781851 568 1 1
100000 4 44019 3.15035047649051 569 1 1
100000 4 47292 3.14920954840335 570 1 1
100000 4 40730 3.12754112716582 571 1 1
100000 4 46527 3.12998841904285 572 1 1
100000 4 44867 3.13612343781851 573 1 1
100000 4 46834 3.15208825847124 574 1 1
100000 4 46423 3.14248004525171 575 1 1
100000 4 47045 3.13784555524177 576 1 1
100000 4 47352 3.13799325331451 577 1 1
100000 4 47164 3.13420673227606 578 1 1
100000 4 40976 3.13018436785927 579 1 1
100000 4 47608 3.14045693648426 580 1 1
100000 4 39910 3.14272694416946 581 1 1
100000 4 41305 3.14070351758794 582 1 1
100000 4 46400 3.14302327408734 583 1 1
100000 4 42029 3.14668260985856 584 1 1
100000 4 47193 3.15054898316032 585 1 1
100000 4 46927 3.14509914925068 586 1 1
100000 4 45079 3.14603913672686 587 1 1
100000 4 47712 3.14915996158025 588 1 1
100000 4 46867 3.1494575059446 589 1 1
100000 4 47253 3.15243604495374 590 1 1
100000 4 40859 3.14228255404726 591 1 1
100000 4 42289 3.13691045689101 592 1 1
100000 4 47170 3.14930872673448 593 1 1
100000 4 48444 3.13307746534033 594 1 1
100000 4 43020 3.14114746116756 595 1 1
100000 4 40842 3.14218381775334 596 1 1
100000 4 42759 3.13617261494073 597 1 1
100000 4 47508 3.12998841904285 598 1 1
100000 4 42952 3.14371492793034 599 1 1
100000 4 41621 3.15512155105775 600 1 1
100000 4 48349 3.13971742543171 601 1 1
100000 4 48399 3.1400624872435 602 1 1
100000 4 48243 3.15248573500205 603 1 1
100000 4 45654 3.14376434342482 604 1 1
100000 4 43495 3.14381376047283 605 1 1
100000 4 46186 3.14702920443102 606 1 1
100000 4 41144 3.15144257283772 607 1 1
100000 4 40226 3.14361610160167 608 1 1
100000 4 42851 3.14534645991256 609 1 1
100000 4 45449 3.16475726311792 610 1 1
100000 4 45941 3.13715648136529 611 1 1
100000 4 44132 3.13597591570497 612 1 1
100000 4 40447 3.14248004525171 613 1 1
100000 4 44820 3.14287510214344 614 1 1
100000 4 45994 3.1406541982695 615 1 1
100000 4 45617 3.14851547495356 616 1 1
100000 4 44319 3.13720569089112 617 1 1
100000 4 44080 3.13312654698123 618 1 1
100000 4 43838 3.13986529977864 619 1 1
100000 4 45987 3.14801989548574 620 1 1
100000 4 46074 3.14495078152027 621 1 1
100000 4 44701 3.13730411457435 622 1 1
100000 4 43733 3.13986529977864 623 1 1
100000 4 45054 3.13185092389602 624 1 1
100000 4 43550 3.13489451079971 625 1 1
100000 4 44111 3.1429244912391 626 1 1
100000 4 41007 3.14361610160167 627 1 1
100000 4 45329 3.13833793622897 628 1 1
100000 4 43931 3.13883047176622 629 1 1
100000 4 40518 3.1406541982695 630 1 1
100000 4 45503 3.14090081035241 631 1 1
100000 4 43676 3.14613811546327 632 1 1
100000 4 43258 3.14198636377918 633 1 1
100000 4 43866 3.14139415072409 634 1 1
100000 4 45684 3.12856852347209 635 1 1
100000 4 44708 3.14772262268249 636 1 1
100000 4 45931 3.15293301593808 637 1 1
100000 4 37747 3.13288115415342 638 1 1
100000 4 43676 3.14841634657767 639 1 1
100000 4 43792 3.15084679007483 640 1 1
100000 4 42856 3.14594016421808 641 1 1
100000 4 45364 3.1412461323407 642 1 1
100000 4 44406 3.13548427554636 643 1 1
100000 4 37872 3.13278300778497 644 1 1
100000 4 44202 3.14475297965345 645 1 1
100000 4 45776 3.14559380947138 646 1 1
100000 4 38945 3.14440688625108 647 1 1
100000 4 38685 3.13302838523717 648 1 1
100000 4 45846 3.1490607926186 649 1 1
100000 4 43187 3.14742540601788 650 1 1
100000 4 42573 3.12807920296542 651 1 1
100000 4 41695 3.14871375043295 652 1 1
100000 4 42589 3.12739441134619 653 1 1
100000 4 36555 3.15283360920627 654 1 1
100000 4 41862 3.13996389041526 655 1 1
100000 4 43376 3.14658359685971 656 1 1
100000 4 42925 3.12949865431558 657 1 1
100000 4 41210 3.1429244912391 658 1 1
100000 4 34724 3.13715648136529 659 1 1
100000 4 42381 3.13106644122988 660 1 1
100000 4 41764 3.13952028130102 661 1 1
100000 4 37192 3.14045693648426 662 1 1
100000 4 42776 3.14797034611934 663 1 1
100000 4 37493 3.13401027955372 664 1 1
100000 4 42192 3.14401144420166 665 1 1
100000 4 41858 3.13976671533305 666 1 1
100000 4 39065 3.14846590998536 667 1 1
100000 4 37303 3.1302823514681 668 1 1
100000 4 36278 3.15681477389314 669 1 1
100000 4 38132 3.14035831488373 670 1 1
100000 4 42787 3.12930279133809 671 1 1
100000 4 38587 3.1339611702211 672 1 1
100000 4 43151 3.13622179360524 673 1 1
100000 4 41394 3.14470353307442 674 1 1
100000 4 42856 3.13563175140711 675 1 1
100000 4 42652 3.14485187747657 676 1 1
100000 4 42874 3.13302838523717 677 1 1
100000 4 41369 3.13293022964379 678 1 1
100000 4 43707 3.14772262268249 679 1 1
100000 4 41860 3.14011178797965 680 1 1
100000 4 40638 3.14485187747657 681 1 1
100000 4 39239 3.13170380345427 682 1 1
100000 4 42538 3.14935831824266 683 1 1
100000 4 36583 3.14218381775334 684 1 1
100000 4 38150 3.13489451079971 685 1 1
100000 4 35495 3.14114746116756 686 1 1
100000 4 38104 3.14470353307442 687 1 1
100000 4 42344 3.1333719782544 688 1 1
100000 4 41086 3.14717776833624 689 1 1
100000 4 37386 3.13573007635503 690 1 1
100000 4 43080 3.15005276338379 691 1 1
100000 4 43465 3.15437511828907 692 1 1
100000 4 43056 3.15243604495374 693 1 1
100000 4 39552 3.14470353307442 694 1 1
100000 4 42840 3.15671512224379 695 1 1
100000 4 41424 3.12338950228788 696 1 1
100000 4 43397 3.13415761678655 697 1 1
100000 4 43075 3.14569276018811 698 1 1
100000 4 36045 3.15731312652932 699 1 1
100000 4 40695 3.13499278951658 700 1 1
100000 4 41106 3.13715648136529 701 1 1
100000 4 36118 3.14159153026923 702 1 1
100000 4 36075 3.1377963256405 703 1 1
100000 4 36812 3.14188764609778 704 1 1
100000 4 37837 3.13740254443346 705 1 1
100000 4 41497 3.13902752927143 706 1 1
100000 4 34874 3.14811899889816 707 1 1
100000 4 41003 3.13932316192629 708 1 1
100000 4 40040 3.15079715167937 709 1 1
100000 4 37008 3.13568091311028 710 1 1
100000 4 41460 3.14109812790552 711 1 1
100000 4 35862 3.13405939042545 712 1 1
100000 4 36798 3.14608862531658 713 1 1
100000 4 33679 3.14722729275508 714 1 1
100000 4 35316 3.1400624872435 715 1 1
100000 4 41560 3.1490607926186 716 1 1
100000 4 37564 3.14099946603009 717 1 1
100000 4 36146 3.14257880016341 718 1 1
100000 4 41113 3.14016109026393 719 1 1
100000 4 40332 3.12847064712415 720 1 1
100000 4 41673 3.15030085373153 721 1 1
100000 4 39862 3.14702920443102 722 1 1
100000 4 39931 3.15169088215828 723 1 1
100000 4 41681 3.14539592671228 724 1 1
100000 4 38051 3.14970550253551 725 1 1
100000 4 40017 3.13991459432303 726 1 1
100000 4 42527 3.13013537835511 727 1 1
100000 4 41256 3.13966813707791 728 1 1
100000 4 35817 3.14327025837682 729 1 1
100000 4 37501 3.14613811546327 730 1 1
100000 4 40420 3.1377963256405 731 1 1
100000 4 40701 3.13072335363086 732 1 1
100000 4 40491 3.13597591570497 733 1 1
100000 4 39354 3.15303242893853 734 1 1
100000 4 41319 3.13351925547583 735 1 1
100000 4 40366 3.13459971161683 736 1 1
100000 4 39162 3.13347016153039 737 1 1
100000 4 41001 3.13966813707791 738 1 1
100000 4 40590 3.14579171713041 739 1 1
100000 4 39718 3.13401027955372 740 1 1
100000 4 41346 3.147128245476 741 1 1
100000 4 38925 3.14045693648426 742 1 1
100000 4 35593 3.13863343900066 743 1 1
100000 4 35975 3.15263481454626 744 1 1
100000 4 36410 3.152684510861 745 1 1
100000 4 41402 3.14470353307442 746 1 1
100000 4 36448 3.1434184675835 747 1 1
100000 4 34060 3.14025969947715 748 1 1
100000 4 40350 3.13902752927143 749 1 1
100000 4 40066 3.14396202093879 750 1 1
100000 4 35529 3.13986529977864 751 1 1
100000 4 37920 3.14752447200277 752 1 1
100000 4 33275 3.14564328405159 753 1 1
100000 4 39360 3.14297388188704 754 1 1
100000 4 38835 3.14060488049998 755 1 1
100000 4 38525 3.13769787107199 756 1 1
100000 4 38721 3.15556958030925 757 1 1
100000 4 37139 3.13661527845302 758 1 1
100000 4 33521 3.1205629495561 759 1 1
100000 4 38350 3.14440688625108 760 1 1
100000 4 38081 3.15258511979823 761 1 1
100000 4 39267 3.13563175140711 762 1 1
100000 4 38520 3.12710102099848 763 1 1
100000 4 38464 3.13568091311028 764 1 1
100000 4 38667 3.1402103940964 765 1 1
100000 4 38990 3.14035831488373 766 1 1
100000 4 38021 3.14396202093879 767 1 1
100000 4 34443 3.14169022934339 768 1 1
100000 4 39481 3.14950710213852 769 1 1
100000 4 38485 3.15233666955631 770 1 1
100000 4 38151 3.14653409269689 771 1 1
100000 4 36635 3.13912606730286 772 1 1
100000 4 38634 3.14356669076734 773 1 1
100000 4 37534 3.13947099913665 774 1 1
100000 4 39508 3.14233192452119 775 1 1
100000 4 38868 3.1421344519332 776 1 1
100000 4 33618 3.1474749382308 777 1 1
100000 4 38901 3.13897826257553 778 1 1
100000 4 35478 3.15407664406245 779 1 1
100000 4 38093 3.14797034611934 780 1 1
100000 4 35430 3.14697968624613 781 1 1
100000 4 38974 3.1317528420657 782 1 1
100000 4 38441 3.13082137098668 783 1 1
100000 4 39355 3.14134480971304 784 1 1
100000 4 33175 3.13907679751385 785 1 1
100000 4 33540 3.1474749382308 786 1 1
100000 4 32611 3.13297930667168 787 1 1
100000 4 39747 3.12881324113764 788 1 1
100000 4 38048 3.14490132872081 789 1 1
100000 4 37803 3.13922461152095 790 1 1
100000 4 34298 3.14085148483754 791 1 1
100000 4 38462 3.13627097381214 792 1 1
100000 4 39008 3.14688065455118 793 1 1
100000 4 39150 3.13809172642116 794 1 1
100000 4 39187 3.13096840852876 795 1 1
100000 4 39437 3.13381385145722 796 1 1
100000 4 34046 3.16927075080024 797 1 1
100000 4 39246 3.14228255404726 798 1 1
100000 4 36810 3.13484537375194 799 1 1
100000 4 33775 3.14386317907445 800 1 1
100000 4 39361 3.13710727338321 801 1 1
100000 4 33896 3.13607426223853 802 1 1
100000 4 40134 3.14450576230681 803 1 1
100000 4 36720 3.1507475148479 804 1 1
100000 4 32397 3.1324395439168 805 1 1
100000 4 36792 3.14514860827174 806 1 1
100000 4 37372 3.13750098046906 807 1 1
100000 4 32445 3.12900904283613 808 1 1
100000 4 37644 3.1490607926186 809 1 1
100000 4 37277 3.13769787107199 810 1 1
100000 4 36271 3.13755020080321 811 1 1
100000 4 36047 3.12920486904278 812 1 1
100000 4 36472 3.15761221364404 813 1 1
100000 4 34095 3.14109812790552 814 1 1
100000 4 37924 3.13819020570837 815 1 1
100000 4 31016 3.1515418918706 816 1 1
100000 4 37104 3.13873195229127 817 1 1
100000 4 37621 3.14995353818531 818 1 1
100000 4 35881 3.1287153494775 819 1 1
100000 4 35981 3.139816006782 820 1 1
100000 4 34385 3.13764864610461 821 1 1
100000 4 37323 3.14841634657767 822 1 1
100000 4 37472 3.15203858095223 823 1 1
100000 4 35400 3.14767308267363 824 1 1
100000 4 31823 3.14727681873259 825 1 1
100000 4 31917 3.15084679007483 826 1 1
100000 4 32167 3.13627097381214 827 1 1
100000 4 32323 3.13381385145722 828 1 1
100000 4 36734 3.14277632860869 829 1 1
100000 4 36404 3.14198636377918 830 1 1
100000 4 36919 3.14475297965345 831 1 1
100000 4 36194 3.14228255404726 832 1 1
100000 4 36520 3.14178893461937 833 1 1
100000 4 36794 3.14861460957179 834 1 1
100000 4 29728 3.1474749382308 835 1 1
100000 4 38463 3.1406541982695 836 1 1
100000 4 36716 3.14144349328516 837 1 1
100000 4 32650 3.15278390819093 838 1 1
100000 4 38058 3.14831722444353 839 1 1
100000 4 30788 3.14198636377918 840 1 1
100000 4 32529 3.15621695835372 841 1 1
100000 4 36483 3.13705806694482 842 1 1
100000 4 31259 3.13116448007014 843 1 1
100000 4 32932 3.13671366509308 844 1 1
100000 4 37454 3.14569276018811 845 1 1
100000 4 34541 3.14524753098069 846 1 1
100000 4 36919 3.13430496787337 847 1 1
100000 4 37034 3.13799325331451 848 1 1
100000 4 37906 3.14678162908885 849 1 1
100000 4 37218 3.14331965989281 850 1 1
100000 4 34075 3.14277632860869 851 1 1
100000 4 37208 3.13008639038437 852 1 1
100000 4 37540 3.13740254443346 853 1 1
100000 4 38035 3.14613811546327 854 1 1
100000 4 36924 3.14085148483754 855 1 1
100000 4 38062 3.13509107439571 856 1 1
100000 4 36838 3.13185092389602 857 1 1
100000 4 36654 3.15099571464583 858 1 1
100000 4 36319 3.13863343900066 859 1 1
100000 4 35185 3.15129360602527 860 1 1
100000 4 34971 3.14950710213852 861 1 1
100000 4 35658 3.13942171851945 862 1 1
100000 4 36732 3.14109812790552 863 1 1
100000 4 32512 3.13391206242753 864 1 1
100000 4 34334 3.14623710042789 865 1 1
100000 4 35825 3.13823944766986 866 1 1
100000 4 35651 3.1333228889237 867 1 1
100000 4 35207 3.15159155373464 868 1 1
100000 4 36058 3.13111545988258 869 1 1
100000 4 29584 3.15208825847124 870 1 1
100000 4 36272 3.12778568412492 871 1 1
100000 4 29772 3.1353368135572 872 1 1
100000 4 36950 3.15462388996672 873 1 1
100000 4 29823 3.14243067012334 874 1 1
100000 4 36164 3.14287510214344 875 1 1
100000 4 34925 3.14534645991256 876 1 1
100000 4 36097 3.15631657855283 877 1 1
100000 4 35148 3.14668260985856 878 1 1
100000 4 35434 3.1496062992126 879 1 1
100000 4 32140 3.14396202093879 880 1 1
100000 4 30517 3.15054898316032 881 1 1
100000 4 32046 3.15099571464583 882 1 1
100000 4 35582 3.1379440190787 883 1 1
100000 4 36107 3.13018436785927 884 1 1
100000 4 35227 3.13971742543171 885 1 1
100000 4 34914 3.1412461323407 886 1 1
100000 4 35643 3.14782170737849 887 1 1
100000 4 35493 3.13947099913665 888 1 1
100000 4 35175 3.14475297965345 889 1 1
100000 4 35151 3.12700323644835 890 1 1
100000 4 34968 3.1511943026407 891 1 1
100000 4 35557 3.13878121125567 892 1 1
100000 4 35527 3.14554433644742 893 1 1
100000 4 35008 3.13853493189379 894 1 1
100000 4 35725 3.14742540601788 895 1 1
100000 4 35453 3.13405939042545 896 1 1
100000 4 29790 3.13096840852876 897 1 1
100000 4 31929 3.12617231461798 898 1 1
100000 4 35922 3.15109500551442 899 1 1
100000 4 35195 3.13996389041526 900 1 1
100000 4 35781 3.14193700416307 901 1 1
100000 4 35516 3.14208508766417 902 1 1
100000 4 36199 3.14050624960744 903 1 1
100000 4 33599 3.13239048379771 904 1 1
100000 4 32495 3.14589068029886 905 1 1
100000 4 35308 3.14821810855056 906 1 1
100000 4 34955 3.14401144420166 907 1 1
100000 4 29576 3.14693016961954 908 1 1
100000 4 36422 3.12763894536015 909 1 1
100000 4 35780 3.13814096529216 910 1 1
100000 4 32280 3.13961885027158 911 1 1
100000 4 34954 3.14203572494619 912 1 1
100000 4 36867 3.1276878567519 913 1 1
100000 4 31917 3.13180188221293 914 1 1
100000 4 34125 3.14470353307442 915 1 1
100000 4 35863 3.15193923061163 916 1 1
100000 4 36046 3.13106644122988 917 1 1
100000 4 25781 3.14717776833624 918 1 1
100000 4 22369 3.13636933885334 919 1 1
100000 4 26062 3.14460464458106 920 1 1
100000 4 25028 3.14455520266658 921 1 1
100000 4 25231 3.13863343900066 922 1 1
100000 4 25771 3.15985717445571 923 1 1
100000 4 24350 3.13848568065908 924 1 1
100000 4 20682 3.14188764609778 925 1 1
100000 4 25452 3.14001318805539 926 1 1
100000 4 25498 3.1295965949989 927 1 1
100000 4 25163 3.1429244912391 928 1 1
100000 4 26164 3.15457413249211 929 1 1
100000 4 25630 3.13592674475124 930 1 1
100000 4 26264 3.16821645254804 931 1 1
100000 4 26467 3.13376474828035 932 1 1
100000 4 26036 3.13209615535197 933 1 1
100000 4 25628 3.14653409269689 934 1 1
100000 4 22112 3.13932316192629 935 1 1
100000 4 25830 3.13415761678655 936 1 1
100000 4 26366 3.12920486904278 937 1 1
100000 4 91900 3.15000315000315 938 1 1
100000 4 223966 3.14425858382593 939 1 1
100000 4 221327 3.13838718282675 940 1 1
100000 4 182536 3.14386317907445 941 1 1
100000 4 192811 3.14035831488373 942 1 1
100000 4 186250 3.13710727338321 943 1 1
100000 4 216011 3.1507475148479 944 1 1
100000 4 184964 3.14070351758794 945 1 1
100000 4 202235 3.14480242778747 946 1 1
100000 4 190905 3.14975510654047 947 1 1
100000 4 188638 3.15278390819093 948 1 1
100000 4 221586 3.15263481454626 949 1 1
100000 4 224207 3.13553343262523 950 1 1
100000 4 189382 3.16220532199156 951 1 1
100000 4 187319 3.14030900640623 952 1 1
100000 4 220086 3.14090081035241 953 1 1
100000 4 190337 3.14584119793633 954 1 1
100000 4 193957 3.14594016421808 955 1 1
100000 4 223017 3.14717776833624 956 1 1
100000 4 187617 3.12905799708998 957 1 1
100000 4 218135 3.14707872417429 958 1 1
100000 4 220954 3.1494575059446 959 1 1
100000 4 224799 3.13568091311028 960 1 1
100000 4 224099 3.14440688625108 961 1 1
100000 4 195327 3.14950710213852 962 1 1
100000 4 51391 3.13907679751385 963 1 1
100000 4 42602 3.14539592671228 964 1 1
100000 4 53307 3.14090081035241 965 1 1
100000 4 45274 3.14223318512467 966 1 1
100000 4 53456 3.14420915279284 967 1 1
100000 4 50570 3.12905799708998 968 1 1
100000 4 52899 3.13651689798479 969 1 1
100000 4 46704 3.1490607926186 970 1 1
100000 4 45959 3.14608862531658 971 1 1
100000 4 50346 3.14579171713041 972 1 1
100000 4 48897 3.14218381775334 973 1 1
100000 4 40979 3.13425584930498 974 1 1
100000 4 47516 3.13868269487296 975 1 1
100000 4 46435 3.14792079831271 976 1 1
100000 4 46670 3.14011178797965 977 1 1
100000 4 48678 3.14025969947715 978 1 1
100000 4 47308 3.14901121047991 979 1 1
100000 4 37930 3.13750098046906 980 1 1
100000 4 47903 3.14336906296168 981 1 1
100000 4 48356 3.15651583781822 982 1 1
100000 4 42842 3.15139291566873 983 1 1
100000 4 47648 3.12940071976217 984 1 1
100000 4 41866 3.14584119793633 985 1 1
100000 4 47838 3.15681477389314 986 1 1
100000 4 48244 3.13391206242753 987 1 1
100000 4 49111 3.14618760716702 988 1 1
100000 4 42794 3.15124395355066 989 1 1
100000 4 40235 3.14430801641329 990 1 1
100000 4 43055 3.14376434342482 991 1 1
100000 4 47985 3.14623710042789 992 1 1
100000 4 47855 3.13165476637855 993 1 1
100000 4 46685 3.14445632350167 994 1 1
100000 4 41450 3.14846590998536 995 1 1
100000 4 48813 3.1379440190787 996 1 1
100000 4 40139 3.13715648136529 997 1 1
100000 4 47073 3.12842171124668 998 1 1
100000 4 41422 3.14109812790552 999 1 1
100000 4 47745 3.1421344519332 1000 1 1
