100000 4 17835 2.8681236734928 1 1.15 1
100000 4 24633 2.85820447594821 2 1.15 1
100000 4 24490 2.8680825434156 3 1.15 1
100000 4 25423 2.86504218774621 4 1.15 1
100000 4 21908 2.85339268390116 5 1.15 1
100000 4 21802 2.8684527565831 6 1.15 1
100000 4 25381 2.85343339373101 7 1.15 1
100000 4 25312 2.87166527869512 8 1.15 1
100000 4 21100 2.86841161706705 9 1.15 1
100000 4 24968 2.85992106617857 10 1.15 1
100000 4 26064 2.85261941778038 11 1.15 1
100000 4 25826 2.86069829645416 12 1.15 1
100000 4 25736 2.85620438998615 13 1.15 1
100000 4 25163 2.85563345089024 14 1.15 1
100000 4 19673 2.85551113649343 15 1.15 1
100000 4 25423 2.86426259559476 16 1.15 1
100000 4 25209 2.85795941697628 17 1.15 1
100000 4 25863 2.85669394809387 18 1.15 1
100000 4 25582 2.85648994515539 19 1.15 1
100000 4 24937 2.84806972074676 20 1.15 1
100000 4 25648 2.85412563861061 21 1.15 1
100000 4 25455 2.85608202667581 22 1.15 1
100000 4 25455 2.86106660563058 23 1.15 1
100000 4 187106 2.86114846499385 24 1.15 1
100000 4 211960 2.85857214321446 25 1.15 1
100000 4 222955 2.85001781261133 26 1.15 1
100000 4 182625 2.86295055684388 27 1.15 1
100000 4 220228 2.86377044016152 28 1.15 1
100000 4 189212 2.85938952033741 29 1.15 1
100000 4 182894 2.86479595490811 30 1.15 1
100000 4 188988 2.85812278495484 31 1.15 1
100000 4 222429 2.85648994515539 32 1.15 1
100000 4 185480 2.85983927703263 33 1.15 1
100000 4 190252 2.85902164279384 34 1.15 1
100000 4 180745 2.86545266988553 35 1.15 1
100000 4 185351 2.86004375866951 36 1.15 1
100000 4 223877 2.86163971955931 37 1.15 1
100000 4 217974 2.85363696030591 38 1.15 1
100000 4 221754 2.85600045696007 39 1.15 1
100000 4 192427 2.85420710126727 40 1.15 1
100000 4 199190 2.85873558125241 41 1.15 1
100000 4 224354 2.85967571277417 42 1.15 1
100000 4 220630 2.85800025722002 43 1.15 1
100000 4 221520 2.85559267826037 44 1.15 1
100000 4 217547 2.86381144665435 45 1.15 1
100000 4 187860 2.85143997718848 46 1.15 1
100000 4 222078 2.85857214321446 47 1.15 1
100000 4 116499 2.8618035085711 48 1.15 1
100000 4 42583 2.85653074341213 49 1.15 1
100000 4 47999 2.86771242579794 50 1.15 1
100000 4 43809 2.85371839506877 51 1.15 1
100000 4 48176 2.864426684999 52 1.15 1
100000 4 51029 2.85718367405249 53 1.15 1
100000 4 49214 2.85534806692936 54 1.15 1
100000 4 43692 2.86045280967977 55 1.15 1
100000 4 48092 2.85885817204608 56 1.15 1
100000 4 44086 2.84721826775241 57 1.15 1
100000 4 48904 2.85066776892487 58 1.15 1
100000 4 50229 2.85200924050994 59 1.15 1
100000 4 44526 2.86106660563058 60 1.15 1
100000 4 48399 2.85918513223731 61 1.15 1
100000 4 49204 2.86315548365854 62 1.15 1
100000 4 51276 2.87108814240597 63 1.15 1
100000 4 50398 2.86422157618113 64 1.15 1
100000 4 49353 2.86615075952995 65 1.15 1
100000 4 50702 2.85861300097193 66 1.15 1
100000 4 43861 2.8582861716115 67 1.15 1
100000 4 47639 2.86102567770546 68 1.15 1
100000 4 49246 2.86340143456412 69 1.15 1
100000 4 49667 2.85457374077616 70 1.15 1
100000 4 44602 2.85816362986781 71 1.15 1
100000 4 49657 2.85591889190347 72 1.15 1
100000 4 45591 2.86078013474274 73 1.15 1
100000 4 43570 2.85869471999085 74 1.15 1
100000 4 50748 2.86377044016152 75 1.15 1
100000 4 49678 2.86295055684388 76 1.15 1
100000 4 51112 2.85522577697831 77 1.15 1
100000 4 45099 2.86249982109376 78 1.15 1
100000 4 49691 2.85710204139941 79 1.15 1
100000 4 48991 2.85746942507715 80 1.15 1
100000 4 44370 2.85624518008626 81 1.15 1
100000 4 44408 2.85726531137049 82 1.15 1
100000 4 43994 2.86623291008627 83 1.15 1
100000 4 50999 2.85795941697628 84 1.15 1
100000 4 44077 2.85111478588128 85 1.15 1
100000 4 44936 2.865288462916 86 1.15 1
100000 4 42630 2.84863763904912 87 1.15 1
100000 4 46336 2.85979838421391 88 1.15 1
100000 4 46564 2.86315548365854 89 1.15 1
100000 4 45248 2.86619183421946 90 1.15 1
100000 4 48198 2.85967571277417 91 1.15 1
100000 4 46021 2.86368843069874 92 1.15 1
100000 4 46133 2.85861300097193 93 1.15 1
100000 4 46635 2.86237691779254 94 1.15 1
100000 4 45886 2.85714285714286 95 1.15 1
100000 4 46267 2.85812278495484 96 1.15 1
100000 4 46423 2.85445151714098 97 1.15 1
100000 4 47889 2.86377044016152 98 1.15 1
100000 4 40114 2.86274565936189 99 1.15 1
100000 4 44460 2.86168066505459 100 1.15 1
100000 4 44042 2.85359624466734 101 1.15 1
100000 4 46634 2.85689798017313 102 1.15 1
100000 4 46859 2.86660264587424 103 1.15 1
100000 4 46351 2.85979838421391 104 1.15 1
100000 4 46480 2.85473672190582 105 1.15 1
100000 4 46865 2.86151689010344 106 1.15 1
100000 4 46473 2.84965234241423 107 1.15 1
100000 4 46533 2.85836787194512 108 1.15 1
100000 4 46909 2.86450873675165 109 1.15 1
100000 4 47265 2.86168066505459 110 1.15 1
100000 4 39952 2.86098475095128 111 1.15 1
100000 4 45130 2.85836787194512 112 1.15 1
100000 4 45844 2.84944934391429 113 1.15 1
100000 4 45709 2.86426259559476 114 1.15 1
100000 4 45959 2.85327056138098 115 1.15 1
100000 4 48029 2.85298564948218 116 1.15 1
100000 4 47095 2.86582220439044 117 1.15 1
100000 4 46004 2.8618035085711 118 1.15 1
100000 4 42588 2.86590433611326 119 1.15 1
100000 4 43883 2.85127737226277 120 1.15 1
100000 4 45787 2.86730129602019 121 1.15 1
100000 4 48042 2.8558373315056 122 1.15 1
100000 4 46338 2.85563345089024 123 1.15 1
100000 4 47592 2.86627398713043 124 1.15 1
100000 4 47224 2.8653705640482 125 1.15 1
100000 4 46641 2.85718367405249 126 1.15 1
100000 4 46725 2.86241788438694 127 1.15 1
100000 4 39461 2.86401649673502 128 1.15 1
100000 4 43992 2.85282286822811 129 1.15 1
100000 4 39121 2.85026151149368 130 1.15 1
100000 4 42661 2.86504218774621 131 1.15 1
100000 4 42607 2.85665314517511 132 1.15 1
100000 4 43967 2.86168066505459 133 1.15 1
100000 4 44278 2.85494047449111 134 1.15 1
100000 4 43975 2.86602754252468 135 1.15 1
100000 4 37508 2.85551113649343 136 1.15 1
100000 4 43818 2.86098475095128 137 1.15 1
100000 4 38088 2.86114846499385 138 1.15 1
100000 4 40183 2.8589807733543 139 1.15 1
100000 4 37086 2.86061646284774 140 1.15 1
100000 4 42442 2.85959393766085 141 1.15 1
100000 4 43049 2.85424783433946 142 1.15 1
100000 4 39971 2.85669394809387 143 1.15 1
100000 4 39442 2.86045280967977 144 1.15 1
100000 4 43075 2.86299153986 145 1.15 1
100000 4 44271 2.86631506535198 146 1.15 1
100000 4 44276 2.8522126039275 147 1.15 1
100000 4 44605 2.86771242579794 148 1.15 1
100000 4 38716 2.85412563861061 149 1.15 1
100000 4 41874 2.85930776159092 150 1.15 1
100000 4 43803 2.86837047873103 151 1.15 1
100000 4 38882 2.86061646284774 152 1.15 1
100000 4 41515 2.86549372456874 153 1.15 1
100000 4 43372 2.86274565936189 154 1.15 1
100000 4 44448 2.86508323066785 155 1.15 1
100000 4 45579 2.85926688397095 156 1.15 1
100000 4 39032 2.85640835213802 157 1.15 1
100000 4 41467 2.86033008209147 158 1.15 1
100000 4 42415 2.85518501598904 159 1.15 1
100000 4 45290 2.84567883668649 160 1.15 1
100000 4 44911 2.84794805342751 161 1.15 1
100000 4 42998 2.85836787194512 162 1.15 1
100000 4 44696 2.85457374077616 163 1.15 1
100000 4 43185 2.84434331223779 164 1.15 1
100000 4 38351 2.86147594929465 165 1.15 1
100000 4 42709 2.86127126282207 166 1.15 1
100000 4 37921 2.85616360105107 167 1.15 1
100000 4 36670 2.85494047449111 168 1.15 1
100000 4 43574 2.85624518008626 169 1.15 1
100000 4 44059 2.86500114600046 170 1.15 1
100000 4 42953 2.84766420343713 171 1.15 1
100000 4 46080 2.86545266988553 172 1.15 1
100000 4 41341 2.85058650817406 173 1.15 1
100000 4 42189 2.86377044016152 174 1.15 1
100000 4 44138 2.86069829645416 175 1.15 1
100000 4 43803 2.863729434843 176 1.15 1
100000 4 38156 2.8721189057227 177 1.15 1
100000 4 44019 2.86270468338486 178 1.15 1
100000 4 40992 2.86746573378448 179 1.15 1
100000 4 42004 2.86319647254195 180 1.15 1
100000 4 42451 2.85726531137049 181 1.15 1
100000 4 42142 2.86172161172161 182 1.15 1
100000 4 36672 2.86574007737498 183 1.15 1
100000 4 41494 2.86504218774621 184 1.15 1
100000 4 41575 2.85604124123552 185 1.15 1
100000 4 42038 2.85567422468445 186 1.15 1
100000 4 42010 2.86545266988553 187 1.15 1
100000 4 40458 2.85873558125241 188 1.15 1
100000 4 35954 2.86286859433152 189 1.15 1
100000 4 41581 2.8604118993135 190 1.15 1
100000 4 41179 2.86163971955931 191 1.15 1
100000 4 37507 2.86159877523572 192 1.15 1
100000 4 41083 2.86434463794684 193 1.15 1
100000 4 36713 2.85494047449111 194 1.15 1
100000 4 35952 2.85604124123552 195 1.15 1
100000 4 37185 2.86282761483517 196 1.15 1
100000 4 36999 2.87620800736309 197 1.15 1
100000 4 34848 2.86012555951206 198 1.15 1
100000 4 36568 2.85290425653315 199 1.15 1
100000 4 34720 2.86336043981216 200 1.15 1
100000 4 36685 2.86397548436985 201 1.15 1
100000 4 42747 2.86258176249159 202 1.15 1
100000 4 35518 2.8511960767542 203 1.15 1
100000 4 35078 2.86033008209147 204 1.15 1
100000 4 40607 2.86057554780022 205 1.15 1
100000 4 40440 2.85213125508036 206 1.15 1
100000 4 41746 2.86397548436985 207 1.15 1
100000 4 36131 2.85865385989737 208 1.15 1
100000 4 41297 2.84936815261216 209 1.15 1
100000 4 40631 2.86258176249159 210 1.15 1
100000 4 42783 2.85722449212835 211 1.15 1
100000 4 42303 2.8459217940691 212 1.15 1
100000 4 42740 2.86496010543053 213 1.15 1
100000 4 41422 2.86676700351179 214 1.15 1
100000 4 37681 2.85050525205593 215 1.15 1
100000 4 35349 2.8599619625059 216 1.15 1
100000 4 40837 2.85465522901472 217 1.15 1
100000 4 42864 2.8698933834608 218 1.15 1
100000 4 39792 2.87117057624393 219 1.15 1
100000 4 37764 2.86274565936189 220 1.15 1
100000 4 35436 2.863729434843 221 1.15 1
100000 4 38633 2.85934864037972 222 1.15 1
100000 4 36032 2.86931695909789 223 1.15 1
100000 4 40120 2.85506274000371 224 1.15 1
100000 4 35087 2.8534741047225 225 1.15 1
100000 4 41047 2.85620438998615 226 1.15 1
100000 4 36249 2.86184445875367 227 1.15 1
100000 4 40579 2.86754795973963 228 1.15 1
100000 4 41957 2.86155783208379 229 1.15 1
100000 4 40533 2.86254079120627 230 1.15 1
100000 4 39446 2.85445151714098 231 1.15 1
100000 4 41063 2.87286151371073 232 1.15 1
100000 4 41617 2.85542959938323 233 1.15 1
100000 4 33635 2.85755107872553 234 1.15 1
100000 4 40747 2.85522577697831 235 1.15 1
100000 4 34834 2.8685350391555 236 1.15 1
100000 4 34153 2.86340143456412 237 1.15 1
100000 4 34486 2.86352442586335 238 1.15 1
100000 4 34802 2.85771440002286 239 1.15 1
100000 4 39869 2.85816362986781 240 1.15 1
100000 4 40609 2.8515212866064 241 1.15 1
100000 4 41273 2.85722449212835 242 1.15 1
100000 4 40585 2.88109712178398 243 1.15 1
100000 4 40733 2.85992106617857 244 1.15 1
100000 4 35523 2.86061646284774 245 1.15 1
100000 4 36816 2.85751025131803 246 1.15 1
100000 4 33767 2.87265519519692 247 1.15 1
100000 4 38985 2.85453299840146 248 1.15 1
100000 4 40067 2.85951216722427 249 1.15 1
100000 4 40209 2.86221306314042 250 1.15 1
100000 4 34048 2.85318915217484 251 1.15 1
100000 4 33800 2.85384055592814 252 1.15 1
100000 4 39534 2.86213114284897 253 1.15 1
100000 4 39684 2.86033008209147 254 1.15 1
100000 4 40080 2.85506274000371 255 1.15 1
100000 4 40490 2.86098475095128 256 1.15 1
100000 4 36133 2.86418055794237 257 1.15 1
100000 4 34957 2.85955305185799 258 1.15 1
100000 4 35002 2.86151689010344 259 1.15 1
100000 4 39450 2.85469597487868 260 1.15 1
100000 4 33845 2.86874076624066 261 1.15 1
100000 4 39888 2.86352442586335 262 1.15 1
100000 4 37752 2.86508323066785 263 1.15 1
100000 4 38117 2.85951216722427 264 1.15 1
100000 4 33410 2.86368843069874 265 1.15 1
100000 4 39610 2.85314844931382 266 1.15 1
100000 4 39380 2.86619183421946 267 1.15 1
100000 4 41343 2.86565795506648 268 1.15 1
100000 4 40305 2.86192636263469 269 1.15 1
100000 4 41007 2.86672591233552 270 1.15 1
100000 4 39339 2.86795916026156 271 1.15 1
100000 4 40512 2.85502198366927 272 1.15 1
100000 4 40303 2.8611893964321 273 1.15 1
100000 4 37111 2.86701357530928 274 1.15 1
100000 4 35775 2.8618035085711 275 1.15 1
100000 4 38283 2.8513586724074 276 1.15 1
100000 4 40072 2.85779606767261 277 1.15 1
100000 4 39180 2.85620438998615 278 1.15 1
100000 4 38961 2.87207766097995 279 1.15 1
100000 4 39899 2.86574007737498 280 1.15 1
100000 4 34916 2.865288462916 281 1.15 1
100000 4 33197 2.86360642593282 282 1.15 1
100000 4 31706 2.86151689010344 283 1.15 1
100000 4 36971 2.84815083806838 284 1.15 1
100000 4 32656 2.85922600751976 285 1.15 1
100000 4 37339 2.85746942507715 286 1.15 1
100000 4 38363 2.8672601895259 287 1.15 1
100000 4 38584 2.85857214321446 288 1.15 1
100000 4 38114 2.86155783208379 289 1.15 1
100000 4 38871 2.86356542531105 290 1.15 1
100000 4 39168 2.8735632183908 291 1.15 1
100000 4 39433 2.85253804572619 292 1.15 1
100000 4 31987 2.85918513223731 293 1.15 1
100000 4 34703 2.86541161637869 294 1.15 1
100000 4 32659 2.86000286000286 295 1.15 1
100000 4 37531 2.86028917523562 296 1.15 1
100000 4 36519 2.85734695335381 297 1.15 1
100000 4 38783 2.85591889190347 298 1.15 1
100000 4 38921 2.86270468338486 299 1.15 1
100000 4 37976 2.85257873117298 300 1.15 1
100000 4 38169 2.86985220261157 301 1.15 1
100000 4 33930 2.87063484089506 302 1.15 1
100000 4 33561 2.85290425653315 303 1.15 1
100000 4 37528 2.85959393766085 304 1.15 1
100000 4 39497 2.85771440002286 305 1.15 1
100000 4 38680 2.85624518008626 306 1.15 1
100000 4 36919 2.87595985160047 307 1.15 1
100000 4 38213 2.86368843069874 308 1.15 1
100000 4 37051 2.86004375866951 309 1.15 1
100000 4 38470 2.85070840103766 310 1.15 1
100000 4 38877 2.85787773999028 311 1.15 1
100000 4 39010 2.86459079320519 312 1.15 1
100000 4 38736 2.85107414218307 313 1.15 1
100000 4 33159 2.85335197523291 314 1.15 1
100000 4 34696 2.86684918939839 315 1.15 1
100000 4 38261 2.86385245432155 316 1.15 1
100000 4 38429 2.85522577697831 317 1.15 1
100000 4 32926 2.86282761483517 318 1.15 1
100000 4 33843 2.86931695909789 319 1.15 1
100000 4 38382 2.85869471999085 320 1.15 1
100000 4 38250 2.86985220261157 321 1.15 1
100000 4 38259 2.8620082712039 322 1.15 1
100000 4 39300 2.85143997718848 323 1.15 1
100000 4 34773 2.86008465850589 324 1.15 1
100000 4 33428 2.86894652283681 325 1.15 1
100000 4 37580 2.8513586724074 326 1.15 1
100000 4 38920 2.86405751027481 327 1.15 1
100000 4 38808 2.87067604420841 328 1.15 1
100000 4 38673 2.86037099011742 329 1.15 1
100000 4 38763 2.85547036735626 330 1.15 1
100000 4 38437 2.86434463794684 331 1.15 1
100000 4 39164 2.86422157618113 332 1.15 1
100000 4 36479 2.85453299840146 333 1.15 1
100000 4 38593 2.86524741411421 334 1.15 1
100000 4 34365 2.85693879008642 335 1.15 1
100000 4 31211 2.86147594929465 336 1.15 1
100000 4 38218 2.85404418060392 337 1.15 1
100000 4 36892 2.84827252271497 338 1.15 1
100000 4 31605 2.87575308783988 339 1.15 1
100000 4 36086 2.86123032904149 340 1.15 1
100000 4 34761 2.86849389727923 341 1.15 1
100000 4 37563 2.8666437335168 342 1.15 1
100000 4 37321 2.8604118993135 343 1.15 1
100000 4 35154 2.86721908421022 344 1.15 1
100000 4 37174 2.862458852154 345 1.15 1
100000 4 35657 2.86606861368261 346 1.15 1
100000 4 36990 2.85066776892487 347 1.15 1
100000 4 31638 2.87216015165006 348 1.15 1
100000 4 36132 2.86574007737498 349 1.15 1
100000 4 35684 2.86647939001319 350 1.15 1
100000 4 33895 2.86192636263469 351 1.15 1
100000 4 35378 2.85938952033741 352 1.15 1
100000 4 36176 2.85534806692936 353 1.15 1
100000 4 37710 2.86311449594869 354 1.15 1
100000 4 37273 2.85571499964304 355 1.15 1
100000 4 38162 2.85579655305356 356 1.15 1
100000 4 37392 2.86303252404947 357 1.15 1
100000 4 32170 2.86057554780022 358 1.15 1
100000 4 35736 2.858041098631 359 1.15 1
100000 4 37131 2.86463182319492 360 1.15 1
100000 4 37298 2.86524741411421 361 1.15 1
100000 4 37452 2.85355553019062 362 1.15 1
100000 4 37508 2.85107414218307 363 1.15 1
100000 4 37470 2.85751025131803 364 1.15 1
100000 4 38366 2.87117057624393 365 1.15 1
100000 4 36744 2.8518465706545 366 1.15 1
100000 4 37940 2.85640835213802 367 1.15 1
100000 4 37638 2.86972866715452 368 1.15 1
100000 4 37219 2.85787773999028 369 1.15 1
100000 4 35094 2.86479595490811 370 1.15 1
100000 4 37301 2.8655347804284 371 1.15 1
100000 4 35525 2.86680809586606 372 1.15 1
100000 4 35355 2.85534806692936 373 1.15 1
100000 4 37022 2.86964631609154 374 1.15 1
100000 4 36768 2.8520905823969 375 1.15 1
100000 4 37018 2.8522126039275 376 1.15 1
100000 4 37981 2.85885817204608 377 1.15 1
100000 4 37751 2.84584080366544 378 1.15 1
100000 4 37383 2.85168391935438 379 1.15 1
100000 4 37641 2.85139932421836 380 1.15 1
100000 4 37141 2.86434463794684 381 1.15 1
100000 4 31082 2.86434463794684 382 1.15 1
100000 4 32216 2.86225402504472 383 1.15 1
100000 4 35086 2.85026151149368 384 1.15 1
100000 4 30588 2.85400345334418 385 1.15 1
100000 4 32529 2.86730129602019 386 1.15 1
100000 4 36750 2.864426684999 387 1.15 1
100000 4 31228 2.862458852154 388 1.15 1
100000 4 36590 2.85661234342194 389 1.15 1
100000 4 32586 2.86865847186563 390 1.15 1
100000 4 36448 2.86886421665663 391 1.15 1
100000 4 29797 2.86475492021658 392 1.15 1
100000 4 34151 2.86606861368261 393 1.15 1
100000 4 29923 2.85416636935767 394 1.15 1
100000 4 34629 2.85742860000286 395 1.15 1
100000 4 34484 2.85563345089024 396 1.15 1
100000 4 34304 2.86196731633325 397 1.15 1
100000 4 32145 2.8681236734928 398 1.15 1
100000 4 34490 2.85783690324793 399 1.15 1
100000 4 35253 2.85327056138098 400 1.15 1
100000 4 36569 2.8700581186769 401 1.15 1
100000 4 35715 2.85408490902604 402 1.15 1
100000 4 32141 2.85808194120925 403 1.15 1
100000 4 31384 2.86652047412249 404 1.15 1
100000 4 29909 2.86192636263469 405 1.15 1
100000 4 34408 2.85083030432614 406 1.15 1
100000 4 35484 2.86102567770546 407 1.15 1
100000 4 33645 2.85571499964304 408 1.15 1
100000 4 35568 2.86188541010818 409 1.15 1
100000 4 34448 2.85379983447961 410 1.15 1
100000 4 30191 2.84839421775974 411 1.15 1
100000 4 34516 2.86450873675165 412 1.15 1
100000 4 34800 2.84940874768486 413 1.15 1
100000 4 32534 2.85910338517841 414 1.15 1
100000 4 30804 2.85836787194512 415 1.15 1
100000 4 31051 2.85869471999085 416 1.15 1
100000 4 31049 2.86065737906571 417 1.15 1
100000 4 30022 2.85693879008642 418 1.15 1
100000 4 35079 2.86045280967977 419 1.15 1
100000 4 34516 2.85922600751976 420 1.15 1
100000 4 30300 2.86841161706705 421 1.15 1
100000 4 35503 2.84900284900285 422 1.15 1
100000 4 34584 2.86319647254195 423 1.15 1
100000 4 31117 2.86188541010818 424 1.15 1
100000 4 35080 2.86541161637869 425 1.15 1
100000 4 33324 2.869234631662 426 1.15 1
100000 4 34275 2.85636755737728 427 1.15 1
100000 4 34903 2.86258176249159 428 1.15 1
100000 4 36175 2.86078013474274 429 1.15 1
100000 4 35620 2.85751025131803 430 1.15 1
100000 4 36567 2.87063484089506 431 1.15 1
100000 4 35816 2.85706122682209 432 1.15 1
100000 4 35578 2.86627398713043 433 1.15 1
100000 4 36068 2.86898767769792 434 1.15 1
100000 4 35721 2.86348342758966 435 1.15 1
100000 4 35785 2.86348342758966 436 1.15 1
100000 4 29846 2.86073921501316 437 1.15 1
100000 4 35845 2.85800025722002 438 1.15 1
100000 4 34789 2.86143500965734 439 1.15 1
100000 4 35408 2.86102567770546 440 1.15 1
100000 4 31580 2.85808194120925 441 1.15 1
100000 4 35742 2.85575577576606 442 1.15 1
100000 4 29395 2.86418055794237 443 1.15 1
100000 4 35641 2.87154158710104 444 1.15 1
100000 4 35242 2.86274565936189 445 1.15 1
100000 4 35497 2.86151689010344 446 1.15 1
100000 4 36153 2.85538883257428 447 1.15 1
100000 4 35405 2.85963482463289 448 1.15 1
100000 4 34324 2.85465522901472 449 1.15 1
100000 4 34139 2.84928696593677 450 1.15 1
100000 4 19548 2.85481821944988 451 1.15 1
100000 4 20452 2.85416636935767 452 1.15 1
100000 4 20964 2.86262273494976 453 1.15 1
100000 4 21635 2.85783690324793 454 1.15 1
100000 4 25750 2.87141790616206 455 1.15 1
100000 4 25045 2.85034275371613 456 1.15 1
100000 4 25788 2.85620438998615 457 1.15 1
100000 4 25202 2.86290957500107 458 1.15 1
100000 4 25181 2.85910338517841 459 1.15 1
100000 4 25212 2.86053463392308 460 1.15 1
100000 4 20982 2.86993456549191 461 1.15 1
100000 4 20997 2.87063484089506 462 1.15 1
100000 4 25298 2.85653074341213 463 1.15 1
100000 4 25692 2.86266370858083 464 1.15 1
100000 4 25834 2.86290957500107 465 1.15 1
100000 4 26067 2.8673835125448 466 1.15 1
100000 4 21737 2.8518465706545 467 1.15 1
100000 4 21312 2.86049372121628 468 1.15 1
100000 4 25944 2.85575577576606 469 1.15 1
100000 4 26076 2.85257873117298 470 1.15 1
100000 4 25507 2.85392200231168 471 1.15 1
100000 4 25480 2.85062713797035 472 1.15 1
100000 4 21231 2.85367767710637 473 1.15 1
100000 4 154314 2.8673835125448 474 1.15 1
100000 4 217460 2.85706122682209 475 1.15 1
100000 4 224161 2.85812278495484 476 1.15 1
100000 4 184232 2.8620082712039 477 1.15 1
100000 4 222663 2.85775523326427 478 1.15 1
100000 4 188968 2.85955305185799 479 1.15 1
100000 4 182582 2.85542959938323 480 1.15 1
100000 4 225910 2.86816480474968 481 1.15 1
100000 4 219592 2.86672591233552 482 1.15 1
100000 4 225544 2.84778584650434 483 1.15 1
100000 4 185546 2.85600045696007 484 1.15 1
100000 4 210395 2.8599619625059 485 1.15 1
100000 4 224146 2.86008465850589 486 1.15 1
100000 4 216289 2.85685717142571 487 1.15 1
100000 4 224689 2.85751025131803 488 1.15 1
100000 4 179500 2.85371839506877 489 1.15 1
100000 4 224283 2.8587764436821 490 1.15 1
100000 4 184467 2.85869471999085 491 1.15 1
100000 4 218430 2.85384055592814 492 1.15 1
100000 4 223845 2.86344243048993 493 1.15 1
100000 4 225772 2.86004375866951 494 1.15 1
100000 4 186505 2.86172161172161 495 1.15 1
100000 4 193409 2.86151689010344 496 1.15 1
100000 4 219906 2.86204922724671 497 1.15 1
100000 4 66623 2.86418055794237 498 1.15 1
100000 4 53944 2.85322985619722 499 1.15 1
100000 4 51641 2.86065737906571 500 1.15 1
100000 4 48711 2.86631506535198 501 1.15 1
100000 4 50301 2.86878191519881 502 1.15 1
100000 4 44567 2.84815083806838 503 1.15 1
100000 4 51145 2.85616360105107 504 1.15 1
100000 4 50598 2.85416636935767 505 1.15 1
100000 4 50484 2.86004375866951 506 1.15 1
100000 4 48081 2.86623291008627 507 1.15 1
100000 4 42823 2.85030213202599 508 1.15 1
100000 4 46284 2.85759190729972 509 1.15 1
100000 4 39641 2.86952279835863 510 1.15 1
100000 4 40403 2.86964631609154 511 1.15 1
100000 4 48064 2.84948994130051 512 1.15 1
100000 4 48763 2.85669394809387 513 1.15 1
100000 4 47656 2.8611893964321 514 1.15 1
100000 4 48948 2.86037099011742 515 1.15 1
100000 4 47108 2.85424783433946 516 1.15 1
100000 4 45428 2.86221306314042 517 1.15 1
100000 4 47221 2.86569901563239 518 1.15 1
100000 4 47622 2.86213114284897 519 1.15 1
100000 4 48583 2.85947128375963 520 1.15 1
100000 4 48720 2.85865385989737 521 1.15 1
100000 4 47423 2.86000286000286 522 1.15 1
100000 4 47638 2.85669394809387 523 1.15 1
100000 4 47828 2.85229395741525 524 1.15 1
100000 4 46000 2.85608202667581 525 1.15 1
100000 4 46225 2.86016646168807 526 1.15 1
100000 4 48008 2.85979838421391 527 1.15 1
100000 4 47571 2.85612281328097 528 1.15 1
100000 4 46283 2.8620082712039 529 1.15 1
100000 4 41145 2.85763273704064 530 1.15 1
100000 4 46097 2.8618035085711 531 1.15 1
100000 4 48326 2.85975749256463 532 1.15 1
100000 4 49297 2.86713687711451 533 1.15 1
100000 4 41527 2.85131802175556 534 1.15 1
100000 4 43672 2.85914425812354 535 1.15 1
100000 4 40030 2.85192790326261 536 1.15 1
100000 4 46188 2.86701357530928 537 1.15 1
100000 4 41594 2.85951216722427 538 1.15 1
100000 4 43518 2.85853128662493 539 1.15 1
100000 4 46040 2.86647939001319 540 1.15 1
100000 4 45322 2.85934864037972 541 1.15 1
100000 4 47126 2.85767356794833 542 1.15 1
100000 4 46273 2.85726531137049 543 1.15 1
100000 4 41859 2.86331944623402 544 1.15 1
100000 4 43138 2.85967571277417 545 1.15 1
100000 4 46170 2.85534806692936 546 1.15 1
100000 4 42433 2.86299153986 547 1.15 1
100000 4 42798 2.86168066505459 548 1.15 1
100000 4 40090 2.85327056138098 549 1.15 1
100000 4 45710 2.8658632696634 550 1.15 1
100000 4 44832 2.86315548365854 551 1.15 1
100000 4 45398 2.85975749256463 552 1.15 1
100000 4 43815 2.85738777609509 553 1.15 1
100000 4 39252 2.8534741047225 554 1.15 1
100000 4 40329 2.85922600751976 555 1.15 1
100000 4 40173 2.85710204139941 556 1.15 1
100000 4 44013 2.85893990508319 557 1.15 1
100000 4 44658 2.8673835125448 558 1.15 1
100000 4 44606 2.86045280967977 559 1.15 1
100000 4 38504 2.86459079320519 560 1.15 1
100000 4 39033 2.86705467473265 561 1.15 1
100000 4 38183 2.86000286000286 562 1.15 1
100000 4 44524 2.85253804572619 563 1.15 1
100000 4 43772 2.8602482695498 564 1.15 1
100000 4 44578 2.86176255956043 565 1.15 1
100000 4 45334 2.86434463794684 566 1.15 1
100000 4 42262 2.86389346316317 567 1.15 1
100000 4 36788 2.85738777609509 568 1.15 1
100000 4 45635 2.85824532319609 569 1.15 1
100000 4 43615 2.85534806692936 570 1.15 1
100000 4 44279 2.86405751027481 571 1.15 1
100000 4 45809 2.86545266988553 572 1.15 1
100000 4 45223 2.8730678618629 573 1.15 1
100000 4 39523 2.85771440002286 574 1.15 1
100000 4 43827 2.87042884206901 575 1.15 1
100000 4 45292 2.85934864037972 576 1.15 1
100000 4 44385 2.85926688397095 577 1.15 1
100000 4 45243 2.85612281328097 578 1.15 1
100000 4 36760 2.86508323066785 579 1.15 1
100000 4 42621 2.86139407119148 580 1.15 1
100000 4 39063 2.84774529766058 581 1.15 1
100000 4 43875 2.86172161172161 582 1.15 1
100000 4 37028 2.85591889190347 583 1.15 1
100000 4 40425 2.85918513223731 584 1.15 1
100000 4 38891 2.85453299840146 585 1.15 1
100000 4 43983 2.85469597487868 586 1.15 1
100000 4 43951 2.85775523326427 587 1.15 1
100000 4 46267 2.85046462573399 588 1.15 1
100000 4 43986 2.85009904094167 589 1.15 1
100000 4 43564 2.86159877523572 590 1.15 1
100000 4 43258 2.86057554780022 591 1.15 1
100000 4 44633 2.86237691779254 592 1.15 1
100000 4 44084 2.8684527565831 593 1.15 1
100000 4 44957 2.86163971955931 594 1.15 1
100000 4 38095 2.85934864037972 595 1.15 1
100000 4 44030 2.86184445875367 596 1.15 1
100000 4 43518 2.86483699077522 597 1.15 1
100000 4 43475 2.862458852154 598 1.15 1
100000 4 38847 2.85889903798047 599 1.15 1
100000 4 43119 2.85604124123552 600 1.15 1
100000 4 41807 2.86754795973963 601 1.15 1
100000 4 42895 2.85416636935767 602 1.15 1
100000 4 40696 2.85693879008642 603 1.15 1
100000 4 41344 2.8655347804284 604 1.15 1
100000 4 43467 2.85681636384413 605 1.15 1
100000 4 42287 2.86065737906571 606 1.15 1
100000 4 37122 2.85734695335381 607 1.15 1
100000 4 44086 2.85453299840146 608 1.15 1
100000 4 42498 2.8705936387645 609 1.15 1
100000 4 40757 2.85257873117298 610 1.15 1
100000 4 41974 2.85375911419317 611 1.15 1
100000 4 38014 2.86857618221196 612 1.15 1
100000 4 37354 2.85294495242714 613 1.15 1
100000 4 43073 2.86610968601768 614 1.15 1
100000 4 40713 2.86319647254195 615 1.15 1
100000 4 41420 2.86213114284897 616 1.15 1
100000 4 38788 2.86381144665435 617 1.15 1
100000 4 41966 2.85926688397095 618 1.15 1
100000 4 35429 2.86176255956043 619 1.15 1
100000 4 37610 2.86746573378448 620 1.15 1
100000 4 43081 2.85469597487868 621 1.15 1
100000 4 40342 2.86163971955931 622 1.15 1
100000 4 37683 2.85869471999085 623 1.15 1
100000 4 42875 2.851236723929 624 1.15 1
100000 4 38355 2.85343339373101 625 1.15 1
100000 4 43584 2.85575577576606 626 1.15 1
100000 4 42990 2.86331944623402 627 1.15 1
100000 4 41877 2.85689798017313 628 1.15 1
100000 4 42761 2.86434463794684 629 1.15 1
100000 4 41520 2.84717773507011 630 1.15 1
100000 4 37389 2.86709577533437 631 1.15 1
100000 4 42950 2.87063484089506 632 1.15 1
100000 4 42330 2.85164325942825 633 1.15 1
100000 4 36119 2.87298531904502 634 1.15 1
100000 4 43657 2.86450873675165 635 1.15 1
100000 4 41061 2.86960514233242 636 1.15 1
100000 4 42594 2.84729933657925 637 1.15 1
100000 4 41488 2.85616360105107 638 1.15 1
100000 4 42093 2.85457374077616 639 1.15 1
100000 4 39334 2.85534806692936 640 1.15 1
100000 4 43202 2.86229498812148 641 1.15 1
100000 4 35616 2.85579655305356 642 1.15 1
100000 4 41025 2.86327845382963 643 1.15 1
100000 4 36226 2.86213114284897 644 1.15 1
100000 4 42807 2.85306704707561 645 1.15 1
100000 4 35677 2.85241599634891 646 1.15 1
100000 4 37367 2.86944045911047 647 1.15 1
100000 4 37222 2.85943040146403 648 1.15 1
100000 4 39637 2.85416636935767 649 1.15 1
100000 4 35277 2.85379983447961 650 1.15 1
100000 4 40997 2.85689798017313 651 1.15 1
100000 4 39427 2.85428856857428 652 1.15 1
100000 4 41385 2.85992106617857 653 1.15 1
100000 4 39402 2.85457374077616 654 1.15 1
100000 4 39234 2.85204991087344 655 1.15 1
100000 4 41524 2.85820447594821 656 1.15 1
100000 4 40252 2.8684527565831 657 1.15 1
100000 4 34775 2.85526653913143 658 1.15 1
100000 4 35634 2.86557583746454 659 1.15 1
100000 4 35297 2.86303252404947 660 1.15 1
100000 4 35498 2.86159877523572 661 1.15 1
100000 4 41075 2.85816362986781 662 1.15 1
100000 4 41023 2.85388127853881 663 1.15 1
100000 4 35126 2.86512427476542 664 1.15 1
100000 4 39933 2.86800028680003 665 1.15 1
100000 4 34498 2.86172161172161 666 1.15 1
100000 4 40723 2.86053463392308 667 1.15 1
100000 4 39695 2.85840872386343 668 1.15 1
100000 4 41673 2.85681636384413 669 1.15 1
100000 4 40879 2.86147594929465 670 1.15 1
100000 4 41381 2.87150035893754 671 1.15 1
100000 4 34022 2.85930776159092 672 1.15 1
100000 4 35852 2.85392200231168 673 1.15 1
100000 4 35203 2.86254079120627 674 1.15 1
100000 4 42025 2.85278217581697 675 1.15 1
100000 4 39085 2.86418055794237 676 1.15 1
100000 4 36631 2.85710204139941 677 1.15 1
100000 4 40712 2.86114846499385 678 1.15 1
100000 4 41222 2.86393447317925 679 1.15 1
100000 4 41623 2.86504218774621 680 1.15 1
100000 4 36282 2.87298531904502 681 1.15 1
100000 4 33974 2.85938952033741 682 1.15 1
100000 4 40760 2.863729434843 683 1.15 1
100000 4 40020 2.86155783208379 684 1.15 1
100000 4 36156 2.87678720405052 685 1.15 1
100000 4 40736 2.85514425616354 686 1.15 1
100000 4 38777 2.8714591319579 687 1.15 1
100000 4 36115 2.86352442586335 688 1.15 1
100000 4 39800 2.85718367405249 689 1.15 1
100000 4 40120 2.85906251340186 690 1.15 1
100000 4 38706 2.86721908421022 691 1.15 1
100000 4 42739 2.85131802175556 692 1.15 1
100000 4 35719 2.85404418060392 693 1.15 1
100000 4 35586 2.869234631662 694 1.15 1
100000 4 35933 2.85253804572619 695 1.15 1
100000 4 36076 2.86643830708154 696 1.15 1
100000 4 41220 2.85237531554402 697 1.15 1
100000 4 35854 2.85914425812354 698 1.15 1
100000 4 40723 2.86049372121628 699 1.15 1
100000 4 31812 2.88213508567147 700 1.15 1
100000 4 32607 2.8613121977739 701 1.15 1
100000 4 35323 2.85693879008642 702 1.15 1
100000 4 32506 2.85873558125241 703 1.15 1
100000 4 32953 2.86262273494976 704 1.15 1
100000 4 39667 2.86582220439044 705 1.15 1
100000 4 37730 2.86217210240852 706 1.15 1
100000 4 33596 2.864426684999 707 1.15 1
100000 4 38579 2.86578114029432 708 1.15 1
100000 4 38584 2.84815083806838 709 1.15 1
100000 4 39558 2.8495711395435 710 1.15 1
100000 4 38791 2.85038337656415 711 1.15 1
100000 4 37413 2.8611893964321 712 1.15 1
100000 4 39638 2.85620438998615 713 1.15 1
100000 4 33792 2.85620438998615 714 1.15 1
100000 4 33196 2.86282761483517 715 1.15 1
100000 4 40185 2.84823196001082 716 1.15 1
100000 4 32970 2.85538883257428 717 1.15 1
100000 4 38371 2.85738777609509 718 1.15 1
100000 4 37473 2.86754795973963 719 1.15 1
100000 4 37758 2.85857214321446 720 1.15 1
100000 4 37956 2.84863763904912 721 1.15 1
100000 4 39331 2.86459079320519 722 1.15 1
100000 4 37352 2.86241788438694 723 1.15 1
100000 4 32447 2.85751025131803 724 1.15 1
100000 4 35797 2.85559267826037 725 1.15 1
100000 4 39211 2.86078013474274 726 1.15 1
100000 4 39095 2.86233595237073 727 1.15 1
100000 4 38168 2.86500114600046 728 1.15 1
100000 4 37702 2.85648994515539 729 1.15 1
100000 4 37736 2.85042400057008 730 1.15 1
100000 4 38841 2.865288462916 731 1.15 1
100000 4 32838 2.86098475095128 732 1.15 1
100000 4 38458 2.8618035085711 733 1.15 1
100000 4 33460 2.85873558125241 734 1.15 1
100000 4 37132 2.86401649673502 735 1.15 1
100000 4 37580 2.86800028680003 736 1.15 1
100000 4 38825 2.86393447317925 737 1.15 1
100000 4 37752 2.85783690324793 738 1.15 1
100000 4 37649 2.85522577697831 739 1.15 1
100000 4 38278 2.85693879008642 740 1.15 1
100000 4 39670 2.8544107782551 741 1.15 1
100000 4 33931 2.86282761483517 742 1.15 1
100000 4 34106 2.86524741411421 743 1.15 1
100000 4 38670 2.84953053984356 744 1.15 1
100000 4 38805 2.85812278495484 745 1.15 1
100000 4 40047 2.85722449212835 746 1.15 1
100000 4 37283 2.86882306533745 747 1.15 1
100000 4 38026 2.84827252271497 748 1.15 1
100000 4 39097 2.85669394809387 749 1.15 1
100000 4 33825 2.85054587953593 750 1.15 1
100000 4 33003 2.8672601895259 751 1.15 1
100000 4 33669 2.85294495242714 752 1.15 1
100000 4 36185 2.85013965684319 753 1.15 1
100000 4 37121 2.85718367405249 754 1.15 1
100000 4 31352 2.86471388670057 755 1.15 1
100000 4 36146 2.84981476204047 756 1.15 1
100000 4 37507 2.8582861716115 757 1.15 1
100000 4 32952 2.8602482695498 758 1.15 1
100000 4 31584 2.85693879008642 759 1.15 1
100000 4 37307 2.86008465850589 760 1.15 1
100000 4 36680 2.8544107782551 761 1.15 1
100000 4 37838 2.85714285714286 762 1.15 1
100000 4 36328 2.86713687711451 763 1.15 1
100000 4 30672 2.86418055794237 764 1.15 1
100000 4 32627 2.8685350391555 765 1.15 1
100000 4 34877 2.851236723929 766 1.15 1
100000 4 36583 2.85229395741525 767 1.15 1
100000 4 37320 2.85604124123552 768 1.15 1
100000 4 35754 2.85176524268522 769 1.15 1
100000 4 37903 2.86008465850589 770 1.15 1
100000 4 37304 2.86303252404947 771 1.15 1
100000 4 38159 2.85538883257428 772 1.15 1
100000 4 36768 2.86606861368261 773 1.15 1
100000 4 35723 2.86504218774621 774 1.15 1
100000 4 31608 2.85172458044002 775 1.15 1
100000 4 37039 2.86106660563058 776 1.15 1
100000 4 33865 2.85697960116565 777 1.15 1
100000 4 30796 2.86012555951206 778 1.15 1
100000 4 34145 2.85318915217484 779 1.15 1
100000 4 37857 2.85730613177896 780 1.15 1
100000 4 37286 2.85363696030591 781 1.15 1
100000 4 35960 2.85759190729972 782 1.15 1
100000 4 37579 2.85861300097193 783 1.15 1
100000 4 33442 2.85853128662493 784 1.15 1
100000 4 36549 2.84948994130051 785 1.15 1
100000 4 37755 2.86730129602019 786 1.15 1
100000 4 33623 2.85693879008642 787 1.15 1
100000 4 37121 2.85861300097193 788 1.15 1
100000 4 37537 2.86385245432155 789 1.15 1
100000 4 32832 2.86869961846295 790 1.15 1
100000 4 33513 2.85489972164728 791 1.15 1
100000 4 32788 2.86151689010344 792 1.15 1
100000 4 37424 2.86176255956043 793 1.15 1
100000 4 37005 2.85363696030591 794 1.15 1
100000 4 29894 2.86114846499385 795 1.15 1
100000 4 32479 2.87108814240597 796 1.15 1
100000 4 34013 2.86086197771389 797 1.15 1
100000 4 36829 2.86894652283681 798 1.15 1
100000 4 37186 2.85567422468445 799 1.15 1
100000 4 37234 2.84644834407868 800 1.15 1
100000 4 36483 2.85930776159092 801 1.15 1
100000 4 37350 2.85722449212835 802 1.15 1
100000 4 37250 2.858041098631 803 1.15 1
100000 4 37144 2.86779466590192 804 1.15 1
100000 4 37110 2.86073921501316 805 1.15 1
100000 4 37486 2.86319647254195 806 1.15 1
100000 4 30364 2.86742462257523 807 1.15 1
100000 4 36946 2.86475492021658 808 1.15 1
100000 4 37314 2.85947128375963 809 1.15 1
100000 4 35672 2.87170651159451 810 1.15 1
100000 4 35578 2.8558373315056 811 1.15 1
100000 4 35058 2.85734695335381 812 1.15 1
100000 4 37144 2.85885817204608 813 1.15 1
100000 4 36290 2.86303252404947 814 1.15 1
100000 4 31294 2.85951216722427 815 1.15 1
100000 4 31952 2.86730129602019 816 1.15 1
100000 4 36239 2.86196731633325 817 1.15 1
100000 4 30572 2.8587764436821 818 1.15 1
100000 4 31244 2.85355553019062 819 1.15 1
100000 4 35980 2.85384055592814 820 1.15 1
100000 4 33004 2.86775354526032 821 1.15 1
100000 4 32202 2.87542232765437 822 1.15 1
100000 4 36313 2.8544107782551 823 1.15 1
100000 4 34208 2.85428856857428 824 1.15 1
100000 4 34745 2.85881730727998 825 1.15 1
100000 4 34518 2.86086197771389 826 1.15 1
100000 4 36030 2.85853128662493 827 1.15 1
100000 4 35344 2.85384055592814 828 1.15 1
100000 4 35610 2.85771440002286 829 1.15 1
100000 4 34527 2.85213125508036 830 1.15 1
100000 4 36553 2.86254079120627 831 1.15 1
100000 4 35226 2.86701357530928 832 1.15 1
100000 4 34435 2.8543293039718 833 1.15 1
100000 4 35937 2.85400345334418 834 1.15 1
100000 4 30363 2.8534741047225 835 1.15 1
100000 4 34831 2.85058650817406 836 1.15 1
100000 4 34261 2.863729434843 837 1.15 1
100000 4 36814 2.86483699077522 838 1.15 1
100000 4 35815 2.86241788438694 839 1.15 1
100000 4 29568 2.85371839506877 840 1.15 1
100000 4 30927 2.86763019041064 841 1.15 1
100000 4 36176 2.86078013474274 842 1.15 1
100000 4 36086 2.86057554780022 843 1.15 1
100000 4 34533 2.85551113649343 844 1.15 1
100000 4 35302 2.87088207851862 845 1.15 1
100000 4 29181 2.85009904094167 846 1.15 1
100000 4 35307 2.85669394809387 847 1.15 1
100000 4 30205 2.85404418060392 848 1.15 1
100000 4 31735 2.86578114029432 849 1.15 1
100000 4 35192 2.85775523326427 850 1.15 1
100000 4 34664 2.85343339373101 851 1.15 1
100000 4 36949 2.84434331223779 852 1.15 1
100000 4 35132 2.85563345089024 853 1.15 1
100000 4 34863 2.8636474277287 854 1.15 1
100000 4 36819 2.84648885599613 855 1.15 1
100000 4 36023 2.85510349750178 856 1.15 1
100000 4 34486 2.86045280967977 857 1.15 1
100000 4 31946 2.86602754252468 858 1.15 1
100000 4 36471 2.85225328009127 859 1.15 1
100000 4 34243 2.85559267826037 860 1.15 1
100000 4 35743 2.85673475217826 861 1.15 1
100000 4 36163 2.85555190679479 862 1.15 1
100000 4 35137 2.85249736143994 863 1.15 1
100000 4 30000 2.86861732644865 864 1.15 1
100000 4 31782 2.86615075952995 865 1.15 1
100000 4 35010 2.86094382536799 866 1.15 1
100000 4 35284 2.85379983447961 867 1.15 1
100000 4 33505 2.86783578772279 868 1.15 1
100000 4 26176 2.8672601895259 869 1.15 1
100000 4 24784 2.86020736503396 870 1.15 1
100000 4 25049 2.84892168314293 871 1.15 1
100000 4 25500 2.85351481687569 872 1.15 1
100000 4 26352 2.86615075952995 873 1.15 1
100000 4 25187 2.85375911419317 874 1.15 1
100000 4 25987 2.85893990508319 875 1.15 1
100000 4 62184 2.85840872386343 876 1.15 1
100000 4 218273 2.86274565936189 877 1.15 1
100000 4 223607 2.85131802175556 878 1.15 1
100000 4 224392 2.85335197523291 879 1.15 1
100000 4 224282 2.85115543073831 880 1.15 1
100000 4 187251 2.86061646284774 881 1.15 1
100000 4 217557 2.84296862784119 882 1.15 1
100000 4 192178 2.87162404697977 883 1.15 1
100000 4 227447 2.87129423587682 884 1.15 1
100000 4 187193 2.85196857130634 885 1.15 1
100000 4 192618 2.85751025131803 886 1.15 1
100000 4 223749 2.86656155940949 887 1.15 1
100000 4 214192 2.86680809586606 888 1.15 1
100000 4 219590 2.85514425616354 889 1.15 1
100000 4 224573 2.86356542531105 890 1.15 1
100000 4 211174 2.86758907448563 891 1.15 1
100000 4 225039 2.84794805342751 892 1.15 1
100000 4 220523 2.86221306314042 893 1.15 1
100000 4 224583 2.85934864037972 894 1.15 1
100000 4 182345 2.86004375866951 895 1.15 1
100000 4 220212 2.86931695909789 896 1.15 1
100000 4 223971 2.86676700351179 897 1.15 1
100000 4 218857 2.85595967384941 898 1.15 1
100000 4 224575 2.85889903798047 899 1.15 1
100000 4 51370 2.84884052190758 900 1.15 1
100000 4 45153 2.85616360105107 901 1.15 1
100000 4 52297 2.86123032904149 902 1.15 1
100000 4 51803 2.86348342758966 903 1.15 1
100000 4 51659 2.86668482233721 904 1.15 1
100000 4 50274 2.84985536983998 905 1.15 1
100000 4 46643 2.85335197523291 906 1.15 1
100000 4 50880 2.85865385989737 907 1.15 1
100000 4 52278 2.85437004053205 908 1.15 1
100000 4 45332 2.85302634769832 909 1.15 1
100000 4 52041 2.85873558125241 910 1.15 1
100000 4 44599 2.86837047873103 911 1.15 1
100000 4 43467 2.86820593718629 912 1.15 1
100000 4 47287 2.86397548436985 913 1.15 1
100000 4 52934 2.86106660563058 914 1.15 1
100000 4 46507 2.85902164279384 915 1.15 1
100000 4 46456 2.85306704707561 916 1.15 1
100000 4 48072 2.85808194120925 917 1.15 1
100000 4 47915 2.86147594929465 918 1.15 1
100000 4 46620 2.86254079120627 919 1.15 1
100000 4 47787 2.85865385989737 920 1.15 1
100000 4 48702 2.86069829645416 921 1.15 1
100000 4 45388 2.85363696030591 922 1.15 1
100000 4 42745 2.85217192892388 923 1.15 1
100000 4 48101 2.85616360105107 924 1.15 1
100000 4 43715 2.85408490902604 925 1.15 1
100000 4 46685 2.85428856857428 926 1.15 1
100000 4 49364 2.84754257076143 927 1.15 1
100000 4 46622 2.86262273494976 928 1.15 1
100000 4 41258 2.863729434843 929 1.15 1
100000 4 47442 2.85327056138098 930 1.15 1
100000 4 39908 2.85820447594821 931 1.15 1
100000 4 47923 2.86295055684388 932 1.15 1
100000 4 40552 2.86098475095128 933 1.15 1
100000 4 43176 2.85873558125241 934 1.15 1
100000 4 47534 2.85339268390116 935 1.15 1
100000 4 48623 2.8636474277287 936 1.15 1
100000 4 41898 2.86857618221196 937 1.15 1
100000 4 47853 2.85026151149368 938 1.15 1
100000 4 46241 2.85261941778038 939 1.15 1
100000 4 49945 2.87364579441938 940 1.15 1
100000 4 46465 2.86229498812148 941 1.15 1
100000 4 45860 2.85632676378178 942 1.15 1
100000 4 46210 2.862458852154 943 1.15 1
100000 4 39498 2.85534806692936 944 1.15 1
100000 4 40714 2.84961174040037 945 1.15 1
100000 4 48819 2.85420710126727 946 1.15 1
100000 4 47035 2.85734695335381 947 1.15 1
100000 4 45872 2.86045280967977 948 1.15 1
100000 4 47251 2.84766420343713 949 1.15 1
100000 4 46729 2.86496010543053 950 1.15 1
100000 4 47618 2.86479595490811 951 1.15 1
100000 4 48267 2.85783690324793 952 1.15 1
100000 4 47004 2.84721826775241 953 1.15 1
100000 4 45619 2.85853128662493 954 1.15 1
100000 4 49036 2.85938952033741 955 1.15 1
100000 4 47426 2.85408490902604 956 1.15 1
100000 4 46291 2.86569901563239 957 1.15 1
100000 4 41914 2.85510349750178 958 1.15 1
100000 4 39901 2.85294495242714 959 1.15 1
100000 4 40007 2.85363696030591 960 1.15 1
100000 4 43441 2.8558373315056 961 1.15 1
100000 4 39240 2.86286859433152 962 1.15 1
100000 4 39857 2.84904343366715 963 1.15 1
100000 4 44787 2.86327845382963 964 1.15 1
100000 4 45919 2.85628597135145 965 1.15 1
100000 4 43463 2.86262273494976 966 1.15 1
100000 4 44654 2.85775523326427 967 1.15 1
100000 4 44282 2.86483699077522 968 1.15 1
100000 4 43020 2.865288462916 969 1.15 1
100000 4 40158 2.86471388670057 970 1.15 1
100000 4 43142 2.84896226549479 971 1.15 1
100000 4 45586 2.86352442586335 972 1.15 1
100000 4 44333 2.86804141451803 973 1.15 1
100000 4 45785 2.85188723637867 974 1.15 1
100000 4 42572 2.87178898094568 975 1.15 1
100000 4 43659 2.86377044016152 976 1.15 1
100000 4 40003 2.85616360105107 977 1.15 1
100000 4 43993 2.85677555742833 978 1.15 1
100000 4 45382 2.85530730244843 979 1.15 1
100000 4 42355 2.85771440002286 980 1.15 1
100000 4 43162 2.86467285436003 981 1.15 1
100000 4 44353 2.86000286000286 982 1.15 1
100000 4 43925 2.8508709410725 983 1.15 1
100000 4 43356 2.85600045696007 984 1.15 1
100000 4 43858 2.85947128375963 985 1.15 1
100000 4 43419 2.84908401948773 986 1.15 1
100000 4 44587 2.86086197771389 987 1.15 1
100000 4 43662 2.86713687711451 988 1.15 1
100000 4 43140 2.86446771028774 989 1.15 1
100000 4 43673 2.86795916026156 990 1.15 1
100000 4 41564 2.85714285714286 991 1.15 1
100000 4 40120 2.85416636935767 992 1.15 1
100000 4 43732 2.85318915217484 993 1.15 1
100000 4 38777 2.85416636935767 994 1.15 1
100000 4 39183 2.86159877523572 995 1.15 1
100000 4 43948 2.86381144665435 996 1.15 1
100000 4 45961 2.85575577576606 997 1.15 1
100000 4 43374 2.85318915217484 998 1.15 1
100000 4 40237 2.85600045696007 999 1.15 1
100000 4 44090 2.86184445875367 1000 1.15 1
