100000 4 17647 2.94243133100881 1 1.1 1
100000 4 22832 2.92924410855779 2 1.1 1
100000 4 24472 2.92984486471441 3 1.1 1
100000 4 25945 2.9341001114958 4 1.1 1
100000 4 25428 2.92838631272237 5 1.1 1
100000 4 25113 2.93203541898786 6 1.1 1
100000 4 25959 2.92128595007522 7 1.1 1
100000 4 25659 2.93078940812708 8 1.1 1
100000 4 19811 2.92821481383874 9 1.1 1
100000 4 25270 2.9275290191314 10 1.1 1
100000 4 20989 2.93819506677048 11 1.1 1
100000 4 22271 2.94022522125195 12 1.1 1
100000 4 20216 2.92406210707915 13 1.1 1
100000 4 25402 2.94468410901221 14 1.1 1
100000 4 25834 2.92804333504136 15 1.1 1
100000 4 25504 2.9235064536405 16 1.1 1
100000 4 25976 2.9325943195648 17 1.1 1
100000 4 20002 2.93543510486842 18 1.1 1
100000 4 25006 2.9419552234415 19 1.1 1
100000 4 25384 2.93302438809779 20 1.1 1
100000 4 25780 2.92907250918996 21 1.1 1
100000 4 24737 2.92295101134105 22 1.1 1
100000 4 25407 2.93194945319143 23 1.1 1
100000 4 25984 2.93655571380328 24 1.1 1
100000 4 20568 2.9397066172796 25 1.1 1
100000 4 25536 2.93461673905388 26 1.1 1
100000 4 26061 2.93681443737977 27 1.1 1
100000 4 25247 2.93237933259046 28 1.1 1
100000 4 26407 2.92658657574738 29 1.1 1
100000 4 25801 2.93931778434225 30 1.1 1
100000 4 25727 2.92491737108427 31 1.1 1
100000 4 24904 2.92864359871725 32 1.1 1
100000 4 24938 2.92928701154139 33 1.1 1
100000 4 25528 2.93513354857646 34 1.1 1
100000 4 24878 2.93435840253529 35 1.1 1
100000 4 20552 2.92380562540202 36 1.1 1
100000 4 25798 2.94173886184123 37 1.1 1
100000 4 25212 2.93504740101553 38 1.1 1
100000 4 25393 2.92722908494819 39 1.1 1
100000 4 24959 2.92496014741799 40 1.1 1
100000 4 25152 2.93612460912841 41 1.1 1
100000 4 24459 2.92834343611819 42 1.1 1
100000 4 25424 2.93418620345647 43 1.1 1
100000 4 25376 2.92107261786528 44 1.1 1
100000 4 25069 2.92500292500293 45 1.1 1
100000 4 26083 2.93556436224864 46 1.1 1
100000 4 25452 2.93040293040293 47 1.1 1
100000 4 25592 2.93263732074254 48 1.1 1
100000 4 152896 2.92530240313592 49 1.1 1
100000 4 221815 2.93207840377652 50 1.1 1
100000 4 220696 2.93603840338232 51 1.1 1
100000 4 217970 2.92804333504136 52 1.1 1
100000 4 220042 2.94529121566895 53 1.1 1
100000 4 192970 2.93884268375114 54 1.1 1
100000 4 188072 2.93733202132503 55 1.1 1
100000 4 220252 2.93293836430027 56 1.1 1
100000 4 223889 2.93190647218354 57 1.1 1
100000 4 225571 2.92534519073251 58 1.1 1
100000 4 223426 2.9292012068309 59 1.1 1
100000 4 186096 2.9341001114958 60 1.1 1
100000 4 224477 2.93940418277215 61 1.1 1
100000 4 222059 2.93478898867171 62 1.1 1
100000 4 180477 2.9248745960017 63 1.1 1
100000 4 186582 2.94065753102394 64 1.1 1
100000 4 218647 2.93418620345647 65 1.1 1
100000 4 217368 2.93500432913139 66 1.1 1
100000 4 188341 2.93521970119463 67 1.1 1
100000 4 220112 2.93832456733171 68 1.1 1
100000 4 220139 2.91549439496203 69 1.1 1
100000 4 218209 2.94559486288256 70 1.1 1
100000 4 223807 2.93802241711104 71 1.1 1
100000 4 178842 2.93431535087076 72 1.1 1
100000 4 51365 2.92342098723927 73 1.1 1
100000 4 49631 2.92988778529782 74 1.1 1
100000 4 51603 2.9247890495898 75 1.1 1
100000 4 50101 2.93173456075287 76 1.1 1
100000 4 43857 2.93552127519044 77 1.1 1
100000 4 48207 2.92641528759346 78 1.1 1
100000 4 50041 2.92851495006882 79 1.1 1
100000 4 49916 2.92872937076249 80 1.1 1
100000 4 51237 2.9364694827409 81 1.1 1
100000 4 40557 2.92787187632669 82 1.1 1
100000 4 46597 2.92585873954005 83 1.1 1
100000 4 45518 2.92453244037609 84 1.1 1
100000 4 46935 2.93694381626479 85 1.1 1
100000 4 39941 2.93905861952417 86 1.1 1
100000 4 44942 2.93263732074254 87 1.1 1
100000 4 40147 2.92937282127896 88 1.1 1
100000 4 44857 2.93500432913139 89 1.1 1
100000 4 45175 2.9275290191314 90 1.1 1
100000 4 46291 2.92470350818186 91 1.1 1
100000 4 40377 2.93435840253529 92 1.1 1
100000 4 43858 2.942128335638 93 1.1 1
100000 4 40108 2.92795760317391 94 1.1 1
100000 4 47187 2.9382813992096 95 1.1 1
100000 4 47243 2.92731477415767 96 1.1 1
100000 4 47546 2.93255131964809 97 1.1 1
100000 4 47119 2.9341001114958 98 1.1 1
100000 4 47525 2.94022522125195 99 1.1 1
100000 4 45544 2.9268863782708 100 1.1 1
100000 4 43063 2.9436439368294 101 1.1 1
100000 4 46066 2.94602875324063 102 1.1 1
100000 4 40622 2.93053174498513 103 1.1 1
100000 4 40813 2.93336853375574 104 1.1 1
100000 4 44571 2.92954445583712 105 1.1 1
100000 4 42004 2.92885803825089 106 1.1 1
100000 4 47552 2.93091825668982 107 1.1 1
100000 4 40079 2.94720089594907 108 1.1 1
100000 4 38989 2.9391881962202 109 1.1 1
100000 4 40650 2.92975902732 110 1.1 1
100000 4 41371 2.93547818939705 111 1.1 1
100000 4 43774 2.93298137556827 112 1.1 1
100000 4 45976 2.92624401948879 113 1.1 1
100000 4 40910 2.93784978774035 114 1.1 1
100000 4 48002 2.92748616762786 115 1.1 1
100000 4 46234 2.93048880553276 116 1.1 1
100000 4 40287 2.93547818939705 117 1.1 1
100000 4 39378 2.92744331737877 118 1.1 1
100000 4 47753 2.93983625112081 119 1.1 1
100000 4 39161 2.9314337642541 120 1.1 1
100000 4 43951 2.92877225866917 121 1.1 1
100000 4 39657 2.92722908494819 122 1.1 1
100000 4 41287 2.94169559334 123 1.1 1
100000 4 45396 2.92333552583498 124 1.1 1
100000 4 41729 2.93841090738129 125 1.1 1
100000 4 44665 2.93504740101553 126 1.1 1
100000 4 38595 2.92984486471441 127 1.1 1
100000 4 43810 2.93001655459353 128 1.1 1
100000 4 42427 2.92056074766355 129 1.1 1
100000 4 44259 2.93715947307359 130 1.1 1
100000 4 38437 2.93797925786644 131 1.1 1
100000 4 42236 2.93134783373395 132 1.1 1
100000 4 38958 2.92830056076956 133 1.1 1
100000 4 42478 2.93741830305345 134 1.1 1
100000 4 43018 2.93672819112227 135 1.1 1
100000 4 42008 2.93931778434225 136 1.1 1
100000 4 42846 2.93091825668982 137 1.1 1
100000 4 42984 2.93388490369523 138 1.1 1
100000 4 36584 2.93315343325609 139 1.1 1
100000 4 43026 2.94165232611158 140 1.1 1
100000 4 42531 2.92885803825089 141 1.1 1
100000 4 45293 2.92778615449928 142 1.1 1
100000 4 38366 2.93841090738129 143 1.1 1
100000 4 42149 2.93590910425413 144 1.1 1
100000 4 43219 2.92941572803304 145 1.1 1
100000 4 43963 2.92778615449928 146 1.1 1
100000 4 43671 2.92367740143553 147 1.1 1
100000 4 43308 2.92680071413937 148 1.1 1
100000 4 44003 2.94031167303734 149 1.1 1
100000 4 38119 2.9341001114958 150 1.1 1
100000 4 42236 2.94420727219196 151 1.1 1
100000 4 43235 2.92448967655144 152 1.1 1
100000 4 44385 2.93875631832608 153 1.1 1
100000 4 39047 2.94785248946143 154 1.1 1
100000 4 43437 2.93884268375114 155 1.1 1
100000 4 35590 2.93190647218354 156 1.1 1
100000 4 40770 2.93177753672051 157 1.1 1
100000 4 38240 2.94013877455016 158 1.1 1
100000 4 41851 2.9296731949551 159 1.1 1
100000 4 36669 2.93349760919945 160 1.1 1
100000 4 42525 2.93010240707913 161 1.1 1
100000 4 35839 2.92295101134105 162 1.1 1
100000 4 41219 2.93392794272973 163 1.1 1
100000 4 36700 2.93233633897808 164 1.1 1
100000 4 41485 2.92971611050889 165 1.1 1
100000 4 37535 2.9397498272897 166 1.1 1
100000 4 44930 2.93897224140718 167 1.1 1
100000 4 42752 2.93001655459353 168 1.1 1
100000 4 36488 2.92581593691941 169 1.1 1
100000 4 44129 2.93225035553536 170 1.1 1
100000 4 43428 2.93280933806493 171 1.1 1
100000 4 43451 2.93983625112081 172 1.1 1
100000 4 44806 2.93121894739928 173 1.1 1
100000 4 43731 2.92740046838408 174 1.1 1
100000 4 44565 2.91349823733357 175 1.1 1
100000 4 43597 2.94031167303734 176 1.1 1
100000 4 41489 2.93780663356738 177 1.1 1
100000 4 42264 2.93268032318137 178 1.1 1
100000 4 43053 2.93164861259729 179 1.1 1
100000 4 43307 2.93186349243579 180 1.1 1
100000 4 42898 2.93255131964809 181 1.1 1
100000 4 42204 2.92868648411188 182 1.1 1
100000 4 41669 2.9330674018889 183 1.1 1
100000 4 42658 2.93526277940033 184 1.1 1
100000 4 42933 2.93233633897808 185 1.1 1
100000 4 42640 2.93491818915548 186 1.1 1
100000 4 42365 2.93207840377652 187 1.1 1
100000 4 43059 2.93388490369523 188 1.1 1
100000 4 43062 2.92997363023733 189 1.1 1
100000 4 41626 2.93879950040408 190 1.1 1
100000 4 43496 2.935822911162 191 1.1 1
100000 4 43006 2.9271434007552 192 1.1 1
100000 4 40987 2.92496014741799 193 1.1 1
100000 4 38406 2.94018199726563 194 1.1 1
100000 4 40401 2.93151969981238 195 1.1 1
100000 4 40276 2.93212138982554 196 1.1 1
100000 4 43195 2.9314337642541 197 1.1 1
100000 4 42196 2.9322933466264 198 1.1 1
100000 4 36189 2.92808620285781 199 1.1 1
100000 4 41084 2.92997363023733 200 1.1 1
100000 4 34648 2.92744331737877 201 1.1 1
100000 4 40438 2.93010240707913 202 1.1 1
100000 4 34990 2.93841090738129 203 1.1 1
100000 4 36640 2.9391881962202 204 1.1 1
100000 4 42998 2.92975902732 205 1.1 1
100000 4 37210 2.93465979956274 206 1.1 1
100000 4 39676 2.91222552274448 207 1.1 1
100000 4 35383 2.9271434007552 208 1.1 1
100000 4 41319 2.93625392723963 209 1.1 1
100000 4 41025 2.93612460912841 210 1.1 1
100000 4 38191 2.93078940812708 211 1.1 1
100000 4 40549 2.93139079836428 212 1.1 1
100000 4 40432 2.9415225320626 213 1.1 1
100000 4 42883 2.9322073657049 214 1.1 1
100000 4 43381 2.92641528759346 215 1.1 1
100000 4 43215 2.9332394696703 216 1.1 1
100000 4 42872 2.93685756240822 217 1.1 1
100000 4 44044 2.93496125851139 218 1.1 1
100000 4 41937 2.9391881962202 219 1.1 1
100000 4 41732 2.92453244037609 220 1.1 1
100000 4 35701 2.93414315684462 221 1.1 1
100000 4 36994 2.93539202160449 222 1.1 1
100000 4 35405 2.92367740143553 223 1.1 1
100000 4 41804 2.93358366580615 224 1.1 1
100000 4 40485 2.93819506677048 225 1.1 1
100000 4 40527 2.92735762064373 226 1.1 1
100000 4 39436 2.93504740101553 227 1.1 1
100000 4 35440 2.92705772157827 228 1.1 1
100000 4 34121 2.94325406169061 229 1.1 1
100000 4 35577 2.94377391816308 230 1.1 1
100000 4 34278 2.93182051394814 231 1.1 1
100000 4 34696 2.93500432913139 232 1.1 1
100000 4 32831 2.92009169087909 233 1.1 1
100000 4 39956 2.93121894739928 234 1.1 1
100000 4 33769 2.93345458278942 235 1.1 1
100000 4 38950 2.93010240707913 236 1.1 1
100000 4 33622 2.9330674018889 237 1.1 1
100000 4 39312 2.92710056053976 238 1.1 1
100000 4 39661 2.92701488387068 239 1.1 1
100000 4 34188 2.92120061345213 240 1.1 1
100000 4 40054 2.93802241711104 241 1.1 1
100000 4 38885 2.91787636957822 242 1.1 1
100000 4 41018 2.92675788395405 243 1.1 1
100000 4 39757 2.93638325674267 244 1.1 1
100000 4 41584 2.9394905862814 245 1.1 1
100000 4 40291 2.92192613370734 246 1.1 1
100000 4 34642 2.92855783169578 247 1.1 1
100000 4 39289 2.94070076899325 248 1.1 1
100000 4 40201 2.93418620345647 249 1.1 1
100000 4 40441 2.93500432913139 250 1.1 1
100000 4 40337 2.93349760919945 251 1.1 1
100000 4 37129 2.93685756240822 252 1.1 1
100000 4 38777 2.93164861259729 253 1.1 1
100000 4 33863 2.93655571380328 254 1.1 1
100000 4 38982 2.94972198870256 255 1.1 1
100000 4 39139 2.93173456075287 256 1.1 1
100000 4 36299 2.95390432303898 257 1.1 1
100000 4 39352 2.93642636910879 258 1.1 1
100000 4 35571 2.92911540714704 259 1.1 1
100000 4 40836 2.9495914815798 260 1.1 1
100000 4 39780 2.92941572803304 261 1.1 1
100000 4 41182 2.95346810992808 262 1.1 1
100000 4 40984 2.93302438809779 263 1.1 1
100000 4 36007 2.92800046848008 264 1.1 1
100000 4 39007 2.93117598780631 265 1.1 1
100000 4 34244 2.93392794272973 266 1.1 1
100000 4 34730 2.93866995797702 267 1.1 1
100000 4 40506 2.92491737108427 268 1.1 1
100000 4 34413 2.93315343325609 269 1.1 1
100000 4 35291 2.93543510486842 270 1.1 1
100000 4 39096 2.92474627826036 271 1.1 1
100000 4 35855 2.93332551113197 272 1.1 1
100000 4 35720 2.94685349717839 273 1.1 1
100000 4 39800 2.93431535087076 274 1.1 1
100000 4 36032 2.93147673140344 275 1.1 1
100000 4 40274 2.92675788395405 276 1.1 1
100000 4 32626 2.92744331737877 277 1.1 1
100000 4 40153 2.94468410901221 278 1.1 1
100000 4 37664 2.93401402458704 279 1.1 1
100000 4 38527 2.93659883123367 280 1.1 1
100000 4 34503 2.92757187188945 281 1.1 1
100000 4 33766 2.92941572803304 282 1.1 1
100000 4 37893 2.9366850698931 283 1.1 1
100000 4 39780 2.94048459186074 284 1.1 1
100000 4 37808 2.93992268003351 285 1.1 1
100000 4 38484 2.93435840253529 286 1.1 1
100000 4 39317 2.92260930558803 287 1.1 1
100000 4 39813 2.93336853375574 288 1.1 1
100000 4 36678 2.92560194259969 289 1.1 1
100000 4 34437 2.94022522125195 290 1.1 1
100000 4 37912 2.93199243545952 291 1.1 1
100000 4 38674 2.93793609988983 292 1.1 1
100000 4 38604 2.93746144581852 293 1.1 1
100000 4 33822 2.93358366580615 294 1.1 1
100000 4 37189 2.92448967655144 295 1.1 1
100000 4 37547 2.92902961248938 296 1.1 1
100000 4 39376 2.93715947307359 297 1.1 1
100000 4 39282 2.92894382285748 298 1.1 1
100000 4 38969 2.93414315684462 299 1.1 1
100000 4 34319 2.92517404785585 300 1.1 1
100000 4 33356 2.93087530591011 301 1.1 1
100000 4 31381 2.92397660818713 302 1.1 1
100000 4 38656 2.92971611050889 303 1.1 1
100000 4 30498 2.93698694509303 304 1.1 1
100000 4 32551 2.92158466752366 305 1.1 1
100000 4 39222 2.9244041526539 306 1.1 1
100000 4 38797 2.92107261786528 307 1.1 1
100000 4 39074 2.94472746547307 308 1.1 1
100000 4 39440 2.93336853375574 309 1.1 1
100000 4 38526 2.93586600707544 310 1.1 1
100000 4 39129 2.92598715491639 311 1.1 1
100000 4 39706 2.93776348066217 312 1.1 1
100000 4 39832 2.9348751210636 313 1.1 1
100000 4 37756 2.92735762064373 314 1.1 1
100000 4 38531 2.92684354557827 315 1.1 1
100000 4 38393 2.94269109100272 316 1.1 1
100000 4 37370 2.92740046838408 317 1.1 1
100000 4 37964 2.930188264596 318 1.1 1
100000 4 37639 2.93659883123367 319 1.1 1
100000 4 38131 2.93031706030593 320 1.1 1
100000 4 34528 2.93491818915548 321 1.1 1
100000 4 37301 2.92997363023733 322 1.1 1
100000 4 33179 2.92590154341306 323 1.1 1
100000 4 33161 2.9262012055949 324 1.1 1
100000 4 38876 2.9322933466264 325 1.1 1
100000 4 39507 2.93401402458704 326 1.1 1
100000 4 39456 2.92800046848008 327 1.1 1
100000 4 39481 2.92598715491639 328 1.1 1
100000 4 39396 2.92658657574738 329 1.1 1
100000 4 39180 2.92611558156547 330 1.1 1
100000 4 37064 2.93862677970584 331 1.1 1
100000 4 37636 2.930188264596 332 1.1 1
100000 4 36498 2.9237628828302 333 1.1 1
100000 4 32176 2.9243613925809 334 1.1 1
100000 4 31297 2.9275290191314 335 1.1 1
100000 4 36299 2.93268032318137 336 1.1 1
100000 4 36741 2.92718624222466 337 1.1 1
100000 4 37915 2.93268032318137 338 1.1 1
100000 4 33338 2.93199243545952 339 1.1 1
100000 4 31740 2.9266722273439 340 1.1 1
100000 4 36653 2.9394905862814 341 1.1 1
100000 4 34465 2.93453062182704 342 1.1 1
100000 4 37200 2.92427587618616 343 1.1 1
100000 4 36283 2.94967848504513 344 1.1 1
100000 4 38257 2.94351396697377 345 1.1 1
100000 4 37540 2.94083049053053 346 1.1 1
100000 4 37255 2.94156579547293 347 1.1 1
100000 4 37107 2.92950154531206 348 1.1 1
100000 4 37233 2.94251791257779 349 1.1 1
100000 4 37862 2.92286557741209 350 1.1 1
100000 4 38288 2.93465979956274 351 1.1 1
100000 4 32760 2.93431535087076 352 1.1 1
100000 4 37082 2.93521970119463 353 1.1 1
100000 4 36266 2.92290829375228 354 1.1 1
100000 4 37587 2.92628683463553 355 1.1 1
100000 4 38297 2.92496014741799 356 1.1 1
100000 4 32403 2.93586600707544 357 1.1 1
100000 4 36305 2.93841090738129 358 1.1 1
100000 4 33433 2.92470350818186 359 1.1 1
100000 4 36610 2.92602996254682 360 1.1 1
100000 4 36006 2.93268032318137 361 1.1 1
100000 4 36372 2.92757187188945 362 1.1 1
100000 4 37498 2.93057468569586 363 1.1 1
100000 4 32535 2.93311041694165 364 1.1 1
100000 4 35675 2.92928701154139 365 1.1 1
100000 4 35985 2.92320734309685 366 1.1 1
100000 4 37057 2.93379882941427 367 1.1 1
100000 4 32519 2.93250832099236 368 1.1 1
100000 4 36302 2.93470286133529 369 1.1 1
100000 4 30986 2.93793609988983 370 1.1 1
100000 4 36206 2.93793609988983 371 1.1 1
100000 4 30337 2.93513354857646 372 1.1 1
100000 4 37339 2.93509047416387 373 1.1 1
100000 4 36012 2.92312189418299 374 1.1 1
100000 4 31434 2.93216437713498 375 1.1 1
100000 4 37522 2.92710056053976 376 1.1 1
100000 4 29299 2.92461797177744 377 1.1 1
100000 4 34588 2.93285234554866 378 1.1 1
100000 4 37821 2.91864283108355 379 1.1 1
100000 4 38272 2.92196882259266 380 1.1 1
100000 4 33598 2.93435840253529 381 1.1 1
100000 4 38040 2.93629703580814 382 1.1 1
100000 4 30799 2.9356505401597 383 1.1 1
100000 4 32713 2.9445973999205 384 1.1 1
100000 4 37162 2.93931778434225 385 1.1 1
100000 4 37395 2.93225035553536 386 1.1 1
100000 4 38037 2.93849725250507 387 1.1 1
100000 4 36923 2.93371276018365 388 1.1 1
100000 4 35953 2.92817194225645 389 1.1 1
100000 4 36102 2.9241476109714 390 1.1 1
100000 4 36314 2.93083235638921 391 1.1 1
100000 4 31454 2.93940418277215 392 1.1 1
100000 4 35084 2.94360061226893 393 1.1 1
100000 4 34404 2.92842919058217 394 1.1 1
100000 4 35574 2.92993070713878 395 1.1 1
100000 4 34520 2.92868648411188 396 1.1 1
100000 4 29548 2.94160906015591 397 1.1 1
100000 4 32202 2.9341001114958 398 1.1 1
100000 4 33865 2.92984486471441 399 1.1 1
100000 4 31530 2.93629703580814 400 1.1 1
100000 4 34372 2.93836773672225 401 1.1 1
100000 4 30024 2.93603840338232 402 1.1 1
100000 4 34514 2.92573033543498 403 1.1 1
100000 4 34460 2.93690068870321 404 1.1 1
100000 4 31006 2.93130487036304 405 1.1 1
100000 4 34946 2.93910181048672 406 1.1 1
100000 4 31026 2.92222498210137 407 1.1 1
100000 4 34745 2.94074400823408 408 1.1 1
100000 4 35380 2.93638325674267 409 1.1 1
100000 4 36313 2.92997363023733 410 1.1 1
100000 4 34434 2.92808620285781 411 1.1 1
100000 4 32163 2.93659883123367 412 1.1 1
100000 4 34003 2.93634014564247 413 1.1 1
100000 4 36070 2.92273743588245 414 1.1 1
100000 4 31663 2.93552127519044 415 1.1 1
100000 4 35304 2.93526277940033 416 1.1 1
100000 4 34688 2.93384186592343 417 1.1 1
100000 4 36145 2.94022522125195 418 1.1 1
100000 4 34814 2.93250832099236 419 1.1 1
100000 4 30338 2.9324223274636 420 1.1 1
100000 4 34528 2.94113321862914 421 1.1 1
100000 4 35912 2.92898671704524 422 1.1 1
100000 4 35380 2.93793609988983 423 1.1 1
100000 4 30425 2.93121894739928 424 1.1 1
100000 4 35023 2.93776348066217 425 1.1 1
100000 4 35956 2.93603840338232 426 1.1 1
100000 4 36024 2.93156266948097 427 1.1 1
100000 4 35247 2.91872801832961 428 1.1 1
100000 4 34731 2.93311041694165 429 1.1 1
100000 4 35916 2.94065753102394 430 1.1 1
100000 4 32426 2.9348320542357 431 1.1 1
100000 4 32312 2.93379882941427 432 1.1 1
100000 4 35581 2.93659883123367 433 1.1 1
100000 4 35051 2.94368726266521 434 1.1 1
100000 4 35837 2.93746144581852 435 1.1 1
100000 4 34419 2.93496125851139 436 1.1 1
100000 4 35649 2.93169158604515 437 1.1 1
100000 4 31730 2.93465979956274 438 1.1 1
100000 4 30241 2.93014533520863 439 1.1 1
100000 4 31529 2.92171270798942 440 1.1 1
100000 4 35106 2.92945863604406 441 1.1 1
100000 4 35402 2.92950154531206 442 1.1 1
100000 4 30855 2.9442939583088 443 1.1 1
100000 4 35830 2.92710056053976 444 1.1 1
100000 4 34800 2.93923139099126 445 1.1 1
100000 4 32131 2.92534519073251 446 1.1 1
100000 4 28654 2.93422925133141 447 1.1 1
100000 4 21161 2.93659883123367 448 1.1 1
100000 4 23555 2.9410034703841 449 1.1 1
100000 4 26156 2.9348751210636 450 1.1 1
100000 4 25411 2.93513354857646 451 1.1 1
100000 4 20520 2.94416393104768 452 1.1 1
100000 4 25972 2.92902961248938 453 1.1 1
100000 4 26047 2.93040293040293 454 1.1 1
100000 4 26231 2.92817194225645 455 1.1 1
100000 4 26398 2.9302311952413 456 1.1 1
100000 4 25822 2.93276633184251 457 1.1 1
100000 4 24956 2.9220968967331 458 1.1 1
100000 4 25381 2.92158466752366 459 1.1 1
100000 4 25168 2.94368726266521 460 1.1 1
100000 4 22573 2.92650092916405 461 1.1 1
100000 4 25965 2.920134326179 462 1.1 1
100000 4 25211 2.93087530591011 463 1.1 1
100000 4 25974 2.92894382285748 464 1.1 1
100000 4 26271 2.92342098723927 465 1.1 1
100000 4 26290 2.93130487036304 466 1.1 1
100000 4 20236 2.9271434007552 467 1.1 1
100000 4 25446 2.92410485840022 468 1.1 1
100000 4 26107 2.93091825668982 469 1.1 1
100000 4 20795 2.93806557762369 470 1.1 1
100000 4 22070 2.93491818915548 471 1.1 1
100000 4 95727 2.92491737108427 472 1.1 1
100000 4 223664 2.93027412714459 473 1.1 1
100000 4 223968 2.92594434853849 474 1.1 1
100000 4 226287 2.93728888236158 475 1.1 1
100000 4 224943 2.91932446831803 476 1.1 1
100000 4 228363 2.92975902732 477 1.1 1
100000 4 187383 2.91286174101746 478 1.1 1
100000 4 223269 2.92466073935423 479 1.1 1
100000 4 183914 2.92611558156547 480 1.1 1
100000 4 204724 2.93875631832608 481 1.1 1
100000 4 186710 2.93414315684462 482 1.1 1
100000 4 208766 2.92598715491639 483 1.1 1
100000 4 189627 2.93504740101553 484 1.1 1
100000 4 210979 2.93772032902468 485 1.1 1
100000 4 225484 2.9310471165824 486 1.1 1
100000 4 223370 2.91881321054859 487 1.1 1
100000 4 229370 2.9356505401597 488 1.1 1
100000 4 226048 2.93212138982554 489 1.1 1
100000 4 225174 2.93457367980867 490 1.1 1
100000 4 225093 2.9314337642541 491 1.1 1
100000 4 219447 2.93216437713498 492 1.1 1
100000 4 218458 2.92821481383874 493 1.1 1
100000 4 223848 2.926929212217 494 1.1 1
100000 4 176780 2.92137129168432 495 1.1 1
100000 4 50085 2.93789294318115 496 1.1 1
100000 4 44492 2.93720260823592 497 1.1 1
100000 4 47333 2.92448967655144 498 1.1 1
100000 4 44375 2.92615839295381 499 1.1 1
100000 4 49329 2.93746144581852 500 1.1 1
100000 4 50382 2.93715947307359 501 1.1 1
100000 4 52493 2.93151969981238 502 1.1 1
100000 4 51820 2.93577981651376 503 1.1 1
100000 4 47372 2.92508848392664 504 1.1 1
100000 4 41413 2.92885803825089 505 1.1 1
100000 4 43532 2.94074400823408 506 1.1 1
100000 4 44491 2.93040293040293 507 1.1 1
100000 4 39359 2.93268032318137 508 1.1 1
100000 4 46750 2.93431535087076 509 1.1 1
100000 4 44633 2.93879950040408 510 1.1 1
100000 4 41960 2.93358366580615 511 1.1 1
100000 4 45783 2.93586600707544 512 1.1 1
100000 4 40104 2.93182051394814 513 1.1 1
100000 4 45571 2.93784978774035 514 1.1 1
100000 4 45455 2.92890092992605 515 1.1 1
100000 4 46933 2.94108996794212 516 1.1 1
100000 4 47650 2.9332394696703 517 1.1 1
100000 4 47656 2.93035999472535 518 1.1 1
100000 4 45275 2.92980194538849 519 1.1 1
100000 4 47457 2.93797925786644 520 1.1 1
100000 4 39823 2.92397660818713 521 1.1 1
100000 4 45356 2.9348320542357 522 1.1 1
100000 4 44920 2.92380562540202 523 1.1 1
100000 4 47869 2.92684354557827 524 1.1 1
100000 4 40707 2.92662940091896 525 1.1 1
100000 4 42809 2.93987946494194 526 1.1 1
100000 4 39635 2.93207840377652 527 1.1 1
100000 4 45539 2.92928701154139 528 1.1 1
100000 4 38957 2.93031706030593 529 1.1 1
100000 4 47414 2.93216437713498 530 1.1 1
100000 4 39621 2.93603840338232 531 1.1 1
100000 4 45697 2.9376340295526 532 1.1 1
100000 4 44646 2.92868648411188 533 1.1 1
100000 4 46819 2.92222498210137 534 1.1 1
100000 4 41460 2.92278014847723 535 1.1 1
100000 4 46663 2.92710056053976 536 1.1 1
100000 4 40260 2.93285234554866 537 1.1 1
100000 4 45152 2.93311041694165 538 1.1 1
100000 4 45662 2.92795760317391 539 1.1 1
100000 4 41224 2.92243848266994 540 1.1 1
100000 4 40276 2.93130487036304 541 1.1 1
100000 4 47762 2.94057105889964 542 1.1 1
100000 4 47474 2.93117598780631 543 1.1 1
100000 4 47947 2.92778615449928 544 1.1 1
100000 4 47823 2.93083235638921 545 1.1 1
100000 4 46744 2.92201151272536 546 1.1 1
100000 4 47516 2.94351396697377 547 1.1 1
100000 4 46515 2.94143600905962 548 1.1 1
100000 4 36873 2.92757187188945 549 1.1 1
100000 4 42624 2.91732306435615 550 1.1 1
100000 4 38819 2.92872937076249 551 1.1 1
100000 4 42037 2.93341155764154 552 1.1 1
100000 4 42666 2.93638325674267 553 1.1 1
100000 4 38884 2.9296731949551 554 1.1 1
100000 4 43272 2.93879950040408 555 1.1 1
100000 4 36520 2.93250832099236 556 1.1 1
100000 4 44708 2.93465979956274 557 1.1 1
100000 4 43876 2.93216437713498 558 1.1 1
100000 4 45200 2.9330674018889 559 1.1 1
100000 4 46023 2.92868648411188 560 1.1 1
100000 4 44541 2.92457520545141 561 1.1 1
100000 4 40405 2.93897224140718 562 1.1 1
100000 4 39543 2.93151969981238 563 1.1 1
100000 4 44090 2.93298137556827 564 1.1 1
100000 4 43171 2.9314337642541 565 1.1 1
100000 4 38212 2.92325006942719 566 1.1 1
100000 4 42533 2.93901542983101 567 1.1 1
100000 4 37820 2.93923139099126 568 1.1 1
100000 4 38749 2.92778615449928 569 1.1 1
100000 4 43754 2.93832456733171 570 1.1 1
100000 4 44705 2.93780663356738 571 1.1 1
100000 4 45425 2.93134783373395 572 1.1 1
100000 4 38808 2.93715947307359 573 1.1 1
100000 4 38204 2.93319645083229 574 1.1 1
100000 4 40633 2.92380562540202 575 1.1 1
100000 4 43212 2.93362669600293 576 1.1 1
100000 4 44402 2.94018199726563 577 1.1 1
100000 4 44945 2.93263732074254 578 1.1 1
100000 4 38571 2.9322933466264 579 1.1 1
100000 4 44003 2.93914500271871 580 1.1 1
100000 4 43791 2.92705772157827 581 1.1 1
100000 4 43005 2.92564473895935 582 1.1 1
100000 4 44560 2.93160564040925 583 1.1 1
100000 4 45350 2.93207840377652 584 1.1 1
100000 4 45772 2.92885803825089 585 1.1 1
100000 4 40029 2.92448967655144 586 1.1 1
100000 4 44639 2.92697204741695 587 1.1 1
100000 4 43282 2.92149931344766 588 1.1 1
100000 4 44706 2.93672819112227 589 1.1 1
100000 4 44176 2.93272332688134 590 1.1 1
100000 4 39634 2.93027412714459 591 1.1 1
100000 4 40083 2.94013877455016 592 1.1 1
100000 4 44088 2.92637246868781 593 1.1 1
100000 4 44742 2.93599530240752 594 1.1 1
100000 4 40341 2.93448756510894 595 1.1 1
100000 4 43355 2.92624401948879 596 1.1 1
100000 4 36669 2.92993070713878 597 1.1 1
100000 4 41268 2.93053174498513 598 1.1 1
100000 4 35939 2.92945863604406 599 1.1 1
100000 4 41676 2.93892905425263 600 1.1 1
100000 4 35846 2.92641528759346 601 1.1 1
100000 4 41488 2.92637246868781 602 1.1 1
100000 4 36458 2.93465979956274 603 1.1 1
100000 4 40417 2.9397498272897 604 1.1 1
100000 4 39227 2.94321074860565 605 1.1 1
100000 4 42456 2.93010240707913 606 1.1 1
100000 4 39542 2.9364694827409 607 1.1 1
100000 4 42066 2.93784978774035 608 1.1 1
100000 4 41000 2.93070351537887 609 1.1 1
100000 4 38157 2.91979327863587 610 1.1 1
100000 4 43153 2.9397498272897 611 1.1 1
100000 4 33932 2.93664194993025 612 1.1 1
100000 4 41543 2.93207840377652 613 1.1 1
100000 4 35943 2.91953754525283 614 1.1 1
100000 4 37510 2.93470286133529 615 1.1 1
100000 4 42139 2.93246532359755 616 1.1 1
100000 4 38642 2.93612460912841 617 1.1 1
100000 4 41158 2.9302311952413 618 1.1 1
100000 4 34053 2.92825768667643 619 1.1 1
100000 4 41943 2.92521683169765 620 1.1 1
100000 4 40824 2.93311041694165 621 1.1 1
100000 4 38424 2.92932991578176 622 1.1 1
100000 4 37079 2.92950154531206 623 1.1 1
100000 4 42028 2.92534519073251 624 1.1 1
100000 4 37043 2.93509047416387 625 1.1 1
100000 4 37378 2.93521970119463 626 1.1 1
100000 4 42125 2.92701488387068 627 1.1 1
100000 4 33279 2.93345458278942 628 1.1 1
100000 4 43000 2.9397498272897 629 1.1 1
100000 4 35851 2.92740046838408 630 1.1 1
100000 4 42063 2.9376340295526 631 1.1 1
100000 4 41391 2.92915830636067 632 1.1 1
100000 4 42035 2.91600449064692 633 1.1 1
100000 4 35883 2.9394905862814 634 1.1 1
100000 4 43001 2.92397660818713 635 1.1 1
100000 4 37081 2.91970802919708 636 1.1 1
100000 4 41377 2.92710056053976 637 1.1 1
100000 4 41150 2.92491737108427 638 1.1 1
100000 4 36332 2.93815190245336 639 1.1 1
100000 4 42976 2.93280933806493 640 1.1 1
100000 4 43866 2.93539202160449 641 1.1 1
100000 4 42281 2.92975902732 642 1.1 1
100000 4 40354 2.93780663356738 643 1.1 1
100000 4 40410 2.92594434853849 644 1.1 1
100000 4 40709 2.93315343325609 645 1.1 1
100000 4 41088 2.94031167303734 646 1.1 1
100000 4 41606 2.93638325674267 647 1.1 1
100000 4 40804 2.94091697791371 648 1.1 1
100000 4 35281 2.9330674018889 649 1.1 1
100000 4 40756 2.91498447770766 650 1.1 1
100000 4 39862 2.93638325674267 651 1.1 1
100000 4 38548 2.93173456075287 652 1.1 1
100000 4 41301 2.93074646112365 653 1.1 1
100000 4 39870 2.92782901478554 654 1.1 1
100000 4 40223 2.93048880553276 655 1.1 1
100000 4 41088 2.93677131361781 656 1.1 1
100000 4 39995 2.92094463349447 657 1.1 1
100000 4 40467 2.93862677970584 658 1.1 1
100000 4 40578 2.92235307869897 659 1.1 1
100000 4 33775 2.92397660818713 660 1.1 1
100000 4 39731 2.93435840253529 661 1.1 1
100000 4 39776 2.93194945319143 662 1.1 1
100000 4 35928 2.94048459186074 663 1.1 1
100000 4 35708 2.93070351537887 664 1.1 1
100000 4 42065 2.93216437713498 665 1.1 1
100000 4 38062 2.93461673905388 666 1.1 1
100000 4 35025 2.93517662425336 667 1.1 1
100000 4 35907 2.94134949114654 668 1.1 1
100000 4 34737 2.92517404785585 669 1.1 1
100000 4 40650 2.9341001114958 670 1.1 1
100000 4 41378 2.93225035553536 671 1.1 1
100000 4 39560 2.92496014741799 672 1.1 1
100000 4 33703 2.94256120527307 673 1.1 1
100000 4 41352 2.93027412714459 674 1.1 1
100000 4 40212 2.92205420410549 675 1.1 1
100000 4 42497 2.93936098292231 676 1.1 1
100000 4 37470 2.92316461801546 677 1.1 1
100000 4 42245 2.92555914749206 678 1.1 1
100000 4 39897 2.93992268003351 679 1.1 1
100000 4 40931 2.94108996794212 680 1.1 1
100000 4 42612 2.93354063687167 681 1.1 1
100000 4 41338 2.9325943195648 682 1.1 1
100000 4 40762 2.9217553906387 683 1.1 1
100000 4 34670 2.92890092992605 684 1.1 1
100000 4 40288 2.93767717865484 685 1.1 1
100000 4 40536 2.9218407596786 686 1.1 1
100000 4 41756 2.92817194225645 687 1.1 1
100000 4 40745 2.93121894739928 688 1.1 1
100000 4 39866 2.92877225866917 689 1.1 1
100000 4 39640 2.9394905862814 690 1.1 1
100000 4 41050 2.93160564040925 691 1.1 1
100000 4 34916 2.92898671704524 692 1.1 1
100000 4 40100 2.93616771389982 693 1.1 1
100000 4 41360 2.9325943195648 694 1.1 1
100000 4 40986 2.9397066172796 695 1.1 1
100000 4 39710 2.9292012068309 696 1.1 1
100000 4 41283 2.94325406169061 697 1.1 1
100000 4 38878 2.92697204741695 698 1.1 1
100000 4 37764 2.94798284273986 699 1.1 1
100000 4 39625 2.92855783169578 700 1.1 1
100000 4 38094 2.93083235638921 701 1.1 1
100000 4 37588 2.93216437713498 702 1.1 1
100000 4 39129 2.94000911402825 703 1.1 1
100000 4 39152 2.93083235638921 704 1.1 1
100000 4 38294 2.93690068870321 705 1.1 1
100000 4 39548 2.93027412714459 706 1.1 1
100000 4 39720 2.92671505502224 707 1.1 1
100000 4 39042 2.93134783373395 708 1.1 1
100000 4 34169 2.94204177699323 709 1.1 1
100000 4 32598 2.93156266948097 710 1.1 1
100000 4 34305 2.93117598780631 711 1.1 1
100000 4 39721 2.93500432913139 712 1.1 1
100000 4 38522 2.93332551113197 713 1.1 1
100000 4 37717 2.9268863782708 714 1.1 1
100000 4 33885 2.93194945319143 715 1.1 1
100000 4 39198 2.93461673905388 716 1.1 1
100000 4 34106 2.93315343325609 717 1.1 1
100000 4 38847 2.92722908494819 718 1.1 1
100000 4 38340 2.93681443737977 719 1.1 1
100000 4 39184 2.93293836430027 720 1.1 1
100000 4 34289 2.92513126526553 721 1.1 1
100000 4 38530 2.93741830305345 722 1.1 1
100000 4 35388 2.92885803825089 723 1.1 1
100000 4 38675 2.93237933259046 724 1.1 1
100000 4 37767 2.93151969981238 725 1.1 1
100000 4 34709 2.94885215929699 726 1.1 1
100000 4 37411 2.92577313555107 727 1.1 1
100000 4 38017 2.91108102994047 728 1.1 1
100000 4 32804 2.92555914749206 729 1.1 1
100000 4 38519 2.93664194993025 730 1.1 1
100000 4 32913 2.93836773672225 731 1.1 1
100000 4 38059 2.93225035553536 732 1.1 1
100000 4 32749 2.91825955000438 733 1.1 1
100000 4 39525 2.92697204741695 734 1.1 1
100000 4 38052 2.93560745057171 735 1.1 1
100000 4 37297 2.93199243545952 736 1.1 1
100000 4 38006 2.91655729576808 737 1.1 1
100000 4 38652 2.92847206969764 738 1.1 1
100000 4 38451 2.92958736761927 739 1.1 1
100000 4 33732 2.93040293040293 740 1.1 1
100000 4 39246 2.92598715491639 741 1.1 1
100000 4 32861 2.93319645083229 742 1.1 1
100000 4 39016 2.92804333504136 743 1.1 1
100000 4 37261 2.93078940812708 744 1.1 1
100000 4 37644 2.9332394696703 745 1.1 1
100000 4 39691 2.9279147391228 746 1.1 1
100000 4 32349 2.93841090738129 747 1.1 1
100000 4 33439 2.93014533520863 748 1.1 1
100000 4 37266 2.92907250918996 749 1.1 1
100000 4 32851 2.94178213161533 750 1.1 1
100000 4 36056 2.93509047416387 751 1.1 1
100000 4 31669 2.94351396697377 752 1.1 1
100000 4 36341 2.93491818915548 753 1.1 1
100000 4 36553 2.93100416202591 754 1.1 1
100000 4 32581 2.94165232611158 755 1.1 1
100000 4 37153 2.93070351537887 756 1.1 1
100000 4 31913 2.92538797958079 757 1.1 1
100000 4 32925 2.93672819112227 758 1.1 1
100000 4 38045 2.92975902732 759 1.1 1
100000 4 36230 2.92834343611819 760 1.1 1
100000 4 36383 2.92573033543498 761 1.1 1
100000 4 36518 2.92898671704524 762 1.1 1
100000 4 32141 2.93569363101267 763 1.1 1
100000 4 33566 2.93672819112227 764 1.1 1
100000 4 37775 2.93280933806493 765 1.1 1
100000 4 37601 2.9332394696703 766 1.1 1
100000 4 37535 2.92282286232043 767 1.1 1
100000 4 36310 2.93117598780631 768 1.1 1
100000 4 36821 2.93750458985092 769 1.1 1
100000 4 37518 2.930188264596 770 1.1 1
100000 4 36779 2.93401402458704 771 1.1 1
100000 4 35871 2.92444691397739 772 1.1 1
100000 4 37811 2.92551635363642 773 1.1 1
100000 4 37437 2.93280933806493 774 1.1 1
100000 4 35978 2.93388490369523 775 1.1 1
100000 4 37106 2.93091825668982 776 1.1 1
100000 4 36507 2.92937282127896 777 1.1 1
100000 4 37214 2.93841090738129 778 1.1 1
100000 4 32893 2.93914500271871 779 1.1 1
100000 4 37186 2.92761472590207 780 1.1 1
100000 4 37845 2.92496014741799 781 1.1 1
100000 4 37215 2.93431535087076 782 1.1 1
100000 4 30448 2.92098729370527 783 1.1 1
100000 4 37348 2.92782901478554 784 1.1 1
100000 4 31508 2.92945863604406 785 1.1 1
100000 4 34369 2.92740046838408 786 1.1 1
100000 4 36908 2.93496125851139 787 1.1 1
100000 4 36041 2.93027412714459 788 1.1 1
100000 4 37434 2.93629703580814 789 1.1 1
100000 4 35696 2.930188264596 790 1.1 1
100000 4 37943 2.93057468569586 791 1.1 1
100000 4 37710 2.94204177699323 792 1.1 1
100000 4 37158 2.92834343611819 793 1.1 1
100000 4 37572 2.93496125851139 794 1.1 1
100000 4 31289 2.94399057923015 795 1.1 1
100000 4 31580 2.93521970119463 796 1.1 1
100000 4 36837 2.93379882941427 797 1.1 1
100000 4 33056 2.93496125851139 798 1.1 1
100000 4 36880 2.93724574466523 799 1.1 1
100000 4 37276 2.92581593691941 800 1.1 1
100000 4 37491 2.92645810775219 801 1.1 1
100000 4 36151 2.94282098819929 802 1.1 1
100000 4 32777 2.93461673905388 803 1.1 1
100000 4 36976 2.94074400823408 804 1.1 1
100000 4 37449 2.93362669600293 805 1.1 1
100000 4 35813 2.93681443737977 806 1.1 1
100000 4 36454 2.92830056076956 807 1.1 1
100000 4 34959 2.92645810775219 808 1.1 1
100000 4 29786 2.92675788395405 809 1.1 1
100000 4 35873 2.92980194538849 810 1.1 1
100000 4 31288 2.94087373358625 811 1.1 1
100000 4 31159 2.92975902732 812 1.1 1
100000 4 35689 2.92555914749206 813 1.1 1
100000 4 32478 2.92551635363642 814 1.1 1
100000 4 30827 2.93040293040293 815 1.1 1
100000 4 34432 2.93776348066217 816 1.1 1
100000 4 36636 2.93336853375574 817 1.1 1
100000 4 35179 2.91774866512999 818 1.1 1
100000 4 35646 2.9268863782708 819 1.1 1
100000 4 35987 2.94005233293153 820 1.1 1
100000 4 35040 2.93280933806493 821 1.1 1
100000 4 31036 2.9235919250391 822 1.1 1
100000 4 34783 2.93100416202591 823 1.1 1
100000 4 31427 2.93841090738129 824 1.1 1
100000 4 34441 2.92346371981524 825 1.1 1
100000 4 36099 2.94316743679548 826 1.1 1
100000 4 36242 2.92457520545141 827 1.1 1
100000 4 33524 2.9248745960017 828 1.1 1
100000 4 35499 2.9348320542357 829 1.1 1
100000 4 30498 2.93517662425336 830 1.1 1
100000 4 36359 2.93083235638921 831 1.1 1
100000 4 34244 2.92958736761927 832 1.1 1
100000 4 36523 2.93302438809779 833 1.1 1
100000 4 32351 2.92928701154139 834 1.1 1
100000 4 30242 2.93802241711104 835 1.1 1
100000 4 37034 2.93418620345647 836 1.1 1
100000 4 34382 2.93379882941427 837 1.1 1
100000 4 34822 2.92641528759346 838 1.1 1
100000 4 30083 2.93276633184251 839 1.1 1
100000 4 31655 2.94005233293153 840 1.1 1
100000 4 35976 2.92804333504136 841 1.1 1
100000 4 30181 2.93556436224864 842 1.1 1
100000 4 33072 2.93694381626479 843 1.1 1
100000 4 34868 2.92602996254682 844 1.1 1
100000 4 36277 2.93010240707913 845 1.1 1
100000 4 35393 2.92500292500293 846 1.1 1
100000 4 35167 2.9382813992096 847 1.1 1
100000 4 31442 2.9296731949551 848 1.1 1
100000 4 34677 2.92384836922357 849 1.1 1
100000 4 35344 2.92907250918996 850 1.1 1
100000 4 36264 2.93414315684462 851 1.1 1
100000 4 31457 2.94048459186074 852 1.1 1
100000 4 29818 2.92945863604406 853 1.1 1
100000 4 36143 2.93250832099236 854 1.1 1
100000 4 35589 2.92551635363642 855 1.1 1
100000 4 34681 2.92508848392664 856 1.1 1
100000 4 28436 2.93298137556827 857 1.1 1
100000 4 36273 2.94230146820843 858 1.1 1
100000 4 35097 2.93268032318137 859 1.1 1
100000 4 34640 2.93715947307359 860 1.1 1
100000 4 31135 2.92795760317391 861 1.1 1
100000 4 36164 2.93784978774035 862 1.1 1
100000 4 35517 2.92924410855779 863 1.1 1
100000 4 35613 2.92680071413937 864 1.1 1
100000 4 35535 2.93207840377652 865 1.1 1
100000 4 32969 2.92243848266994 866 1.1 1
100000 4 25404 2.94446734585713 867 1.1 1
100000 4 25776 2.94083049053053 868 1.1 1
100000 4 26068 2.93237933259046 869 1.1 1
100000 4 20870 2.93164861259729 870 1.1 1
100000 4 19085 2.93010240707913 871 1.1 1
100000 4 25189 2.92483182217023 872 1.1 1
100000 4 26636 2.92804333504136 873 1.1 1
100000 4 25564 2.92932991578176 874 1.1 1
100000 4 19801 2.92624401948879 875 1.1 1
100000 4 198661 2.92830056076956 876 1.1 1
100000 4 222517 2.94074400823408 877 1.1 1
100000 4 218075 2.93010240707913 878 1.1 1
100000 4 187661 2.92149931344766 879 1.1 1
100000 4 187614 2.93354063687167 880 1.1 1
100000 4 192999 2.9292012068309 881 1.1 1
100000 4 221564 2.92555914749206 882 1.1 1
100000 4 182037 2.92911540714704 883 1.1 1
100000 4 220911 2.93397098302698 884 1.1 1
100000 4 224006 2.93392794272973 885 1.1 1
100000 4 222137 2.93100416202591 886 1.1 1
100000 4 222928 2.9167274318215 887 1.1 1
100000 4 218121 2.93616771389982 888 1.1 1
100000 4 218720 2.93237933259046 889 1.1 1
100000 4 224381 2.93053174498513 890 1.1 1
100000 4 223306 2.92120061345213 891 1.1 1
100000 4 218589 2.92782901478554 892 1.1 1
100000 4 222047 2.92363466261256 893 1.1 1
100000 4 224211 2.91732306435615 894 1.1 1
100000 4 190351 2.9310471165824 895 1.1 1
100000 4 224018 2.94000911402825 896 1.1 1
100000 4 224480 2.91502696399942 897 1.1 1
100000 4 219049 2.93225035553536 898 1.1 1
100000 4 105017 2.93634014564247 899 1.1 1
100000 4 52593 2.93190647218354 900 1.1 1
100000 4 43815 2.92834343611819 901 1.1 1
100000 4 45073 2.93345458278942 902 1.1 1
100000 4 44425 2.9235491887151 903 1.1 1
100000 4 42804 2.92085931681101 904 1.1 1
100000 4 52526 2.93298137556827 905 1.1 1
100000 4 46469 2.9235919250391 906 1.1 1
100000 4 51760 2.93010240707913 907 1.1 1
100000 4 48005 2.93031706030593 908 1.1 1
100000 4 52355 2.93332551113197 909 1.1 1
100000 4 51346 2.92975902732 910 1.1 1
100000 4 45381 2.92868648411188 911 1.1 1
100000 4 47424 2.94472746547307 912 1.1 1
100000 4 53316 2.92115794701019 913 1.1 1
100000 4 52800 2.92782901478554 914 1.1 1
100000 4 50500 2.93397098302698 915 1.1 1
100000 4 47593 2.94394724446538 916 1.1 1
100000 4 42362 2.94018199726563 917 1.1 1
100000 4 42024 2.93750458985092 918 1.1 1
100000 4 45793 2.93944738389183 919 1.1 1
100000 4 46983 2.92307917159936 920 1.1 1
100000 4 42714 2.93465979956274 921 1.1 1
100000 4 45577 2.92722908494819 922 1.1 1
100000 4 46745 2.92932991578176 923 1.1 1
100000 4 47892 2.93694381626479 924 1.1 1
100000 4 45486 2.92628683463553 925 1.1 1
100000 4 46684 2.94390391097635 926 1.1 1
100000 4 40829 2.93147673140344 927 1.1 1
100000 4 42939 2.93642636910879 928 1.1 1
100000 4 41888 2.92894382285748 929 1.1 1
100000 4 47572 2.92427587618616 930 1.1 1
100000 4 39639 2.92286557741209 931 1.1 1
100000 4 46486 2.93603840338232 932 1.1 1
100000 4 48979 2.93203541898786 933 1.1 1
100000 4 45791 2.93590910425413 934 1.1 1
100000 4 46811 2.93375579416769 935 1.1 1
100000 4 42882 2.93246532359755 936 1.1 1
100000 4 46995 2.93651259763904 937 1.1 1
100000 4 47496 2.92560194259969 938 1.1 1
100000 4 47558 2.92047545340381 939 1.1 1
100000 4 47211 2.93216437713498 940 1.1 1
100000 4 40821 2.92834343611819 941 1.1 1
100000 4 48886 2.92697204741695 942 1.1 1
100000 4 38970 2.93910181048672 943 1.1 1
100000 4 42479 2.93233633897808 944 1.1 1
100000 4 48947 2.9226520144379 945 1.1 1
100000 4 43062 2.9458117920846 946 1.1 1
100000 4 44722 2.93109007239792 947 1.1 1
100000 4 42960 2.93216437713498 948 1.1 1
100000 4 45565 2.94663641453281 949 1.1 1
100000 4 48428 2.93496125851139 950 1.1 1
100000 4 43861 2.93100416202591 951 1.1 1
100000 4 41178 2.93005948020745 952 1.1 1
100000 4 46993 2.92744331737877 953 1.1 1
100000 4 48518 2.93040293040293 954 1.1 1
100000 4 47032 2.92384836922357 955 1.1 1
100000 4 46447 2.93139079836428 956 1.1 1
100000 4 49176 2.93427230046948 957 1.1 1
100000 4 46994 2.92954445583712 958 1.1 1
100000 4 45893 2.93031706030593 959 1.1 1
100000 4 47097 2.93302438809779 960 1.1 1
100000 4 42370 2.92894382285748 961 1.1 1
100000 4 44621 2.93005948020745 962 1.1 1
100000 4 41190 2.93173456075287 963 1.1 1
100000 4 43035 2.93910181048672 964 1.1 1
100000 4 46234 2.9211152818146 965 1.1 1
100000 4 45274 2.93194945319143 966 1.1 1
100000 4 43867 2.9436439368294 967 1.1 1
100000 4 44257 2.92675788395405 968 1.1 1
100000 4 44999 2.92872937076249 969 1.1 1
100000 4 45822 2.94312412626003 970 1.1 1
100000 4 45122 2.94533459000943 971 1.1 1
100000 4 45027 2.92980194538849 972 1.1 1
100000 4 43300 2.93590910425413 973 1.1 1
100000 4 39656 2.93250832099236 974 1.1 1
100000 4 40236 2.93530585887049 975 1.1 1
100000 4 44941 2.9235919250391 976 1.1 1
100000 4 38090 2.9410034703841 977 1.1 1
100000 4 44899 2.93901542983101 978 1.1 1
100000 4 44252 2.92188344606934 979 1.1 1
100000 4 40566 2.93173456075287 980 1.1 1
100000 4 45748 2.92958736761927 981 1.1 1
100000 4 42977 2.93345458278942 982 1.1 1
100000 4 42732 2.94633255255521 983 1.1 1
100000 4 42866 2.93044586733872 984 1.1 1
100000 4 39376 2.93272332688134 985 1.1 1
100000 4 42841 2.94360061226893 986 1.1 1
100000 4 44044 2.93014533520863 987 1.1 1
100000 4 45027 2.92312189418299 988 1.1 1
100000 4 40599 2.92269472453602 989 1.1 1
100000 4 38785 2.93160564040925 990 1.1 1
100000 4 43372 2.94104671852712 991 1.1 1
100000 4 42464 2.93517662425336 992 1.1 1
100000 4 38809 2.93815190245336 993 1.1 1
100000 4 44694 2.92684354557827 994 1.1 1
100000 4 43269 2.94009555310548 995 1.1 1
100000 4 37239 2.93634014564247 996 1.1 1
100000 4 45394 2.91877061381746 997 1.1 1
100000 4 43521 2.92068869839508 998 1.1 1
100000 4 46506 2.92611558156547 999 1.1 1
100000 4 42680 2.91796151208766 1000 1.1 1
