100000 4 17474 2.80422316007908 1 1.2 1
100000 4 25716 2.80705694115005 2 1.2 1
100000 4 25198 2.794271742927 3 1.2 1
100000 4 25797 2.79786802456528 4 1.2 1
100000 4 20416 2.80057131654858 5 1.2 1
100000 4 22790 2.80379072506028 6 1.2 1
100000 4 27611 2.79653788609701 7 1.2 1
100000 4 25508 2.79865105019381 8 1.2 1
100000 4 25490 2.80473439165311 9 1.2 1
100000 4 25357 2.80871262656761 10 1.2 1
100000 4 25318 2.79880770791643 11 1.2 1
100000 4 25428 2.79610781791746 12 1.2 1
100000 4 25513 2.80347631062518 13 1.2 1
100000 4 20248 2.80178754045081 14 1.2 1
100000 4 25229 2.79700720229355 15 1.2 1
100000 4 25547 2.79509181876625 16 1.2 1
100000 4 155258 2.79286701763696 17 1.2 1
100000 4 223466 2.79200926947077 18 1.2 1
100000 4 223769 2.79665520038035 19 1.2 1
100000 4 223935 2.78567051089197 20 1.2 1
100000 4 222584 2.80772686433064 21 1.2 1
100000 4 218684 2.80088507968518 22 1.2 1
100000 4 195238 2.8021408355984 23 1.2 1
100000 4 216553 2.79302302847487 24 1.2 1
100000 4 191168 2.80014000700035 25 1.2 1
100000 4 190697 2.80119891313482 26 1.2 1
100000 4 220472 2.80371211484005 27 1.2 1
100000 4 190948 2.79068469448979 28 1.2 1
100000 4 182505 2.80705694115005 29 1.2 1
100000 4 221026 2.80926495582431 30 1.2 1
100000 4 182322 2.79794630741036 31 1.2 1
100000 4 225129 2.79782888478541 32 1.2 1
100000 4 184674 2.80902821668844 33 1.2 1
100000 4 223699 2.80253349027521 34 1.2 1
100000 4 217377 2.79888604335474 35 1.2 1
100000 4 213735 2.80072818932923 36 1.2 1
100000 4 219571 2.79255504824139 37 1.2 1
100000 4 221215 2.79775060851076 38 1.2 1
100000 4 224104 2.80658424664262 39 1.2 1
100000 4 207925 2.79916025192442 40 1.2 1
100000 4 40833 2.79669430732874 41 1.2 1
100000 4 44990 2.7986118885033 42 1.2 1
100000 4 44017 2.7916974916598 43 1.2 1
100000 4 51762 2.79501369556711 44 1.2 1
100000 4 49376 2.79438886715475 45 1.2 1
100000 4 45133 2.79876854184159 46 1.2 1
100000 4 49309 2.80367281138291 47 1.2 1
100000 4 44941 2.80615108317432 48 1.2 1
100000 4 45296 2.78827252575667 49 1.2 1
100000 4 51193 2.80072818932923 50 1.2 1
100000 4 43793 2.805678693676 51 1.2 1
100000 4 47739 2.79317905674343 52 1.2 1
100000 4 50733 2.79908190113643 53 1.2 1
100000 4 44053 2.79462314506889 54 1.2 1
100000 4 48750 2.79021749745393 55 1.2 1
100000 4 43409 2.80520646319569 56 1.2 1
100000 4 46176 2.79419366556296 57 1.2 1
100000 4 41163 2.79739841946989 58 1.2 1
100000 4 40280 2.80155205984115 59 1.2 1
100000 4 48141 2.80359420777437 60 1.2 1
100000 4 46180 2.79618600229287 61 1.2 1
100000 4 37903 2.79275002094563 62 1.2 1
100000 4 45175 2.80556062115112 63 1.2 1
100000 4 45529 2.79618600229287 64 1.2 1
100000 4 45950 2.79782888478541 65 1.2 1
100000 4 47176 2.79955207166853 66 1.2 1
100000 4 39017 2.80182679106778 67 1.2 1
100000 4 43946 2.78408062697496 68 1.2 1
100000 4 46677 2.80457706977788 69 1.2 1
100000 4 45434 2.805678693676 70 1.2 1
100000 4 39066 2.80324054607126 71 1.2 1
100000 4 41459 2.79310104043014 72 1.2 1
100000 4 46083 2.79536528435853 73 1.2 1
100000 4 37254 2.79649878352303 74 1.2 1
100000 4 46422 2.80096353145482 75 1.2 1
100000 4 45484 2.79403752392395 76 1.2 1
100000 4 39610 2.804026582172 77 1.2 1
100000 4 45412 2.80875207145465 78 1.2 1
100000 4 44555 2.80634795908345 79 1.2 1
100000 4 47183 2.80894931250966 80 1.2 1
100000 4 46951 2.79904272738723 81 1.2 1
100000 4 46990 2.7916585243293 82 1.2 1
100000 4 45570 2.80088507968518 83 1.2 1
100000 4 40949 2.8014735751005 84 1.2 1
100000 4 43923 2.8000224001792 85 1.2 1
100000 4 45479 2.80253349027521 86 1.2 1
100000 4 46571 2.80253349027521 87 1.2 1
100000 4 45495 2.798376941374 88 1.2 1
100000 4 47633 2.79544342721364 89 1.2 1
100000 4 46992 2.79963044878076 90 1.2 1
100000 4 47027 2.81009385713483 91 1.2 1
100000 4 46191 2.80516711783104 92 1.2 1
100000 4 40478 2.79173646007817 93 1.2 1
100000 4 44092 2.79306203390777 94 1.2 1
100000 4 44384 2.79372529299194 95 1.2 1
100000 4 42786 2.79927778633113 96 1.2 1
100000 4 44328 2.79450600120164 97 1.2 1
100000 4 45882 2.80288697358279 98 1.2 1
100000 4 47310 2.8043804422508 99 1.2 1
100000 4 47065 2.79916025192442 100 1.2 1
100000 4 46270 2.79462314506889 101 1.2 1
100000 4 47165 2.80017921146953 102 1.2 1
100000 4 45342 2.79622509612024 103 1.2 1
100000 4 35825 2.79775060851076 104 1.2 1
100000 4 38960 2.79982641076253 105 1.2 1
100000 4 42524 2.79634238416152 106 1.2 1
100000 4 43466 2.8041838422927 107 1.2 1
100000 4 39022 2.79333510244556 108 1.2 1
100000 4 37150 2.79865105019381 109 1.2 1
100000 4 36200 2.80006160135523 110 1.2 1
100000 4 44070 2.80316196669844 111 1.2 1
100000 4 36933 2.79481840667403 112 1.2 1
100000 4 41972 2.78870018684291 113 1.2 1
100000 4 43616 2.79321806653445 114 1.2 1
100000 4 43325 2.80068896948649 115 1.2 1
100000 4 38474 2.78373187094619 116 1.2 1
100000 4 42335 2.80331912984974 117 1.2 1
100000 4 43028 2.79778974610058 118 1.2 1
100000 4 44345 2.7920482465937 119 1.2 1
100000 4 38759 2.80198380453361 120 1.2 1
100000 4 41924 2.79509181876625 121 1.2 1
100000 4 43121 2.8000224001792 122 1.2 1
100000 4 43292 2.79251605696733 123 1.2 1
100000 4 43693 2.79794630741036 124 1.2 1
100000 4 37042 2.79544342721364 125 1.2 1
100000 4 42981 2.80327983740977 126 1.2 1
100000 4 36118 2.80563933506348 127 1.2 1
100000 4 42214 2.79786802456528 128 1.2 1
100000 4 44780 2.79481840667403 129 1.2 1
100000 4 44617 2.81840985316085 130 1.2 1
100000 4 37598 2.81001489307893 131 1.2 1
100000 4 43092 2.80284769325635 132 1.2 1
100000 4 42664 2.8021408355984 133 1.2 1
100000 4 43197 2.80049288674807 134 1.2 1
100000 4 44448 2.79595146228261 135 1.2 1
100000 4 37936 2.80331912984974 136 1.2 1
100000 4 37836 2.79520901175385 137 1.2 1
100000 4 36543 2.80123814726109 138 1.2 1
100000 4 42163 2.80678118333895 139 1.2 1
100000 4 37130 2.79161955808662 140 1.2 1
100000 4 42517 2.8014735751005 141 1.2 1
100000 4 42906 2.79399849124081 142 1.2 1
100000 4 43593 2.79493557673496 143 1.2 1
100000 4 43515 2.79353018409364 144 1.2 1
100000 4 41503 2.7934521481647 145 1.2 1
100000 4 41373 2.80280841403086 146 1.2 1
100000 4 42443 2.79822033186893 147 1.2 1
100000 4 43545 2.80304410589901 148 1.2 1
100000 4 43556 2.80324054607126 149 1.2 1
100000 4 44200 2.79919942896332 150 1.2 1
100000 4 44050 2.8055999775552 151 1.2 1
100000 4 41827 2.79728104282637 152 1.2 1
100000 4 45074 2.80532450591222 153 1.2 1
100000 4 41894 2.79912107598214 154 1.2 1
100000 4 37005 2.79434982465455 155 1.2 1
100000 4 36096 2.80190529560101 156 1.2 1
100000 4 35668 2.79755493698508 157 1.2 1
100000 4 36288 2.78908908350533 158 1.2 1
100000 4 41524 2.79904272738723 159 1.2 1
100000 4 40080 2.79743754720676 160 1.2 1
100000 4 41197 2.79955207166853 161 1.2 1
100000 4 37114 2.80288697358279 162 1.2 1
100000 4 40132 2.80280841403086 163 1.2 1
100000 4 34966 2.79103519495381 164 1.2 1
100000 4 40754 2.7996696389826 165 1.2 1
100000 4 35246 2.80422316007908 166 1.2 1
100000 4 39693 2.79904272738723 167 1.2 1
100000 4 41848 2.80014000700035 168 1.2 1
100000 4 37201 2.8043804422508 169 1.2 1
100000 4 40209 2.79294502087726 170 1.2 1
100000 4 41875 2.79704631908704 171 1.2 1
100000 4 42927 2.79158059293172 172 1.2 1
100000 4 42409 2.79798545047566 173 1.2 1
100000 4 41932 2.80764803324255 174 1.2 1
100000 4 40890 2.79251605696733 175 1.2 1
100000 4 42691 2.80068896948649 176 1.2 1
100000 4 43389 2.79399849124081 177 1.2 1
100000 4 41658 2.78675732917178 178 1.2 1
100000 4 42448 2.8036335090277 179 1.2 1
100000 4 42946 2.79161955808662 180 1.2 1
100000 4 36408 2.79403752392395 181 1.2 1
100000 4 40730 2.79247706678209 182 1.2 1
100000 4 36423 2.79559972603123 183 1.2 1
100000 4 41041 2.80096353145482 184 1.2 1
100000 4 37428 2.79372529299194 185 1.2 1
100000 4 36497 2.79263303405616 186 1.2 1
100000 4 42122 2.79119100120021 187 1.2 1
100000 4 41155 2.79614690955863 188 1.2 1
100000 4 38492 2.80485239464273 189 1.2 1
100000 4 40116 2.80453774206666 190 1.2 1
100000 4 38715 2.80343701377889 191 1.2 1
100000 4 41614 2.79916025192442 192 1.2 1
100000 4 42659 2.80194454951737 193 1.2 1
100000 4 40817 2.79575604232775 194 1.2 1
100000 4 42948 2.79372529299194 195 1.2 1
100000 4 41151 2.79591237610613 196 1.2 1
100000 4 37344 2.80280841403086 197 1.2 1
100000 4 36685 2.80178754045081 198 1.2 1
100000 4 35011 2.80206231786595 199 1.2 1
100000 4 37456 2.7975158059643 200 1.2 1
100000 4 35801 2.80061053309621 201 1.2 1
100000 4 34885 2.78916687585418 202 1.2 1
100000 4 33845 2.80155205984115 203 1.2 1
100000 4 38480 2.7996696389826 204 1.2 1
100000 4 40053 2.79857272790877 205 1.2 1
100000 4 34049 2.79520901175385 206 1.2 1
100000 4 39344 2.80280841403086 207 1.2 1
100000 4 32871 2.79228213218664 208 1.2 1
100000 4 38003 2.81112079386051 209 1.2 1
100000 4 34572 2.79068469448979 210 1.2 1
100000 4 34054 2.79931696666013 211 1.2 1
100000 4 39855 2.79978721617157 212 1.2 1
100000 4 41703 2.80489173117918 213 1.2 1
100000 4 35159 2.80615108317432 214 1.2 1
100000 4 34731 2.79563880346659 215 1.2 1
100000 4 40550 2.79986560645089 216 1.2 1
100000 4 39443 2.81266260705697 217 1.2 1
100000 4 39318 2.79419366556296 218 1.2 1
100000 4 39008 2.80320125583416 219 1.2 1
100000 4 40498 2.798376941374 220 1.2 1
100000 4 35242 2.79595146228261 221 1.2 1
100000 4 35839 2.7996696389826 222 1.2 1
100000 4 34484 2.79150266588505 223 1.2 1
100000 4 39709 2.80221935773132 224 1.2 1
100000 4 34814 2.80398726989779 225 1.2 1
100000 4 38097 2.79544342721364 226 1.2 1
100000 4 33624 2.8043804422508 227 1.2 1
100000 4 39351 2.79908190113643 228 1.2 1
100000 4 40235 2.79841609648939 229 1.2 1
100000 4 39765 2.79896438317822 230 1.2 1
100000 4 34555 2.79986560645089 231 1.2 1
100000 4 38993 2.79653788609701 232 1.2 1
100000 4 39194 2.79790716544025 233 1.2 1
100000 4 37592 2.79622509612024 234 1.2 1
100000 4 38480 2.79563880346659 235 1.2 1
100000 4 39226 2.78524377846171 236 1.2 1
100000 4 41800 2.79216518449231 237 1.2 1
100000 4 34696 2.79732016727975 238 1.2 1
100000 4 38414 2.79665520038035 239 1.2 1
100000 4 38908 2.79778974610058 240 1.2 1
100000 4 39115 2.79649878352303 241 1.2 1
100000 4 35277 2.79775060851076 242 1.2 1
100000 4 39414 2.79122995547988 243 1.2 1
100000 4 33538 2.79458409602191 244 1.2 1
100000 4 34418 2.79963044878076 245 1.2 1
100000 4 33328 2.79657698976453 246 1.2 1
100000 4 39748 2.80324054607126 247 1.2 1
100000 4 40267 2.79333510244556 248 1.2 1
100000 4 40970 2.79990480323669 249 1.2 1
100000 4 40013 2.79310104043014 250 1.2 1
100000 4 35977 2.7999832001008 251 1.2 1
100000 4 36161 2.79735929282757 252 1.2 1
100000 4 39047 2.79181440017868 253 1.2 1
100000 4 41042 2.80902821668844 254 1.2 1
100000 4 39931 2.79177542958444 255 1.2 1
100000 4 38121 2.80280841403086 256 1.2 1
100000 4 38924 2.79372529299194 257 1.2 1
100000 4 38995 2.80245495053667 258 1.2 1
100000 4 39388 2.79810288624313 259 1.2 1
100000 4 37501 2.79814203368963 260 1.2 1
100000 4 33810 2.79466219520715 261 1.2 1
100000 4 34567 2.79814203368963 262 1.2 1
100000 4 32903 2.79520901175385 263 1.2 1
100000 4 37996 2.79728104282637 264 1.2 1
100000 4 37139 2.7904510764165 265 1.2 1
100000 4 38357 2.79669430732874 266 1.2 1
100000 4 39225 2.79185337186091 267 1.2 1
100000 4 39440 2.79536528435853 268 1.2 1
100000 4 38213 2.79790716544025 269 1.2 1
100000 4 37527 2.79814203368963 270 1.2 1
100000 4 38130 2.79497463560518 271 1.2 1
100000 4 38339 2.79275002094563 272 1.2 1
100000 4 39059 2.79559972603123 273 1.2 1
100000 4 38669 2.80057131654858 274 1.2 1
100000 4 37877 2.80638733758033 275 1.2 1
100000 4 34082 2.81278127812781 276 1.2 1
100000 4 35164 2.80088507968518 277 1.2 1
100000 4 32481 2.79614690955863 278 1.2 1
100000 4 33818 2.79649878352303 279 1.2 1
100000 4 37781 2.80261203441608 280 1.2 1
100000 4 33877 2.80272985888255 281 1.2 1
100000 4 33489 2.79395945964824 282 1.2 1
100000 4 38593 2.79626419104077 283 1.2 1
100000 4 37317 2.79688985847737 284 1.2 1
100000 4 38593 2.8022978842651 285 1.2 1
100000 4 33766 2.80693875259642 286 1.2 1
100000 4 32618 2.79919942896332 287 1.2 1
100000 4 33505 2.7904510764165 288 1.2 1
100000 4 38764 2.79857272790877 289 1.2 1
100000 4 38455 2.8122275654546 290 1.2 1
100000 4 39369 2.80816051445501 291 1.2 1
100000 4 36899 2.81460215598525 292 1.2 1
100000 4 37182 2.79645968204253 293 1.2 1
100000 4 38821 2.80206231786595 294 1.2 1
100000 4 40027 2.80202306064979 295 1.2 1
100000 4 37488 2.80619045614626 296 1.2 1
100000 4 38906 2.80985697827981 297 1.2 1
100000 4 39147 2.80591486854289 298 1.2 1
100000 4 37804 2.80288697358279 299 1.2 1
100000 4 37125 2.80544255856361 300 1.2 1
100000 4 37919 2.79630328705451 301 1.2 1
100000 4 39465 2.79317905674343 302 1.2 1
100000 4 33390 2.80280841403086 303 1.2 1
100000 4 34564 2.8030833917309 304 1.2 1
100000 4 32660 2.80398726989779 305 1.2 1
100000 4 36576 2.78994503808275 306 1.2 1
100000 4 38168 2.79364724616223 307 1.2 1
100000 4 38961 2.80445908995303 308 1.2 1
100000 4 38389 2.79360822438261 309 1.2 1
100000 4 36926 2.80029683146414 310 1.2 1
100000 4 37125 2.79532621456924 311 1.2 1
100000 4 37637 2.79583420703152 312 1.2 1
100000 4 35872 2.7938423714134 313 1.2 1
100000 4 36127 2.79411559256206 314 1.2 1
100000 4 36251 2.80127738248641 315 1.2 1
100000 4 37209 2.8010812173499 316 1.2 1
100000 4 36812 2.80725394419179 317 1.2 1
100000 4 38119 2.79669430732874 318 1.2 1
100000 4 31811 2.79896438317822 319 1.2 1
100000 4 32739 2.7987293768629 320 1.2 1
100000 4 30631 2.8043017989596 321 1.2 1
100000 4 32233 2.79825948260182 322 1.2 1
100000 4 37001 2.79806373989199 323 1.2 1
100000 4 36609 2.79735929282757 324 1.2 1
100000 4 37636 2.79501369556711 325 1.2 1
100000 4 36208 2.78986720232117 326 1.2 1
100000 4 36267 2.79321806653445 327 1.2 1
100000 4 35801 2.81523605754343 328 1.2 1
100000 4 34452 2.79232111692845 329 1.2 1
100000 4 35200 2.80426247896803 330 1.2 1
100000 4 30136 2.80532450591222 331 1.2 1
100000 4 36831 2.80595423488643 332 1.2 1
100000 4 30575 2.79904272738723 333 1.2 1
100000 4 35388 2.80611171130723 334 1.2 1
100000 4 36899 2.80080663231011 335 1.2 1
100000 4 37038 2.79771147201589 336 1.2 1
100000 4 37417 2.79595146228261 337 1.2 1
100000 4 37492 2.79376431804213 338 1.2 1
100000 4 36824 2.79544342721364 339 1.2 1
100000 4 32934 2.79845525270051 340 1.2 1
100000 4 36554 2.79622509612024 341 1.2 1
100000 4 36003 2.80049288674807 342 1.2 1
100000 4 36592 2.80780569984557 343 1.2 1
100000 4 30795 2.80548191165537 344 1.2 1
100000 4 36341 2.80068896948649 345 1.2 1
100000 4 35709 2.79919942896332 346 1.2 1
100000 4 37493 2.7866796711718 347 1.2 1
100000 4 38072 2.80245495053667 348 1.2 1
100000 4 33732 2.79708543697467 349 1.2 1
100000 4 32581 2.80784511926322 350 1.2 1
100000 4 36403 2.7855541163526 351 1.2 1
100000 4 32786 2.80151281692114 352 1.2 1
100000 4 36445 2.80037525028354 353 1.2 1
100000 4 36082 2.79841609648939 354 1.2 1
100000 4 33000 2.79822033186893 355 1.2 1
100000 4 30696 2.81076523083409 356 1.2 1
100000 4 32848 2.79782888478541 357 1.2 1
100000 4 32110 2.80057131654858 358 1.2 1
100000 4 36279 2.79810288624313 359 1.2 1
100000 4 37240 2.80210157618214 360 1.2 1
100000 4 37384 2.80595423488643 361 1.2 1
100000 4 37564 2.7855541163526 362 1.2 1
100000 4 31387 2.80225862044808 363 1.2 1
100000 4 33855 2.7957951241333 364 1.2 1
100000 4 36123 2.79904272738723 365 1.2 1
100000 4 32042 2.80049288674807 366 1.2 1
100000 4 34651 2.80237641520009 367 1.2 1
100000 4 31931 2.80010080362893 368 1.2 1
100000 4 34746 2.80151281692114 369 1.2 1
100000 4 34645 2.79951288475805 370 1.2 1
100000 4 34298 2.79583420703152 371 1.2 1
100000 4 33812 2.7938423714134 372 1.2 1
100000 4 35362 2.80383003182347 373 1.2 1
100000 4 35676 2.80441976555051 374 1.2 1
100000 4 36037 2.79892521271832 375 1.2 1
100000 4 31848 2.8073721592903 376 1.2 1
100000 4 33938 2.80155205984115 377 1.2 1
100000 4 29302 2.79696808659413 378 1.2 1
100000 4 35723 2.79974802267796 379 1.2 1
100000 4 34429 2.79353018409364 380 1.2 1
100000 4 31676 2.7875341472933 381 1.2 1
100000 4 34086 2.79263303405616 382 1.2 1
100000 4 29910 2.79552157443775 383 1.2 1
100000 4 30743 2.80112044817927 384 1.2 1
100000 4 35198 2.79825948260182 385 1.2 1
100000 4 34693 2.80630858169164 386 1.2 1
100000 4 34809 2.80202306064979 387 1.2 1
100000 4 34452 2.80965960973828 388 1.2 1
100000 4 30587 2.79505275662078 389 1.2 1
100000 4 31399 2.78811704515356 390 1.2 1
100000 4 34726 2.79200926947077 391 1.2 1
100000 4 29951 2.79869021298033 392 1.2 1
100000 4 31765 2.79509181876625 393 1.2 1
100000 4 30792 2.79739841946989 394 1.2 1
100000 4 35196 2.79908190113643 395 1.2 1
100000 4 29364 2.79892521271832 396 1.2 1
100000 4 32032 2.79692897198876 397 1.2 1
100000 4 29247 2.80591486854289 398 1.2 1
100000 4 32201 2.79419366556296 399 1.2 1
100000 4 32655 2.79353018409364 400 1.2 1
100000 4 31813 2.80871262656761 401 1.2 1
100000 4 31417 2.80863374011712 402 1.2 1
100000 4 30346 2.79236010275885 403 1.2 1
100000 4 30194 2.80670240534396 404 1.2 1
100000 4 35699 2.80241568231816 405 1.2 1
100000 4 30339 2.80678118333895 406 1.2 1
100000 4 33956 2.8049704075622 407 1.2 1
100000 4 29602 2.79712455595648 408 1.2 1
100000 4 32266 2.79013964648931 409 1.2 1
100000 4 35546 2.79927778633113 410 1.2 1
100000 4 35931 2.7999832001008 411 1.2 1
100000 4 31437 2.79673341537085 412 1.2 1
100000 4 35797 2.80406589554855 413 1.2 1
100000 4 34966 2.80170904251593 414 1.2 1
100000 4 36253 2.79520901175385 415 1.2 1
100000 4 35211 2.80780569984557 416 1.2 1
100000 4 34828 2.81377059328353 417 1.2 1
100000 4 30562 2.80863374011712 418 1.2 1
100000 4 36078 2.79798545047566 419 1.2 1
100000 4 30144 2.79771147201589 420 1.2 1
100000 4 34255 2.79884687508746 421 1.2 1
100000 4 35714 2.80300482116829 422 1.2 1
100000 4 35127 2.79388139973458 423 1.2 1
100000 4 30836 2.7968116347364 424 1.2 1
100000 4 34795 2.80556062115112 425 1.2 1
100000 4 32204 2.79931696666013 426 1.2 1
100000 4 20512 2.79638148236182 427 1.2 1
100000 4 25231 2.79794630741036 428 1.2 1
100000 4 19953 2.78971154382637 429 1.2 1
100000 4 21497 2.80516711783104 430 1.2 1
100000 4 20484 2.79559972603123 431 1.2 1
100000 4 25253 2.80650547970195 432 1.2 1
100000 4 115713 2.80473439165311 433 1.2 1
100000 4 224732 2.8043017989596 434 1.2 1
100000 4 187565 2.79900355473451 435 1.2 1
100000 4 217629 2.8049704075622 436 1.2 1
100000 4 187120 2.80883096455255 437 1.2 1
100000 4 207818 2.80638733758033 438 1.2 1
100000 4 192110 2.8021408355984 439 1.2 1
100000 4 220305 2.79150266588505 440 1.2 1
100000 4 191944 2.80638733758033 441 1.2 1
100000 4 187148 2.79599054955194 442 1.2 1
100000 4 196111 2.80879151744962 443 1.2 1
100000 4 225661 2.79712455595648 444 1.2 1
100000 4 227276 2.80186604278449 445 1.2 1
100000 4 223376 2.80304410589901 446 1.2 1
100000 4 224411 2.79908190113643 447 1.2 1
100000 4 224556 2.80084585544835 448 1.2 1
100000 4 223629 2.80017921146953 449 1.2 1
100000 4 181709 2.79986560645089 450 1.2 1
100000 4 210065 2.78940027894003 451 1.2 1
100000 4 218634 2.79064575542781 452 1.2 1
100000 4 225072 2.81191125608076 453 1.2 1
100000 4 223962 2.78718452555151 454 1.2 1
100000 4 184068 2.80465572850933 455 1.2 1
100000 4 219350 2.79395945964824 456 1.2 1
100000 4 79793 2.79513088200355 457 1.2 1
100000 4 46661 2.79888604335474 458 1.2 1
100000 4 42157 2.79708543697467 459 1.2 1
100000 4 50568 2.79466219520715 460 1.2 1
100000 4 44030 2.79189234463119 461 1.2 1
100000 4 50912 2.80638733758033 462 1.2 1
100000 4 50067 2.7996696389826 463 1.2 1
100000 4 46984 2.79185337186091 464 1.2 1
100000 4 50457 2.80469505952965 465 1.2 1
100000 4 50442 2.7938033441826 466 1.2 1
100000 4 50795 2.80434112005384 467 1.2 1
100000 4 53295 2.80080663231011 468 1.2 1
100000 4 53050 2.79638148236182 469 1.2 1
100000 4 52486 2.78772841949737 470 1.2 1
100000 4 53021 2.78819478328756 471 1.2 1
100000 4 45403 2.80166979519794 472 1.2 1
100000 4 51716 2.80312267866403 473 1.2 1
100000 4 51597 2.81345393672542 474 1.2 1
100000 4 41369 2.808199943836 475 1.2 1
100000 4 46328 2.80064975074217 476 1.2 1
100000 4 46173 2.79778974610058 477 1.2 1
100000 4 46839 2.79407655769768 478 1.2 1
100000 4 47967 2.79606872736932 479 1.2 1
100000 4 45534 2.79540435523999 480 1.2 1
100000 4 46202 2.80178754045081 481 1.2 1
100000 4 47287 2.81254394599916 482 1.2 1
100000 4 47711 2.78940027894003 483 1.2 1
100000 4 46868 2.79845525270051 484 1.2 1
100000 4 46426 2.80257276179533 485 1.2 1
100000 4 43824 2.79955207166853 486 1.2 1
100000 4 44372 2.7916585243293 487 1.2 1
100000 4 46870 2.80284769325635 488 1.2 1
100000 4 47240 2.79056788056369 489 1.2 1
100000 4 44737 2.80934387773735 490 1.2 1
100000 4 46133 2.79544342721364 491 1.2 1
100000 4 40432 2.80989645531562 492 1.2 1
100000 4 45335 2.80064975074217 493 1.2 1
100000 4 46459 2.80520646319569 494 1.2 1
100000 4 47949 2.80772686433064 495 1.2 1
100000 4 47735 2.80269058295964 496 1.2 1
100000 4 48873 2.79669430732874 497 1.2 1
100000 4 46843 2.80010080362893 498 1.2 1
100000 4 40924 2.80347631062518 499 1.2 1
100000 4 47232 2.79423270369956 500 1.2 1
100000 4 47547 2.80112044817927 501 1.2 1
100000 4 47185 2.79520901175385 502 1.2 1
100000 4 49326 2.8000224001792 503 1.2 1
100000 4 42394 2.79982641076253 504 1.2 1
100000 4 46497 2.81005437455215 505 1.2 1
100000 4 47117 2.79614690955863 506 1.2 1
100000 4 46027 2.80151281692114 507 1.2 1
100000 4 44569 2.8049704075622 508 1.2 1
100000 4 38944 2.8010812173499 509 1.2 1
100000 4 46540 2.79454504806617 510 1.2 1
100000 4 45566 2.80033604032484 511 1.2 1
100000 4 46492 2.79064575542781 512 1.2 1
100000 4 40540 2.80327983740977 513 1.2 1
100000 4 45550 2.80092430502066 514 1.2 1
100000 4 48589 2.783654381472 515 1.2 1
100000 4 40800 2.79583420703152 516 1.2 1
100000 4 45902 2.79286701763696 517 1.2 1
100000 4 46904 2.79739841946989 518 1.2 1
100000 4 44179 2.80025762370138 519 1.2 1
100000 4 44499 2.80619045614626 520 1.2 1
100000 4 43145 2.80210157618214 521 1.2 1
100000 4 43487 2.8041838422927 522 1.2 1
100000 4 45425 2.80218009611478 523 1.2 1
100000 4 45701 2.79462314506889 524 1.2 1
100000 4 40531 2.79302302847487 525 1.2 1
100000 4 40929 2.80320125583416 526 1.2 1
100000 4 40976 2.80088507968518 527 1.2 1
100000 4 44834 2.80320125583416 528 1.2 1
100000 4 42746 2.79904272738723 529 1.2 1
100000 4 46356 2.79896438317822 530 1.2 1
100000 4 44829 2.79939533060859 531 1.2 1
100000 4 43036 2.80371211484005 532 1.2 1
100000 4 43295 2.79759406910057 533 1.2 1
100000 4 43699 2.79649878352303 534 1.2 1
100000 4 42844 2.7923990896779 535 1.2 1
100000 4 43923 2.80398726989779 536 1.2 1
100000 4 44809 2.81009385713483 537 1.2 1
100000 4 44197 2.79732016727975 538 1.2 1
100000 4 44122 2.79669430732874 539 1.2 1
100000 4 40821 2.80218009611478 540 1.2 1
100000 4 44210 2.80194454951737 541 1.2 1
100000 4 43442 2.79825948260182 542 1.2 1
100000 4 45846 2.79220416596862 543 1.2 1
100000 4 43960 2.79970883028165 544 1.2 1
100000 4 42907 2.80163054897951 545 1.2 1
100000 4 44454 2.79692897198876 546 1.2 1
100000 4 36939 2.79524807826695 547 1.2 1
100000 4 38265 2.79802459463619 548 1.2 1
100000 4 44173 2.80269058295964 549 1.2 1
100000 4 44141 2.78800044608007 550 1.2 1
100000 4 42076 2.80182679106778 551 1.2 1
100000 4 37562 2.80202306064979 552 1.2 1
100000 4 39805 2.7955606496883 553 1.2 1
100000 4 44077 2.81029128669187 554 1.2 1
100000 4 45252 2.80772686433064 555 1.2 1
100000 4 45136 2.79853356841015 556 1.2 1
100000 4 38868 2.79084046160501 557 1.2 1
100000 4 43664 2.78838914758944 558 1.2 1
100000 4 43861 2.79353018409364 559 1.2 1
100000 4 46110 2.8026513081375 560 1.2 1
100000 4 43756 2.79673341537085 561 1.2 1
100000 4 43934 2.79739841946989 562 1.2 1
100000 4 44561 2.81202986375715 563 1.2 1
100000 4 44195 2.80524580966407 564 1.2 1
100000 4 37068 2.80693875259642 565 1.2 1
100000 4 43177 2.79775060851076 566 1.2 1
100000 4 41009 2.80638733758033 567 1.2 1
100000 4 38708 2.79673341537085 568 1.2 1
100000 4 42833 2.80875207145465 569 1.2 1
100000 4 42508 2.79759406910057 570 1.2 1
100000 4 43237 2.79908190113643 571 1.2 1
100000 4 43715 2.80100275898772 572 1.2 1
100000 4 42986 2.79423270369956 573 1.2 1
100000 4 42122 2.80375141939916 574 1.2 1
100000 4 42101 2.7955606496883 575 1.2 1
100000 4 42860 2.79181440017868 576 1.2 1
100000 4 37245 2.79642058165548 577 1.2 1
100000 4 35720 2.7935692036931 578 1.2 1
100000 4 37828 2.80532450591222 579 1.2 1
100000 4 35939 2.80010080362893 580 1.2 1
100000 4 41386 2.79368626903199 581 1.2 1
100000 4 37152 2.79994400111998 582 1.2 1
100000 4 42971 2.7957951241333 583 1.2 1
100000 4 42175 2.79591237610613 584 1.2 1
100000 4 42925 2.79959125967609 585 1.2 1
100000 4 40966 2.79524807826695 586 1.2 1
100000 4 41944 2.79822033186893 587 1.2 1
100000 4 43260 2.80218009611478 588 1.2 1
100000 4 42499 2.79282801765067 589 1.2 1
100000 4 43187 2.7957951241333 590 1.2 1
100000 4 40981 2.79497463560518 591 1.2 1
100000 4 35193 2.78210549744046 592 1.2 1
100000 4 42872 2.79618600229287 593 1.2 1
100000 4 40698 2.80563933506348 594 1.2 1
100000 4 37463 2.79677252450672 595 1.2 1
100000 4 42083 2.79298402413138 596 1.2 1
100000 4 38015 2.80272985888255 597 1.2 1
100000 4 42121 2.80061053309621 598 1.2 1
100000 4 42301 2.79185337186091 599 1.2 1
100000 4 42178 2.79442791074597 600 1.2 1
100000 4 38385 2.7957951241333 601 1.2 1
100000 4 42501 2.79974802267796 602 1.2 1
100000 4 37692 2.7994736989446 603 1.2 1
100000 4 41322 2.80061053309621 604 1.2 1
100000 4 41528 2.7971636760325 605 1.2 1
100000 4 43060 2.79822033186893 606 1.2 1
100000 4 42886 2.80178754045081 607 1.2 1
100000 4 40370 2.80261203441608 608 1.2 1
100000 4 39043 2.79943451422813 609 1.2 1
100000 4 37552 2.79399849124081 610 1.2 1
100000 4 36411 2.80548191165537 611 1.2 1
100000 4 43482 2.78955590270029 612 1.2 1
100000 4 42014 2.79814203368963 613 1.2 1
100000 4 42403 2.80119891313482 614 1.2 1
100000 4 39315 2.80355490762287 615 1.2 1
100000 4 39570 2.80170904251593 616 1.2 1
100000 4 41563 2.79892521271832 617 1.2 1
100000 4 38849 2.80017921146953 618 1.2 1
100000 4 40743 2.79712455595648 619 1.2 1
100000 4 41386 2.80233714918242 620 1.2 1
100000 4 38585 2.79657698976453 621 1.2 1
100000 4 33327 2.80611171130723 622 1.2 1
100000 4 39673 2.79923860709887 623 1.2 1
100000 4 41105 2.79286701763696 624 1.2 1
100000 4 35409 2.81021231154014 625 1.2 1
100000 4 37478 2.80540320657586 626 1.2 1
100000 4 41296 2.79970883028165 627 1.2 1
100000 4 36558 2.79743754720676 628 1.2 1
100000 4 41703 2.80057131654858 629 1.2 1
100000 4 39730 2.79298402413138 630 1.2 1
100000 4 40674 2.80316196669844 631 1.2 1
100000 4 37494 2.79849441000742 632 1.2 1
100000 4 39846 2.79216518449231 633 1.2 1
100000 4 40701 2.79115204800782 634 1.2 1
100000 4 36412 2.78986720232117 635 1.2 1
100000 4 39285 2.78811704515356 636 1.2 1
100000 4 41409 2.80202306064979 637 1.2 1
100000 4 40666 2.78582571874304 638 1.2 1
100000 4 39109 2.80119891313482 639 1.2 1
100000 4 39114 2.79095729835334 640 1.2 1
100000 4 39038 2.80725394419179 641 1.2 1
100000 4 39520 2.79959125967609 642 1.2 1
100000 4 40161 2.79509181876625 643 1.2 1
100000 4 41579 2.80092430502066 644 1.2 1
100000 4 35500 2.80335842339122 645 1.2 1
100000 4 40014 2.80166979519794 646 1.2 1
100000 4 41177 2.80021841703653 647 1.2 1
100000 4 40566 2.80096353145482 648 1.2 1
100000 4 37995 2.8062298302231 649 1.2 1
100000 4 35015 2.80049288674807 650 1.2 1
100000 4 41623 2.7938033441826 651 1.2 1
100000 4 39898 2.79559972603123 652 1.2 1
100000 4 42034 2.79567788199444 653 1.2 1
100000 4 39784 2.79505275662078 654 1.2 1
100000 4 32606 2.8062298302231 655 1.2 1
100000 4 39964 2.80061053309621 656 1.2 1
100000 4 41201 2.8048130592096 657 1.2 1
100000 4 38634 2.79360822438261 658 1.2 1
100000 4 35329 2.80061053309621 659 1.2 1
100000 4 40505 2.79759406910057 660 1.2 1
100000 4 34809 2.79802459463619 661 1.2 1
100000 4 40164 2.79696808659413 662 1.2 1
100000 4 34310 2.79645968204253 663 1.2 1
100000 4 39539 2.79321806653445 664 1.2 1
100000 4 40615 2.79107414488466 665 1.2 1
100000 4 37906 2.80127738248641 666 1.2 1
100000 4 32381 2.79642058165548 667 1.2 1
100000 4 34266 2.79634238416152 668 1.2 1
100000 4 34203 2.79688985847737 669 1.2 1
100000 4 36609 2.80194454951737 670 1.2 1
100000 4 38689 2.80993593346072 671 1.2 1
100000 4 38932 2.80701754385965 672 1.2 1
100000 4 37926 2.80508843041277 673 1.2 1
100000 4 38288 2.79606872736932 674 1.2 1
100000 4 39343 2.80457706977788 675 1.2 1
100000 4 37255 2.8036335090277 676 1.2 1
100000 4 32801 2.79822033186893 677 1.2 1
100000 4 37627 2.798376941374 678 1.2 1
100000 4 37392 2.8057967761395 679 1.2 1
100000 4 38655 2.79778974610058 680 1.2 1
100000 4 37966 2.81333520889014 681 1.2 1
100000 4 33323 2.80890986208253 682 1.2 1
100000 4 39539 2.80630858169164 683 1.2 1
100000 4 39624 2.79364724616223 684 1.2 1
100000 4 40432 2.80835767243316 685 1.2 1
100000 4 34292 2.7972027972028 686 1.2 1
100000 4 35151 2.80375141939916 687 1.2 1
100000 4 38260 2.79884687508746 688 1.2 1
100000 4 39504 2.79814203368963 689 1.2 1
100000 4 38591 2.79974802267796 690 1.2 1
100000 4 35772 2.80894931250966 691 1.2 1
100000 4 39374 2.79559972603123 692 1.2 1
100000 4 39030 2.79739841946989 693 1.2 1
100000 4 39083 2.79567788199444 694 1.2 1
100000 4 35525 2.8055999775552 695 1.2 1
100000 4 38213 2.79802459463619 696 1.2 1
100000 4 38983 2.8068993586235 697 1.2 1
100000 4 39760 2.78850577917823 698 1.2 1
100000 4 39460 2.79896438317822 699 1.2 1
100000 4 37972 2.79786802456528 700 1.2 1
100000 4 33628 2.80524580966407 701 1.2 1
100000 4 39735 2.79524807826695 702 1.2 1
100000 4 32084 2.80280841403086 703 1.2 1
100000 4 39272 2.80768744823326 704 1.2 1
100000 4 37134 2.80693875259642 705 1.2 1
100000 4 37877 2.79489651895639 706 1.2 1
100000 4 38060 2.79735929282757 707 1.2 1
100000 4 39018 2.79403752392395 708 1.2 1
100000 4 38611 2.79481840667403 709 1.2 1
100000 4 38122 2.80041446134028 710 1.2 1
100000 4 35581 2.79173646007817 711 1.2 1
100000 4 38532 2.79470124643676 712 1.2 1
100000 4 39034 2.79610781791746 713 1.2 1
100000 4 36384 2.80037525028354 714 1.2 1
100000 4 34941 2.79990480323669 715 1.2 1
100000 4 38996 2.80500974740887 716 1.2 1
100000 4 39170 2.78916687585418 717 1.2 1
100000 4 37480 2.79006179986887 718 1.2 1
100000 4 37655 2.80603297088741 719 1.2 1
100000 4 36064 2.79841609648939 720 1.2 1
100000 4 33495 2.7955606496883 721 1.2 1
100000 4 37683 2.78901129549575 722 1.2 1
100000 4 36920 2.79302302847487 723 1.2 1
100000 4 37944 2.79470124643676 724 1.2 1
100000 4 36717 2.79360822438261 725 1.2 1
100000 4 31206 2.79904272738723 726 1.2 1
100000 4 37442 2.79888604335474 727 1.2 1
100000 4 34857 2.80414452560885 728 1.2 1
100000 4 37231 2.79661609452562 729 1.2 1
100000 4 31059 2.79634238416152 730 1.2 1
100000 4 37289 2.79943451422813 731 1.2 1
100000 4 30665 2.8062298302231 732 1.2 1
100000 4 36888 2.80068896948649 733 1.2 1
100000 4 37839 2.79743754720676 734 1.2 1
100000 4 33747 2.79806373989199 735 1.2 1
100000 4 32795 2.7934521481647 736 1.2 1
100000 4 37476 2.80186604278449 737 1.2 1
100000 4 34702 2.80206231786595 738 1.2 1
100000 4 36526 2.80135585623442 739 1.2 1
100000 4 37883 2.79853356841015 740 1.2 1
100000 4 32745 2.79606872736932 741 1.2 1
100000 4 35635 2.79896438317822 742 1.2 1
100000 4 33730 2.80426247896803 743 1.2 1
100000 4 38365 2.7986118885033 744 1.2 1
100000 4 36854 2.80453774206666 745 1.2 1
100000 4 34209 2.79474029875774 746 1.2 1
100000 4 37193 2.79251605696733 747 1.2 1
100000 4 32789 2.7987293768629 748 1.2 1
100000 4 37995 2.79653788609701 749 1.2 1
100000 4 32136 2.79317905674343 750 1.2 1
100000 4 36958 2.79978721617157 751 1.2 1
100000 4 37322 2.79087940610086 752 1.2 1
100000 4 37798 2.80300482116829 753 1.2 1
100000 4 36589 2.7996696389826 754 1.2 1
100000 4 32311 2.80025762370138 755 1.2 1
100000 4 37085 2.79814203368963 756 1.2 1
100000 4 33236 2.79704631908704 757 1.2 1
100000 4 36505 2.80741156653565 758 1.2 1
100000 4 36663 2.80331912984974 759 1.2 1
100000 4 37741 2.79775060851076 760 1.2 1
100000 4 31403 2.79771147201589 761 1.2 1
100000 4 38751 2.79540435523999 762 1.2 1
100000 4 36834 2.80965960973828 763 1.2 1
100000 4 37690 2.79033428204699 764 1.2 1
100000 4 36622 2.80006160135523 765 1.2 1
100000 4 36374 2.79618600229287 766 1.2 1
100000 4 38074 2.79450600120164 767 1.2 1
100000 4 37963 2.80241568231816 768 1.2 1
100000 4 35530 2.79825948260182 769 1.2 1
100000 4 36729 2.79645968204253 770 1.2 1
100000 4 35811 2.79434982465455 771 1.2 1
100000 4 37271 2.80465572850933 772 1.2 1
100000 4 37193 2.80115968010756 773 1.2 1
100000 4 31663 2.79310104043014 774 1.2 1
100000 4 35947 2.80025762370138 775 1.2 1
100000 4 35014 2.79275002094563 776 1.2 1
100000 4 36117 2.80221935773132 777 1.2 1
100000 4 34971 2.79904272738723 778 1.2 1
100000 4 35010 2.7996696389826 779 1.2 1
100000 4 32089 2.79368626903199 780 1.2 1
100000 4 34965 2.80253349027521 781 1.2 1
100000 4 31068 2.80135585623442 782 1.2 1
100000 4 35922 2.80033604032484 783 1.2 1
100000 4 35222 2.80954120192173 784 1.2 1
100000 4 36395 2.80025762370138 785 1.2 1
100000 4 36495 2.78699032914356 786 1.2 1
100000 4 29236 2.79845525270051 787 1.2 1
100000 4 31185 2.79794630741036 788 1.2 1
100000 4 35712 2.80434112005384 789 1.2 1
100000 4 36165 2.80351560857315 790 1.2 1
100000 4 34540 2.79431078324531 791 1.2 1
100000 4 34583 2.79306203390777 792 1.2 1
100000 4 32842 2.79888604335474 793 1.2 1
100000 4 35762 2.79732016727975 794 1.2 1
100000 4 35923 2.804026582172 795 1.2 1
100000 4 36142 2.7972027972028 796 1.2 1
100000 4 31557 2.79278901875358 797 1.2 1
100000 4 36216 2.80394795872589 798 1.2 1
100000 4 34989 2.79974802267796 799 1.2 1
100000 4 30736 2.79532621456924 800 1.2 1
100000 4 34671 2.80351560857315 801 1.2 1
100000 4 32484 2.79657698976453 802 1.2 1
100000 4 36124 2.8030833917309 803 1.2 1
100000 4 35631 2.79649878352303 804 1.2 1
100000 4 35681 2.79595146228261 805 1.2 1
100000 4 32088 2.79614690955863 806 1.2 1
100000 4 35457 2.79810288624313 807 1.2 1
100000 4 30773 2.79278901875358 808 1.2 1
100000 4 34650 2.79696808659413 809 1.2 1
100000 4 36133 2.80135585623442 810 1.2 1
100000 4 35959 2.79649878352303 811 1.2 1
100000 4 33173 2.79673341537085 812 1.2 1
100000 4 30673 2.81108128241528 813 1.2 1
100000 4 32289 2.79376431804213 814 1.2 1
100000 4 36027 2.80331912984974 815 1.2 1
100000 4 35343 2.80017921146953 816 1.2 1
100000 4 36613 2.79610781791746 817 1.2 1
100000 4 30819 2.8048130592096 818 1.2 1
100000 4 34425 2.79743754720676 819 1.2 1
100000 4 35105 2.79403752392395 820 1.2 1
100000 4 34927 2.79700720229355 821 1.2 1
100000 4 36161 2.7957951241333 822 1.2 1
100000 4 31870 2.79900355473451 823 1.2 1
100000 4 35124 2.80540320657586 824 1.2 1
100000 4 34352 2.80292625501023 825 1.2 1
100000 4 33144 2.8014343343792 826 1.2 1
100000 4 36223 2.80717513965696 827 1.2 1
100000 4 34892 2.80178754045081 828 1.2 1
100000 4 35481 2.79767233661594 829 1.2 1
100000 4 34210 2.80693875259642 830 1.2 1
100000 4 36257 2.80788453978772 831 1.2 1
100000 4 34913 2.79177542958444 832 1.2 1
100000 4 25509 2.7916585243293 833 1.2 1
100000 4 25825 2.80206231786595 834 1.2 1
100000 4 25587 2.7904510764165 835 1.2 1
100000 4 137612 2.78543773153951 836 1.2 1
100000 4 186748 2.80257276179533 837 1.2 1
100000 4 219473 2.80658424664262 838 1.2 1
100000 4 191417 2.80014000700035 839 1.2 1
100000 4 226889 2.80119891313482 840 1.2 1
100000 4 220878 2.80316196669844 841 1.2 1
100000 4 188556 2.79943451422813 842 1.2 1
100000 4 220336 2.79778974610058 843 1.2 1
100000 4 219455 2.80198380453361 844 1.2 1
100000 4 224424 2.81052823878248 845 1.2 1
100000 4 226528 2.79466219520715 846 1.2 1
100000 4 218695 2.79794630741036 847 1.2 1
100000 4 184897 2.79618600229287 848 1.2 1
100000 4 225175 2.80139509475719 849 1.2 1
100000 4 225243 2.79095729835334 850 1.2 1
100000 4 225649 2.79884687508746 851 1.2 1
100000 4 197470 2.79986560645089 852 1.2 1
100000 4 185444 2.80194454951737 853 1.2 1
100000 4 193771 2.80233714918242 854 1.2 1
100000 4 227485 2.80339771803426 855 1.2 1
100000 4 224107 2.79575604232775 856 1.2 1
100000 4 223666 2.79454504806617 857 1.2 1
100000 4 193375 2.80190529560101 858 1.2 1
100000 4 207302 2.80473439165311 859 1.2 1
100000 4 50569 2.79267202859696 860 1.2 1
100000 4 46065 2.79197029343608 861 1.2 1
100000 4 53406 2.79743754720676 862 1.2 1
100000 4 49419 2.79912107598214 863 1.2 1
100000 4 50949 2.79021749745393 864 1.2 1
100000 4 51170 2.79477935217015 865 1.2 1
100000 4 43148 2.804026582172 866 1.2 1
100000 4 47105 2.79739841946989 867 1.2 1
100000 4 52208 2.805678693676 868 1.2 1
100000 4 50812 2.80371211484005 869 1.2 1
100000 4 51292 2.79853356841015 870 1.2 1
100000 4 48148 2.79638148236182 871 1.2 1
100000 4 52896 2.80359420777437 872 1.2 1
100000 4 44477 2.79567788199444 873 1.2 1
100000 4 52447 2.80115968010756 874 1.2 1
100000 4 49437 2.80619045614626 875 1.2 1
100000 4 50606 2.79661609452562 876 1.2 1
100000 4 46768 2.80072818932923 877 1.2 1
100000 4 45498 2.80662363177098 878 1.2 1
100000 4 49144 2.79302302847487 879 1.2 1
100000 4 45351 2.79091835168362 880 1.2 1
100000 4 42213 2.8068993586235 881 1.2 1
100000 4 46615 2.80237641520009 882 1.2 1
100000 4 46379 2.79763320231085 883 1.2 1
100000 4 48258 2.80284769325635 884 1.2 1
100000 4 47030 2.79185337186091 885 1.2 1
100000 4 45970 2.79673341537085 886 1.2 1
100000 4 47825 2.79634238416152 887 1.2 1
100000 4 46617 2.80875207145465 888 1.2 1
100000 4 40749 2.80339771803426 889 1.2 1
100000 4 43217 2.80088507968518 890 1.2 1
100000 4 46478 2.79247706678209 891 1.2 1
100000 4 46752 2.79900355473451 892 1.2 1
100000 4 47916 2.79657698976453 893 1.2 1
100000 4 48565 2.79591237610613 894 1.2 1
100000 4 47363 2.80198380453361 895 1.2 1
100000 4 46852 2.7923990896779 896 1.2 1
100000 4 49365 2.80540320657586 897 1.2 1
100000 4 41870 2.80383003182347 898 1.2 1
100000 4 41741 2.79959125967609 899 1.2 1
100000 4 48065 2.80595423488643 900 1.2 1
100000 4 47304 2.80324054607126 901 1.2 1
100000 4 48438 2.80493106881898 902 1.2 1
100000 4 46410 2.7986118885033 903 1.2 1
100000 4 44591 2.79904272738723 904 1.2 1
100000 4 43736 2.79509181876625 905 1.2 1
100000 4 46912 2.79263303405616 906 1.2 1
100000 4 41864 2.798376941374 907 1.2 1
100000 4 48024 2.79220416596862 908 1.2 1
100000 4 41638 2.79501369556711 909 1.2 1
100000 4 46796 2.80300482116829 910 1.2 1
100000 4 43229 2.79900355473451 911 1.2 1
100000 4 42609 2.79442791074597 912 1.2 1
100000 4 42299 2.80190529560101 913 1.2 1
100000 4 48169 2.80186604278449 914 1.2 1
100000 4 41492 2.79630328705451 915 1.2 1
100000 4 42196 2.81563239103503 916 1.2 1
100000 4 40859 2.79626419104077 917 1.2 1
100000 4 45553 2.80210157618214 918 1.2 1
100000 4 48207 2.79642058165548 919 1.2 1
100000 4 42537 2.80390864865623 920 1.2 1
100000 4 46788 2.79732016727975 921 1.2 1
100000 4 47285 2.7935692036931 922 1.2 1
100000 4 40396 2.78862242052426 923 1.2 1
100000 4 45120 2.79959125967609 924 1.2 1
100000 4 46279 2.8021408355984 925 1.2 1
100000 4 44579 2.79786802456528 926 1.2 1
100000 4 37501 2.79990480323669 927 1.2 1
100000 4 44329 2.79626419104077 928 1.2 1
100000 4 43438 2.78920577365595 929 1.2 1
100000 4 42989 2.80485239464273 930 1.2 1
100000 4 41957 2.80552126585119 931 1.2 1
100000 4 44648 2.79458409602191 932 1.2 1
100000 4 44806 2.80524580966407 933 1.2 1
100000 4 44615 2.8000224001792 934 1.2 1
100000 4 40712 2.79822033186893 935 1.2 1
100000 4 44489 2.7904510764165 936 1.2 1
100000 4 39714 2.80284769325635 937 1.2 1
100000 4 43709 2.79794630741036 938 1.2 1
100000 4 40902 2.79606872736932 939 1.2 1
100000 4 45058 2.79747667603821 940 1.2 1
100000 4 37165 2.81151596941071 941 1.2 1
100000 4 44622 2.79119100120021 942 1.2 1
100000 4 43281 2.79282801765067 943 1.2 1
100000 4 46998 2.79185337186091 944 1.2 1
100000 4 43734 2.79759406910057 945 1.2 1
100000 4 38162 2.7916585243293 946 1.2 1
100000 4 45530 2.79982641076253 947 1.2 1
100000 4 43786 2.79692897198876 948 1.2 1
100000 4 43853 2.7996696389826 949 1.2 1
100000 4 45941 2.79364724616223 950 1.2 1
100000 4 44546 2.7994736989446 951 1.2 1
100000 4 44201 2.79986560645089 952 1.2 1
100000 4 40743 2.79493557673496 953 1.2 1
100000 4 43406 2.79833778735431 954 1.2 1
100000 4 45248 2.78695149310926 955 1.2 1
100000 4 46152 2.80316196669844 956 1.2 1
100000 4 39035 2.80331912984974 957 1.2 1
100000 4 43538 2.78272484416741 958 1.2 1
100000 4 37965 2.79876854184159 959 1.2 1
100000 4 40707 2.81214848143982 960 1.2 1
100000 4 43240 2.79888604335474 961 1.2 1
100000 4 44869 2.78873907162876 962 1.2 1
100000 4 43826 2.80131661881084 963 1.2 1
100000 4 45836 2.80190529560101 964 1.2 1
100000 4 45852 2.79080151819603 965 1.2 1
100000 4 44459 2.79904272738723 966 1.2 1
100000 4 42756 2.80119891313482 967 1.2 1
100000 4 46530 2.80037525028354 968 1.2 1
100000 4 41071 2.80879151744962 969 1.2 1
100000 4 42693 2.79236010275885 970 1.2 1
100000 4 36794 2.79692897198876 971 1.2 1
100000 4 42448 2.79955207166853 972 1.2 1
100000 4 37397 2.8068993586235 973 1.2 1
100000 4 37922 2.79970883028165 974 1.2 1
100000 4 43340 2.80123814726109 975 1.2 1
100000 4 42857 2.79614690955863 976 1.2 1
100000 4 43844 2.80284769325635 977 1.2 1
100000 4 41440 2.80017921146953 978 1.2 1
100000 4 43266 2.80045367349511 979 1.2 1
100000 4 42942 2.79407655769768 980 1.2 1
100000 4 41752 2.79653788609701 981 1.2 1
100000 4 38488 2.7957951241333 982 1.2 1
100000 4 38416 2.80800280800281 983 1.2 1
100000 4 41935 2.80536385569208 984 1.2 1
100000 4 36705 2.80552126585119 985 1.2 1
100000 4 43486 2.81155549307654 986 1.2 1
100000 4 41776 2.80626920540487 987 1.2 1
100000 4 42709 2.79896438317822 988 1.2 1
100000 4 42634 2.80650547970195 989 1.2 1
100000 4 41972 2.80115968010756 990 1.2 1
100000 4 42631 2.79290601871247 991 1.2 1
100000 4 43047 2.79700720229355 992 1.2 1
100000 4 40818 2.79056788056369 993 1.2 1
100000 4 41921 2.80061053309621 994 1.2 1
100000 4 35469 2.79728104282637 995 1.2 1
100000 4 37765 2.79775060851076 996 1.2 1
100000 4 39236 2.8041838422927 997 1.2 1
100000 4 41621 2.80493106881898 998 1.2 1
100000 4 42759 2.79333510244556 999 1.2 1
100000 4 38756 2.80041446134028 1000 1.2 1
