100000 4 17859 2.3901144864839 1 2 1
100000 4 25282 2.39380483309196 2 2 1
100000 4 21574 2.38501258094136 3 2 1
100000 4 22080 2.39231588138898 4 2 1
100000 4 21521 2.3835061375283 5 2 1
100000 4 25819 2.39091452480574 6 2 1
100000 4 25878 2.38962901009618 7 2 1
100000 4 26252 2.3938621374795 8 2 1
100000 4 20138 2.3958408203359 9 2 1
100000 4 144966 2.38646397632628 10 2 1
100000 4 224475 2.38418806475455 11 2 1
100000 4 184305 2.38589459117696 12 2 1
100000 4 219464 2.38464289972577 13 2 1
100000 4 194057 2.38475663558534 14 2 1
100000 4 221586 2.38971466806863 15 2 1
100000 4 188026 2.39300285963842 16 2 1
100000 4 193964 2.38726157225047 17 2 1
100000 4 219296 2.39320330262056 18 2 1
100000 4 181463 2.38925789649735 19 2 1
100000 4 224171 2.39045729448043 20 2 1
100000 4 219445 2.38353454337437 21 2 1
100000 4 224461 2.3851547965463 22 2 1
100000 4 186655 2.38674877082438 23 2 1
100000 4 223206 2.38617924978524 24 2 1
100000 4 224207 2.38612231262975 25 2 1
100000 4 190140 2.38788862887435 26 2 1
100000 4 224893 2.38783161011485 27 2 1
100000 4 219303 2.38814524699392 28 2 1
100000 4 183837 2.39120038259206 29 2 1
100000 4 223289 2.39174370074503 30 2 1
100000 4 186100 2.3844438880742 31 2 1
100000 4 186635 2.38632160456265 32 2 1
100000 4 224682 2.38640702558228 33 2 1
100000 4 102024 2.38529702911255 34 2 1
100000 4 53317 2.39466468707719 35 2 1
100000 4 50333 2.38760356230451 36 2 1
100000 4 51511 2.38592305398151 37 2 1
100000 4 43603 2.39538170407454 38 2 1
100000 4 46952 2.39220142335985 39 2 1
100000 4 43929 2.38575228734001 40 2 1
100000 4 49368 2.38640702558228 41 2 1
100000 4 45915 2.38957190819265 42 2 1
100000 4 54161 2.39065731122772 43 2 1
100000 4 50452 2.38788862887435 44 2 1
100000 4 50257 2.38558154514117 45 2 1
100000 4 48319 2.38475663558534 46 2 1
100000 4 47187 2.38991456055446 47 2 1
100000 4 47432 2.38734706057893 48 2 1
100000 4 40595 2.3858376676051 49 2 1
100000 4 44003 2.38597998162795 50 2 1
100000 4 46345 2.38891543239369 51 2 1
100000 4 39660 2.38780310175623 52 2 1
100000 4 43380 2.38361976497509 53 2 1
100000 4 46425 2.38652092978855 54 2 1
100000 4 39771 2.39211558702516 55 2 1
100000 4 40015 2.38997167883561 56 2 1
100000 4 43246 2.38914373088685 57 2 1
100000 4 42220 2.38814524699392 58 2 1
100000 4 46804 2.39300285963842 59 2 1
100000 4 40434 2.3875180556053 60 2 1
100000 4 44126 2.3880882159787 61 2 1
100000 4 46093 2.39094310750876 62 2 1
100000 4 47312 2.3906287353574 63 2 1
100000 4 39700 2.38381863907794 64 2 1
100000 4 47643 2.38606537819136 65 2 1
100000 4 47415 2.38897250292649 66 2 1
100000 4 39810 2.37998905205036 67 2 1
100000 4 44100 2.39048586625232 68 2 1
100000 4 39898 2.38285298988479 69 2 1
100000 4 44528 2.38381863907794 70 2 1
100000 4 46034 2.38521168753727 71 2 1
100000 4 48021 2.39145771304899 72 2 1
100000 4 44241 2.39383348494279 73 2 1
100000 4 47133 2.38401754636914 74 2 1
100000 4 47968 2.38831635638457 75 2 1
100000 4 46647 2.39085736144982 76 2 1
100000 4 45509 2.38851601499988 77 2 1
100000 4 47523 2.39397675448571 78 2 1
100000 4 46003 2.38968611472883 79 2 1
100000 4 40749 2.39721922569819 80 2 1
100000 4 48369 2.38595151746517 81 2 1
100000 4 39333 2.38825931719666 82 2 1
100000 4 39620 2.38743255503032 83 2 1
100000 4 46951 2.39151490511665 84 2 1
100000 4 46633 2.38902957618615 85 2 1
100000 4 46000 2.39360428933889 86 2 1
100000 4 45939 2.38851601499988 87 2 1
100000 4 47167 2.38643550061451 88 2 1
100000 4 47811 2.38464289972577 89 2 1
100000 4 43447 2.39670213785831 90 2 1
100000 4 43450 2.38475663558534 91 2 1
100000 4 42768 2.38825931719666 92 2 1
100000 4 45739 2.39225865100535 93 2 1
100000 4 43954 2.39048586625232 94 2 1
100000 4 37150 2.38994311935376 95 2 1
100000 4 41903 2.38843044293443 96 2 1
100000 4 41590 2.38805970149254 97 2 1
100000 4 38249 2.38455760495034 98 2 1
100000 4 44005 2.39457867388233 99 2 1
100000 4 43825 2.38917227126662 100 2 1
100000 4 43872 2.38706212329176 101 2 1
100000 4 43485 2.3916006983474 102 2 1
100000 4 43031 2.39017161432191 103 2 1
100000 4 44033 2.38563845649192 104 2 1
100000 4 39258 2.38777459407832 105 2 1
100000 4 37469 2.39294559638187 106 2 1
100000 4 38674 2.39094310750876 107 2 1
100000 4 44016 2.39429200785328 108 2 1
100000 4 36273 2.3908859427861 109 2 1
100000 4 42497 2.38805970149254 110 2 1
100000 4 44305 2.38928643960481 111 2 1
100000 4 43627 2.39105744515512 112 2 1
100000 4 42824 2.38489882066753 113 2 1
100000 4 45417 2.38467133267357 114 2 1
100000 4 43958 2.38421648685701 115 2 1
100000 4 39117 2.38424490963712 116 2 1
100000 4 43088 2.38541082737975 117 2 1
100000 4 43670 2.3828813801649 118 2 1
100000 4 36598 2.38308013106941 119 2 1
100000 4 43674 2.38322211630124 120 2 1
100000 4 43445 2.39371888165454 121 2 1
100000 4 44004 2.38931498339426 122 2 1
100000 4 43664 2.38780310175623 123 2 1
100000 4 44365 2.38404596440619 124 2 1
100000 4 44127 2.38771758076455 125 2 1
100000 4 43938 2.39440666602816 126 2 1
100000 4 38304 2.38962901009618 127 2 1
100000 4 42255 2.39208697628246 128 2 1
100000 4 43788 2.38823079862438 129 2 1
100000 4 37771 2.38900103921545 130 2 1
100000 4 38822 2.39151490511665 131 2 1
100000 4 45611 2.39432067136752 132 2 1
100000 4 43250 2.39148630874088 133 2 1
100000 4 39418 2.38543927864316 134 2 1
100000 4 39977 2.38954335826424 135 2 1
100000 4 42137 2.38888689814981 136 2 1
100000 4 40513 2.38885836458756 137 2 1
100000 4 43441 2.3860084464699 138 2 1
100000 4 37257 2.39000023900002 139 2 1
100000 4 40056 2.38757505939093 140 2 1
100000 4 36148 2.38686270765706 141 2 1
100000 4 36918 2.38885836458756 142 2 1
100000 4 35698 2.39134333711963 143 2 1
100000 4 36783 2.39331785654453 144 2 1
100000 4 36424 2.39317466585299 145 2 1
100000 4 35410 2.38478507124545 146 2 1
100000 4 36922 2.38934352786572 147 2 1
100000 4 35828 2.38911519118894 148 2 1
100000 4 36234 2.38620771938197 149 2 1
100000 4 41401 2.38367658276125 150 2 1
100000 4 35103 2.38997167883561 151 2 1
100000 4 39731 2.3901144864839 152 2 1
100000 4 36274 2.38703363330389 153 2 1
100000 4 37675 2.39148630874088 154 2 1
100000 4 39922 2.38868717752723 155 2 1
100000 4 39031 2.39257345200498 156 2 1
100000 4 41727 2.38902957618615 157 2 1
100000 4 41249 2.3916006983474 158 2 1
100000 4 39293 2.39377618192699 159 2 1
100000 4 41123 2.39460734426072 160 2 1
100000 4 40325 2.38791713927527 161 2 1
100000 4 44729 2.39025731119955 162 2 1
100000 4 42409 2.39065731122772 163 2 1
100000 4 36886 2.38957190819265 164 2 1
100000 4 38408 2.39031444586535 165 2 1
100000 4 42012 2.38922935407184 166 2 1
100000 4 42887 2.39263069745185 167 2 1
100000 4 41435 2.38743255503032 168 2 1
100000 4 41537 2.38925789649735 169 2 1
100000 4 42668 2.39185811497662 170 2 1
100000 4 39146 2.38467133267357 171 2 1
100000 4 39286 2.38740405619949 172 2 1
100000 4 41770 2.38672028831581 173 2 1
100000 4 42311 2.38743255503032 174 2 1
100000 4 36177 2.3898288882516 175 2 1
100000 4 39939 2.388002674563 176 2 1
100000 4 36046 2.38464289972577 177 2 1
100000 4 40622 2.38763206589865 178 2 1
100000 4 41896 2.39443533228776 179 2 1
100000 4 42913 2.38333571666905 180 2 1
100000 4 43174 2.39374753144786 181 2 1
100000 4 42210 2.38589459117696 182 2 1
100000 4 44008 2.39054301184514 183 2 1
100000 4 41864 2.38526858124225 184 2 1
100000 4 41483 2.38931498339426 185 2 1
100000 4 38345 2.38994311935376 186 2 1
100000 4 36869 2.39615656486995 187 2 1
100000 4 37356 2.38603691199103 188 2 1
100000 4 35201 2.39214419845228 189 2 1
100000 4 38249 2.38974322209079 190 2 1
100000 4 33946 2.38803118768731 191 2 1
100000 4 39426 2.38435860753457 192 2 1
100000 4 38803 2.39097169089518 193 2 1
100000 4 40454 2.39225865100535 194 2 1
100000 4 35840 2.38381863907794 195 2 1
100000 4 34923 2.38387546634564 196 2 1
100000 4 40138 2.38672028831581 197 2 1
100000 4 40612 2.38672028831581 198 2 1
100000 4 41123 2.38746105454155 199 2 1
100000 4 39765 2.39220142335985 200 2 1
100000 4 40159 2.38589459117696 201 2 1
100000 4 36408 2.38526858124225 202 2 1
100000 4 34500 2.39205836622414 203 2 1
100000 4 39641 2.39045729448043 204 2 1
100000 4 38225 2.39320330262056 205 2 1
100000 4 38338 2.38945771257213 206 2 1
100000 4 34476 2.38854454038432 207 2 1
100000 4 39009 2.38521168753727 208 2 1
100000 4 34590 2.38760356230451 209 2 1
100000 4 36385 2.39045729448043 210 2 1
100000 4 39840 2.39263069745185 211 2 1
100000 4 40874 2.39080020082722 212 2 1
100000 4 40588 2.38398912900957 213 2 1
100000 4 40578 2.3877460870811 214 2 1
100000 4 39064 2.39034301422254 215 2 1
100000 4 41795 2.39420602142814 216 2 1
100000 4 40327 2.39443533228776 217 2 1
100000 4 38763 2.38592305398151 218 2 1
100000 4 35605 2.39240173209885 219 2 1
100000 4 38588 2.38803118768731 220 2 1
100000 4 32994 2.39489408580906 221 2 1
100000 4 36074 2.38305173605319 222 2 1
100000 4 40482 2.38632160456265 223 2 1
100000 4 40848 2.39237311451094 224 2 1
100000 4 35099 2.39311739437378 225 2 1
100000 4 38649 2.38962901009618 226 2 1
100000 4 37801 2.38757505939093 227 2 1
100000 4 36731 2.38526858124225 228 2 1
100000 4 34237 2.38404596440619 229 2 1
100000 4 39633 2.38960045880329 230 2 1
100000 4 41402 2.38922935407184 231 2 1
100000 4 33430 2.38968611472883 232 2 1
100000 4 40710 2.38435860753457 233 2 1
100000 4 39745 2.39005736137667 234 2 1
100000 4 39948 2.38788862887435 235 2 1
100000 4 36682 2.3906287353574 236 2 1
100000 4 38940 2.38529702911255 237 2 1
100000 4 39948 2.39005736137667 238 2 1
100000 4 40344 2.38931498339426 239 2 1
100000 4 40613 2.38325051537792 240 2 1
100000 4 40012 2.38595151746517 241 2 1
100000 4 38588 2.38757505939093 242 2 1
100000 4 34149 2.3877460870811 243 2 1
100000 4 36206 2.39074304293774 244 2 1
100000 4 38089 2.39177230327673 245 2 1
100000 4 33670 2.38657788596931 246 2 1
100000 4 34206 2.38746105454155 247 2 1
100000 4 30451 2.38786011915422 248 2 1
100000 4 34518 2.39200114816055 249 2 1
100000 4 38769 2.38957190819265 250 2 1
100000 4 34009 2.38566691318558 251 2 1
100000 4 32369 2.38251235928286 252 2 1
100000 4 32202 2.39627140169896 253 2 1
100000 4 34542 2.38757505939093 254 2 1
100000 4 37966 2.38563845649192 255 2 1
100000 4 33251 2.38262589199557 256 2 1
100000 4 37351 2.38820228073318 257 2 1
100000 4 37878 2.38911519118894 258 2 1
100000 4 35334 2.38612231262975 259 2 1
100000 4 37331 2.39168649773388 260 2 1
100000 4 38269 2.38418806475455 261 2 1
100000 4 33927 2.38660636507918 262 2 1
100000 4 38481 2.3985704520106 263 2 1
100000 4 33047 2.38316532017826 264 2 1
100000 4 37723 2.3918295103925 265 2 1
100000 4 38975 2.38914373088685 266 2 1
100000 4 39737 2.38361976497509 267 2 1
100000 4 34158 2.38617924978524 268 2 1
100000 4 38485 2.3833641184532 269 2 1
100000 4 38536 2.385382376795 270 2 1
100000 4 38336 2.38717609004428 271 2 1
100000 4 39438 2.38700514399609 272 2 1
100000 4 38765 2.38717609004428 273 2 1
100000 4 38954 2.39417736065888 274 2 1
100000 4 40232 2.38398912900957 275 2 1
100000 4 38127 2.38478507124545 276 2 1
100000 4 38841 2.39240173209885 277 2 1
100000 4 33746 2.38823079862438 278 2 1
100000 4 35094 2.38518324170254 279 2 1
100000 4 37348 2.39650110838176 280 2 1
100000 4 40630 2.38666332533801 281 2 1
100000 4 38544 2.38424490963712 282 2 1
100000 4 38636 2.38526858124225 283 2 1
100000 4 39219 2.38994311935376 284 2 1
100000 4 33933 2.39377618192699 285 2 1
100000 4 37816 2.38871570700013 286 2 1
100000 4 32179 2.38282460028117 287 2 1
100000 4 38693 2.39274519656402 288 2 1
100000 4 37168 2.3945213351851 289 2 1
100000 4 39895 2.38185975609756 290 2 1
100000 4 32529 2.38740405619949 291 2 1
100000 4 38638 2.38905811383862 292 2 1
100000 4 39009 2.38746105454155 293 2 1
100000 4 38881 2.3872045834328 294 2 1
100000 4 38935 2.39037158326262 295 2 1
100000 4 39385 2.39134333711963 296 2 1
100000 4 37729 2.38711910530776 297 2 1
100000 4 37442 2.38786011915422 298 2 1
100000 4 37852 2.3877460870811 299 2 1
100000 4 33394 2.39326057821176 300 2 1
100000 4 35224 2.38845896627496 301 2 1
100000 4 31717 2.39406272444338 302 2 1
100000 4 33063 2.38450074515648 303 2 1
100000 4 36398 2.38711910530776 304 2 1
100000 4 36488 2.39094310750876 305 2 1
100000 4 37133 2.39403406710478 306 2 1
100000 4 30494 2.39612785738247 307 2 1
100000 4 32036 2.39254483030876 308 2 1
100000 4 36098 2.38478507124545 309 2 1
100000 4 37012 2.39025731119955 310 2 1
100000 4 32456 2.3872045834328 311 2 1
100000 4 35474 2.38677725401277 312 2 1
100000 4 30987 2.38418806475455 313 2 1
100000 4 37453 2.38697665536831 314 2 1
100000 4 29866 2.38931498339426 315 2 1
100000 4 35571 2.38447231627641 316 2 1
100000 4 32755 2.38743255503032 317 2 1
100000 4 32214 2.387945650357 318 2 1
100000 4 31309 2.38931498339426 319 2 1
100000 4 35896 2.39412004117886 320 2 1
100000 4 36195 2.3958408203359 321 2 1
100000 4 30980 2.38729006767967 322 2 1
100000 4 36873 2.38342092405229 323 2 1
100000 4 31884 2.392602074386 324 2 1
100000 4 37162 2.38674877082438 325 2 1
100000 4 36158 2.38988600243768 326 2 1
100000 4 37027 2.38654940753911 327 2 1
100000 4 37191 2.39223003684034 328 2 1
100000 4 33293 2.38934352786572 329 2 1
100000 4 32527 2.3853539268889 330 2 1
100000 4 36839 2.38316532017826 331 2 1
100000 4 37261 2.39475070645146 332 2 1
100000 4 36735 2.39148630874088 333 2 1
100000 4 38014 2.39117179373752 334 2 1
100000 4 37490 2.38894396731925 335 2 1
100000 4 32033 2.3852401340505 336 2 1
100000 4 32310 2.39022874489089 337 2 1
100000 4 37803 2.39354699729529 338 2 1
100000 4 33059 2.39157209991988 339 2 1
100000 4 33167 2.39348970799426 340 2 1
100000 4 37348 2.38791713927527 341 2 1
100000 4 36721 2.39002879984704 342 2 1
100000 4 36841 2.38760356230451 343 2 1
100000 4 33420 2.38495569944788 344 2 1
100000 4 36999 2.38880129950791 345 2 1
100000 4 36150 2.38854454038432 346 2 1
100000 4 37285 2.39297422766757 347 2 1
100000 4 37865 2.38974322209079 348 2 1
100000 4 38053 2.38580920683773 349 2 1
100000 4 37343 2.38663484486873 350 2 1
100000 4 35190 2.3918295103925 351 2 1
100000 4 36790 2.38840192027514 352 2 1
100000 4 36725 2.39134333711963 353 2 1
100000 4 35767 2.38472820060334 354 2 1
100000 4 35700 2.3948080561343 355 2 1
100000 4 35405 2.38945771257213 356 2 1
100000 4 36282 2.39914590405816 357 2 1
100000 4 35541 2.38783161011485 358 2 1
100000 4 36436 2.38831635638457 359 2 1
100000 4 35604 2.38441546054985 360 2 1
100000 4 35379 2.38686270765706 361 2 1
100000 4 30322 2.38920081232828 362 2 1
100000 4 36723 2.38820228073318 363 2 1
100000 4 35314 2.38376181451949 364 2 1
100000 4 30740 2.38589459117696 365 2 1
100000 4 35147 2.38635007755638 366 2 1
100000 4 34370 2.38763206589865 367 2 1
100000 4 31710 2.38848749029677 368 2 1
100000 4 34369 2.38823079862438 369 2 1
100000 4 35184 2.38700514399609 370 2 1
100000 4 35211 2.39280245022971 371 2 1
100000 4 36527 2.39060016017021 372 2 1
100000 4 36009 2.38880129950791 373 2 1
100000 4 34315 2.38666332533801 374 2 1
100000 4 28773 2.3875180556053 375 2 1
100000 4 32702 2.38791713927527 376 2 1
100000 4 28321 2.3828813801649 377 2 1
100000 4 36125 2.38914373088685 378 2 1
100000 4 29938 2.38635007755638 379 2 1
100000 4 35358 2.38988600243768 380 2 1
100000 4 29688 2.38797416211957 381 2 1
100000 4 34018 2.388002674563 382 2 1
100000 4 29879 2.38905811383862 383 2 1
100000 4 35171 2.39111461807922 384 2 1
100000 4 34760 2.38680573788099 385 2 1
100000 4 35448 2.39005736137667 386 2 1
100000 4 36837 2.38384705237312 387 2 1
100000 4 33123 2.39042872339154 388 2 1
100000 4 35192 2.39117179373752 389 2 1
100000 4 30189 2.38700514399609 390 2 1
100000 4 34843 2.38905811383862 391 2 1
100000 4 29880 2.39185811497662 392 2 1
100000 4 34685 2.38529702911255 393 2 1
100000 4 34165 2.39251620929732 394 2 1
100000 4 36917 2.38825931719666 395 2 1
100000 4 31093 2.39280245022971 396 2 1
100000 4 34556 2.38746105454155 397 2 1
100000 4 34352 2.39125756235204 398 2 1
100000 4 31801 2.3858376676051 399 2 1
100000 4 31346 2.38501258094136 400 2 1
100000 4 35071 2.39194393283421 401 2 1
100000 4 37955 2.38786011915422 402 2 1
100000 4 30242 2.39328921703543 403 2 1
100000 4 35178 2.38450074515648 404 2 1
100000 4 34036 2.39094310750876 405 2 1
100000 4 33076 2.38882983170694 406 2 1
100000 4 35215 2.39197254015524 407 2 1
100000 4 34561 2.38871570700013 408 2 1
100000 4 36259 2.38487038229472 409 2 1
100000 4 35569 2.38384705237312 410 2 1
100000 4 31262 2.3835061375283 411 2 1
100000 4 29551 2.38706212329176 412 2 1
100000 4 25988 2.38877276799044 413 2 1
100000 4 25611 2.3906858877812 414 2 1
100000 4 25827 2.38962901009618 415 2 1
100000 4 25684 2.39357564297426 416 2 1
100000 4 25741 2.39114320556658 417 2 1
100000 4 20638 2.39263069745185 418 2 1
100000 4 21487 2.39057158566613 419 2 1
100000 4 25798 2.39002879984704 420 2 1
100000 4 25773 2.38706212329176 421 2 1
100000 4 25895 2.38387546634564 422 2 1
100000 4 20884 2.38683422242908 423 2 1
100000 4 25420 2.39014305006155 424 2 1
100000 4 20676 2.38612231262975 425 2 1
100000 4 22624 2.38834487700024 426 2 1
100000 4 119771 2.38495569944788 427 2 1
100000 4 225602 2.387945650357 428 2 1
100000 4 226465 2.38968611472883 429 2 1
100000 4 187973 2.38994311935376 430 2 1
100000 4 218866 2.38814524699392 431 2 1
100000 4 222139 2.38974322209079 432 2 1
100000 4 194675 2.39057158566613 433 2 1
100000 4 193795 2.39148630874088 434 2 1
100000 4 220877 2.39243035037142 435 2 1
100000 4 224625 2.39477938094953 436 2 1
100000 4 184936 2.37953599048186 437 2 1
100000 4 210762 2.3886586487358 438 2 1
100000 4 224875 2.38680573788099 439 2 1
100000 4 189009 2.38965756207136 440 2 1
100000 4 224786 2.38541082737975 441 2 1
100000 4 224900 2.38925789649735 442 2 1
100000 4 224813 2.38828783645005 443 2 1
100000 4 224799 2.38811673114582 444 2 1
100000 4 225254 2.38450074515648 445 2 1
100000 4 223605 2.39719049274251 446 2 1
100000 4 181529 2.38666332533801 447 2 1
100000 4 220736 2.39549646664271 448 2 1
100000 4 187521 2.38882983170694 449 2 1
100000 4 216148 2.38677725401277 450 2 1
100000 4 50096 2.39197254015524 451 2 1
100000 4 49706 2.38951480901803 452 2 1
100000 4 52589 2.38714759733594 453 2 1
100000 4 51270 2.3948367320058 454 2 1
100000 4 53595 2.38845896627496 455 2 1
100000 4 52063 2.38652092978855 456 2 1
100000 4 52491 2.38791713927527 457 2 1
100000 4 51681 2.38854454038432 458 2 1
100000 4 45793 2.39713302889744 459 2 1
100000 4 51115 2.39563993531772 460 2 1
100000 4 43114 2.3906287353574 461 2 1
100000 4 50845 2.38612231262975 462 2 1
100000 4 44476 2.39225865100535 463 2 1
100000 4 41290 2.39122897213023 464 2 1
100000 4 39835 2.39045729448043 465 2 1
100000 4 42761 2.38546773058527 466 2 1
100000 4 46982 2.38743255503032 467 2 1
100000 4 40416 2.3851547965463 468 2 1
100000 4 47688 2.38646397632628 469 2 1
100000 4 46113 2.38837339829709 470 2 1
100000 4 47531 2.387945650357 471 2 1
100000 4 48832 2.3877460870811 472 2 1
100000 4 47544 2.38595151746517 473 2 1
100000 4 49626 2.39621398190858 474 2 1
100000 4 47216 2.39240173209885 475 2 1
100000 4 47013 2.38347773235929 476 2 1
100000 4 46185 2.3886586487358 477 2 1
100000 4 47287 2.38902957618615 478 2 1
100000 4 47157 2.38837339829709 479 2 1
100000 4 45782 2.39228726585488 480 2 1
100000 4 47104 2.39197254015524 481 2 1
100000 4 48645 2.38994311935376 482 2 1
100000 4 41870 2.38620771938197 483 2 1
100000 4 48105 2.38703363330389 484 2 1
100000 4 46383 2.39277382305438 485 2 1
100000 4 47705 2.38837339829709 486 2 1
100000 4 48138 2.39071446501787 487 2 1
100000 4 40665 2.38643550061451 488 2 1
100000 4 47339 2.38683422242908 489 2 1
100000 4 49074 2.38691968015276 490 2 1
100000 4 46970 2.38433018204361 491 2 1
100000 4 41089 2.3948080561343 492 2 1
100000 4 46315 2.39839787022269 493 2 1
100000 4 46955 2.38007402030203 494 2 1
100000 4 40518 2.38954335826424 495 2 1
100000 4 48331 2.3875180556053 496 2 1
100000 4 46357 2.38635007755638 497 2 1
100000 4 49942 2.39423468288362 498 2 1
100000 4 47646 2.38700514399609 499 2 1
100000 4 46999 2.39054301184514 500 2 1
100000 4 45257 2.38945771257213 501 2 1
100000 4 47783 2.38803118768731 502 2 1
100000 4 47648 2.38310852676231 503 2 1
100000 4 47884 2.38518324170254 504 2 1
100000 4 48751 2.38484194460012 505 2 1
100000 4 47044 2.39500880165735 506 2 1
100000 4 44621 2.39277382305438 507 2 1
100000 4 38198 2.38654940753911 508 2 1
100000 4 43641 2.3852401340505 509 2 1
100000 4 43220 2.39205836622414 510 2 1
100000 4 39012 2.38629313224837 511 2 1
100000 4 38773 2.39423468288362 512 2 1
100000 4 42027 2.38398912900957 513 2 1
100000 4 44200 2.38937207301921 514 2 1
100000 4 37945 2.38811673114582 515 2 1
100000 4 38924 2.38640702558228 516 2 1
100000 4 38897 2.38894396731925 517 2 1
100000 4 43087 2.38396071232746 518 2 1
100000 4 43291 2.38709061395971 519 2 1
100000 4 45068 2.387945650357 520 2 1
100000 4 42138 2.39097169089518 521 2 1
100000 4 37770 2.38911519118894 522 2 1
100000 4 45530 2.38467133267357 523 2 1
100000 4 36903 2.39051443870721 524 2 1
100000 4 39078 2.39245896932868 525 2 1
100000 4 43874 2.38985744500341 526 2 1
100000 4 45755 2.38609384507093 527 2 1
100000 4 39268 2.38880129950791 528 2 1
100000 4 39670 2.38754655715786 529 2 1
100000 4 41616 2.38626466061351 530 2 1
100000 4 43710 2.38663484486873 531 2 1
100000 4 41031 2.38578074674937 532 2 1
100000 4 44993 2.38617924978524 533 2 1
100000 4 43116 2.39417736065888 534 2 1
100000 4 45815 2.38974322209079 535 2 1
100000 4 42951 2.39231588138898 536 2 1
100000 4 43787 2.38766057017334 537 2 1
100000 4 41377 2.39283107809004 538 2 1
100000 4 42989 2.38666332533801 539 2 1
100000 4 37421 2.38920081232828 540 2 1
100000 4 44606 2.38854454038432 541 2 1
100000 4 37628 2.38140598209183 542 2 1
100000 4 43512 2.38928643960481 543 2 1
100000 4 43733 2.38940061885476 544 2 1
100000 4 44276 2.38834487700024 545 2 1
100000 4 38464 2.38994311935376 546 2 1
100000 4 40669 2.38820228073318 547 2 1
100000 4 43191 2.38151940938319 548 2 1
100000 4 42435 2.38677725401277 549 2 1
100000 4 45491 2.38905811383862 550 2 1
100000 4 44924 2.38677725401277 551 2 1
100000 4 41602 2.38951480901803 552 2 1
100000 4 43494 2.38780310175623 553 2 1
100000 4 44950 2.39042872339154 554 2 1
100000 4 42697 2.39165789725438 555 2 1
100000 4 43433 2.38384705237312 556 2 1
100000 4 36864 2.38532547766143 557 2 1
100000 4 38883 2.39354699729529 558 2 1
100000 4 43455 2.38711910530776 559 2 1
100000 4 42063 2.38706212329176 560 2 1
100000 4 41501 2.38797416211957 561 2 1
100000 4 38271 2.38905811383862 562 2 1
100000 4 42253 2.38214345267872 563 2 1
100000 4 42901 2.39263069745185 564 2 1
100000 4 43667 2.39091452480574 565 2 1
100000 4 42310 2.38871570700013 566 2 1
100000 4 41718 2.38871570700013 567 2 1
100000 4 41452 2.39017161432191 568 2 1
100000 4 41171 2.38900103921545 569 2 1
100000 4 42048 2.39532432691386 570 2 1
100000 4 41763 2.38635007755638 571 2 1
100000 4 36093 2.39598433026248 572 2 1
100000 4 42127 2.38723307750152 573 2 1
100000 4 39055 2.38902957618615 574 2 1
100000 4 36864 2.3872045834328 575 2 1
100000 4 41534 2.39228726585488 576 2 1
100000 4 42946 2.38791713927527 577 2 1
100000 4 42066 2.38709061395971 578 2 1
100000 4 41660 2.38954335826424 579 2 1
100000 4 42997 2.38558154514117 580 2 1
100000 4 37907 2.39140052371671 581 2 1
100000 4 38808 2.38934352786572 582 2 1
100000 4 43417 2.39131474484672 583 2 1
100000 4 44113 2.39000023900002 584 2 1
100000 4 40951 2.38937207301921 585 2 1
100000 4 39371 2.38706212329176 586 2 1
100000 4 41671 2.38954335826424 587 2 1
100000 4 38516 2.39177230327673 588 2 1
100000 4 43062 2.38447231627641 589 2 1
100000 4 42069 2.3901144864839 590 2 1
100000 4 42627 2.39607044447107 591 2 1
100000 4 39061 2.38154776789435 592 2 1
100000 4 41813 2.39220142335985 593 2 1
100000 4 41540 2.38831635638457 594 2 1
100000 4 43310 2.38237045860631 595 2 1
100000 4 43038 2.38985744500341 596 2 1
100000 4 41750 2.39105744515512 597 2 1
100000 4 42067 2.39664469742361 598 2 1
100000 4 42971 2.38561000047712 599 2 1
100000 4 41160 2.38851601499988 600 2 1
100000 4 41949 2.38877276799044 601 2 1
100000 4 43559 2.39171509889742 602 2 1
100000 4 39208 2.38413122258249 603 2 1
100000 4 39658 2.38737555804904 604 2 1
100000 4 35069 2.38595151746517 605 2 1
100000 4 41037 2.39449266686621 606 2 1
100000 4 40507 2.38387546634564 607 2 1
100000 4 36740 2.38974322209079 608 2 1
100000 4 41092 2.38763206589865 609 2 1
100000 4 40453 2.38561000047712 610 2 1
100000 4 39847 2.39274519656402 611 2 1
100000 4 41558 2.38711910530776 612 2 1
100000 4 40504 2.39397675448571 613 2 1
100000 4 39400 2.39217281056384 614 2 1
100000 4 39836 2.38700514399609 615 2 1
100000 4 37178 2.39280245022971 616 2 1
100000 4 40859 2.38877276799044 617 2 1
100000 4 33234 2.38390388099552 618 2 1
100000 4 41050 2.38441546054985 619 2 1
100000 4 40143 2.39014305006155 620 2 1
100000 4 36700 2.38723307750152 621 2 1
100000 4 36892 2.38922935407184 622 2 1
100000 4 40511 2.38863012062582 623 2 1
100000 4 41444 2.3938621374795 624 2 1
100000 4 41222 2.38845896627496 625 2 1
100000 4 40204 2.38820228073318 626 2 1
100000 4 34715 2.39197254015524 627 2 1
100000 4 41499 2.3872045834328 628 2 1
100000 4 33889 2.39025731119955 629 2 1
100000 4 36122 2.38877276799044 630 2 1
100000 4 40368 2.38700514399609 631 2 1
100000 4 38996 2.39306012563566 632 2 1
100000 4 40196 2.39094310750876 633 2 1
100000 4 41084 2.38922935407184 634 2 1
100000 4 41260 2.38361976497509 635 2 1
100000 4 36476 2.3906858877812 636 2 1
100000 4 40619 2.39100027496503 637 2 1
100000 4 41255 2.38851601499988 638 2 1
100000 4 39715 2.3874895547332 639 2 1
100000 4 35765 2.39412004117886 640 2 1
100000 4 40514 2.39060016017021 641 2 1
100000 4 40543 2.38052728679402 642 2 1
100000 4 40545 2.38478507124545 643 2 1
100000 4 41192 2.38868717752723 644 2 1
100000 4 40711 2.39257345200498 645 2 1
100000 4 41062 2.38606537819136 646 2 1
100000 4 39625 2.39074304293774 647 2 1
100000 4 36219 2.38768907512864 648 2 1
100000 4 41786 2.38441546054985 649 2 1
100000 4 39873 2.38854454038432 650 2 1
100000 4 41411 2.38831635638457 651 2 1
100000 4 40691 2.38908665217287 652 2 1
100000 4 34037 2.38731856378915 653 2 1
100000 4 36663 2.39191532619745 654 2 1
100000 4 34527 2.39337513761907 655 2 1
100000 4 34258 2.39225865100535 656 2 1
100000 4 33626 2.39180090649254 657 2 1
100000 4 36031 2.38743255503032 658 2 1
100000 4 38345 2.38877276799044 659 2 1
100000 4 39560 2.38848749029677 660 2 1
100000 4 40341 2.39037158326262 661 2 1
100000 4 37825 2.38902957618615 662 2 1
100000 4 38178 2.38543927864316 663 2 1
100000 4 35978 2.39678830367308 664 2 1
100000 4 38817 2.38746105454155 665 2 1
100000 4 37757 2.38393229632278 666 2 1
100000 4 37701 2.38387546634564 667 2 1
100000 4 37868 2.38310852676231 668 2 1
100000 4 39006 2.38555309048403 669 2 1
100000 4 38613 2.38691968015276 670 2 1
100000 4 37793 2.39506616370277 671 2 1
100000 4 39430 2.38954335826424 672 2 1
100000 4 39575 2.3851547965463 673 2 1
100000 4 37770 2.38880129950791 674 2 1
100000 4 37116 2.38734706057893 675 2 1
100000 4 37921 2.39243035037142 676 2 1
100000 4 37433 2.39320330262056 677 2 1
100000 4 39608 2.39071446501787 678 2 1
100000 4 36024 2.387945650357 679 2 1
100000 4 38932 2.38265427686443 680 2 1
100000 4 38141 2.38820228073318 681 2 1
100000 4 39825 2.38934352786572 682 2 1
100000 4 38491 2.38120751032849 683 2 1
100000 4 32847 2.38558154514117 684 2 1
100000 4 38897 2.38766057017334 685 2 1
100000 4 37970 2.39257345200498 686 2 1
100000 4 33754 2.38666332533801 687 2 1
100000 4 40015 2.38902957618615 688 2 1
100000 4 32803 2.3880882159787 689 2 1
100000 4 39119 2.39371888165454 690 2 1
100000 4 32933 2.39397675448571 691 2 1
100000 4 34298 2.38877276799044 692 2 1
100000 4 36544 2.38652092978855 693 2 1
100000 4 39668 2.38951480901803 694 2 1
100000 4 32171 2.39328921703543 695 2 1
100000 4 38595 2.38763206589865 696 2 1
100000 4 34111 2.38654940753911 697 2 1
100000 4 33843 2.38817376352303 698 2 1
100000 4 39134 2.39065731122772 699 2 1
100000 4 35267 2.39022874489089 700 2 1
100000 4 34350 2.38928643960481 701 2 1
100000 4 38884 2.38788862887435 702 2 1
100000 4 39931 2.38379022646007 703 2 1
100000 4 37503 2.3898288882516 704 2 1
100000 4 38565 2.392602074386 705 2 1
100000 4 34220 2.38962901009618 706 2 1
100000 4 32666 2.38871570700013 707 2 1
100000 4 37197 2.38677725401277 708 2 1
100000 4 31021 2.38185975609756 709 2 1
100000 4 37990 2.38914373088685 710 2 1
100000 4 36772 2.38931498339426 711 2 1
100000 4 36892 2.39008592358895 712 2 1
100000 4 37561 2.38558154514117 713 2 1
100000 4 36113 2.38757505939093 714 2 1
100000 4 37345 2.38376181451949 715 2 1
100000 4 32749 2.39105744515512 716 2 1
100000 4 33090 2.39117179373752 717 2 1
100000 4 32538 2.3875180556053 718 2 1
100000 4 37240 2.38435860753457 719 2 1
100000 4 36514 2.38868717752723 720 2 1
100000 4 35550 2.38880129950791 721 2 1
100000 4 37711 2.38646397632628 722 2 1
100000 4 31699 2.38763206589865 723 2 1
100000 4 37074 2.39028587819103 724 2 1
100000 4 36343 2.38396071232746 725 2 1
100000 4 37868 2.38361976497509 726 2 1
100000 4 36284 2.39008592358895 727 2 1
100000 4 30731 2.38467133267357 728 2 1
100000 4 37521 2.38900103921545 729 2 1
100000 4 36917 2.38407438312075 730 2 1
100000 4 37464 2.3938621374795 731 2 1
100000 4 36524 2.38962901009618 732 2 1
100000 4 31982 2.38997167883561 733 2 1
100000 4 38254 2.39054301184514 734 2 1
100000 4 36624 2.3906858877812 735 2 1
100000 4 36323 2.38506946514817 736 2 1
100000 4 31449 2.38837339829709 737 2 1
100000 4 33762 2.38942916537239 738 2 1
100000 4 30877 2.38877276799044 739 2 1
100000 4 37390 2.38095238095238 740 2 1
100000 4 32843 2.38526858124225 741 2 1
100000 4 36436 2.38914373088685 742 2 1
100000 4 35900 2.38623618965805 743 2 1
100000 4 38540 2.39162929745889 744 2 1
100000 4 37293 2.38666332533801 745 2 1
100000 4 31987 2.39283107809004 746 2 1
100000 4 37249 2.39174370074503 747 2 1
100000 4 36396 2.38563845649192 748 2 1
100000 4 38366 2.38683422242908 749 2 1
100000 4 37015 2.38677725401277 750 2 1
100000 4 37133 2.39008592358895 751 2 1
100000 4 36908 2.38623618965805 752 2 1
100000 4 37602 2.38711910530776 753 2 1
100000 4 37861 2.39374753144786 754 2 1
100000 4 35764 2.38871570700013 755 2 1
100000 4 32882 2.38603691199103 756 2 1
100000 4 31849 2.38837339829709 757 2 1
100000 4 36670 2.38988600243768 758 2 1
100000 4 37032 2.39208697628246 759 2 1
100000 4 36992 2.38637855122958 760 2 1
100000 4 32515 2.39131474484672 761 2 1
100000 4 37571 2.38398912900957 762 2 1
100000 4 36333 2.38788862887435 763 2 1
100000 4 35522 2.38703363330389 764 2 1
100000 4 35075 2.38521168753727 765 2 1
100000 4 36196 2.39217281056384 766 2 1
100000 4 34828 2.38985744500341 767 2 1
100000 4 29678 2.38988600243768 768 2 1
100000 4 36806 2.39148630874088 769 2 1
100000 4 30797 2.38549618320611 770 2 1
100000 4 32986 2.38407438312075 771 2 1
100000 4 35706 2.38413122258249 772 2 1
100000 4 35877 2.38825931719666 773 2 1
100000 4 35037 2.39306012563566 774 2 1
100000 4 35880 2.38580920683773 775 2 1
100000 4 34844 2.38632160456265 776 2 1
100000 4 34636 2.38669180648703 777 2 1
100000 4 35867 2.38450074515648 778 2 1
100000 4 35297 2.38660636507918 779 2 1
100000 4 33925 2.38575228734001 780 2 1
100000 4 35688 2.38942916537239 781 2 1
100000 4 30409 2.38974322209079 782 2 1
100000 4 31281 2.38376181451949 783 2 1
100000 4 36324 2.38791713927527 784 2 1
100000 4 36477 2.38848749029677 785 2 1
100000 4 34796 2.38871570700013 786 2 1
100000 4 30826 2.39306012563566 787 2 1
100000 4 35388 2.38413122258249 788 2 1
100000 4 36699 2.3851547965463 789 2 1
100000 4 30780 2.3851263520685 790 2 1
100000 4 34916 2.38714759733594 791 2 1
100000 4 32062 2.38575228734001 792 2 1
100000 4 36070 2.38863012062582 793 2 1
100000 4 34520 2.38825931719666 794 2 1
100000 4 32564 2.38683422242908 795 2 1
100000 4 30650 2.38632160456265 796 2 1
100000 4 34982 2.39000023900002 797 2 1
100000 4 34649 2.38786011915422 798 2 1
100000 4 36437 2.38561000047712 799 2 1
100000 4 31879 2.38848749029677 800 2 1
100000 4 34649 2.38863012062582 801 2 1
100000 4 32194 2.38455760495034 802 2 1
100000 4 31886 2.39094310750876 803 2 1
100000 4 35845 2.3872045834328 804 2 1
100000 4 35014 2.39690320106422 805 2 1
100000 4 36876 2.39271657075861 806 2 1
100000 4 31165 2.38506946514817 807 2 1
100000 4 35016 2.39377618192699 808 2 1
100000 4 35668 2.38660636507918 809 2 1
100000 4 32799 2.3835061375283 810 2 1
100000 4 35340 2.38885836458756 811 2 1
100000 4 35273 2.39607044447107 812 2 1
100000 4 36012 2.39460734426072 813 2 1
100000 4 34652 2.38980033218225 814 2 1
100000 4 35818 2.39851292198837 815 2 1
100000 4 36053 2.39105744515512 816 2 1
100000 4 33898 2.39211558702516 817 2 1
100000 4 35706 2.39080020082722 818 2 1
100000 4 35273 2.38965756207136 819 2 1
100000 4 35727 2.38526858124225 820 2 1
100000 4 34753 2.3880882159787 821 2 1
100000 4 32784 2.39440666602816 822 2 1
100000 4 26083 2.38848749029677 823 2 1
100000 4 20627 2.39220142335985 824 2 1
100000 4 25269 2.39017161432191 825 2 1
100000 4 25111 2.38925789649735 826 2 1
100000 4 26254 2.38962901009618 827 2 1
100000 4 21555 2.38669180648703 828 2 1
100000 4 25150 2.39317466585299 829 2 1
100000 4 25424 2.38971466806863 830 2 1
100000 4 25484 2.38495569944788 831 2 1
100000 4 25692 2.38711910530776 832 2 1
100000 4 25641 2.3877460870811 833 2 1
100000 4 25332 2.38552463650568 834 2 1
100000 4 25526 2.39188672024493 835 2 1
100000 4 25318 2.39037158326262 836 2 1
100000 4 25162 2.39054301184514 837 2 1
100000 4 25602 2.38603691199103 838 2 1
100000 4 26028 2.39020017926501 839 2 1
100000 4 25952 2.39051443870721 840 2 1
100000 4 26314 2.38757505939093 841 2 1
100000 4 25785 2.39512352849598 842 2 1
100000 4 20793 2.38726157225047 843 2 1
100000 4 25785 2.388002674563 844 2 1
100000 4 25470 2.38928643960481 845 2 1
100000 4 75379 2.39177230327673 846 2 1
100000 4 183630 2.39194393283421 847 2 1
100000 4 220640 2.39549646664271 848 2 1
100000 4 218410 2.38629313224837 849 2 1
100000 4 226708 2.38805970149254 850 2 1
100000 4 225305 2.38373340325618 851 2 1
100000 4 223437 2.38731856378915 852 2 1
100000 4 226589 2.38447231627641 853 2 1
100000 4 188395 2.38711910530776 854 2 1
100000 4 224365 2.38703363330389 855 2 1
100000 4 224036 2.39120038259206 856 2 1
100000 4 228447 2.39351835230197 857 2 1
100000 4 190617 2.39512352849598 858 2 1
100000 4 224799 2.38603691199103 859 2 1
100000 4 224472 2.39346106437214 860 2 1
100000 4 223950 2.38469976629942 861 2 1
100000 4 219873 2.38917227126662 862 2 1
100000 4 218670 2.38543927864316 863 2 1
100000 4 223732 2.3860084464699 864 2 1
100000 4 224004 2.38401754636914 865 2 1
100000 4 224961 2.38997167883561 866 2 1
100000 4 190485 2.38384705237312 867 2 1
100000 4 198057 2.38831635638457 868 2 1
100000 4 180263 2.38450074515648 869 2 1
100000 4 52748 2.38803118768731 870 2 1
100000 4 52527 2.38669180648703 871 2 1
100000 4 52016 2.3916006983474 872 2 1
100000 4 48780 2.39008592358895 873 2 1
100000 4 47225 2.38532547766143 874 2 1
100000 4 52886 2.38791713927527 875 2 1
100000 4 52890 2.39248758897063 876 2 1
100000 4 51352 2.38974322209079 877 2 1
100000 4 39377 2.38640702558228 878 2 1
100000 4 47927 2.38415964332972 879 2 1
100000 4 45192 2.38364817352959 880 2 1
100000 4 41770 2.38245559698381 881 2 1
100000 4 38996 2.39005736137667 882 2 1
100000 4 42412 2.38820228073318 883 2 1
100000 4 43330 2.39555385205059 884 2 1
100000 4 48295 2.38709061395971 885 2 1
100000 4 40028 2.39137193007628 886 2 1
100000 4 47454 2.38455760495034 887 2 1
100000 4 48038 2.39403406710478 888 2 1
100000 4 47445 2.38635007755638 889 2 1
100000 4 41569 2.38674877082438 890 2 1
100000 4 47170 2.38977177679532 891 2 1
100000 4 48337 2.39091452480574 892 2 1
100000 4 45580 2.39025731119955 893 2 1
100000 4 46325 2.37840409085504 894 2 1
100000 4 45179 2.3815761270809 895 2 1
100000 4 40470 2.38472820060334 896 2 1
100000 4 47490 2.38711910530776 897 2 1
100000 4 40138 2.3971617604756 898 2 1
100000 4 46775 2.38885836458756 899 2 1
100000 4 42164 2.38595151746517 900 2 1
100000 4 42670 2.39205836622414 901 2 1
100000 4 39577 2.38985744500341 902 2 1
100000 4 48800 2.38640702558228 903 2 1
100000 4 47443 2.39214419845228 904 2 1
100000 4 47946 2.39268794563813 905 2 1
100000 4 43755 2.38427333309491 906 2 1
100000 4 46594 2.39145771304899 907 2 1
100000 4 47925 2.39348970799426 908 2 1
100000 4 47564 2.3908859427861 909 2 1
100000 4 47168 2.39071446501787 910 2 1
100000 4 46778 2.38766057017334 911 2 1
100000 4 48806 2.38917227126662 912 2 1
100000 4 45812 2.38729006767967 913 2 1
100000 4 44343 2.38922935407184 914 2 1
100000 4 41887 2.38541082737975 915 2 1
100000 4 40804 2.38777459407832 916 2 1
100000 4 47216 2.39234449760766 917 2 1
100000 4 42746 2.38803118768731 918 2 1
100000 4 40076 2.38828783645005 919 2 1
100000 4 46958 2.3857238286096 920 2 1
100000 4 48518 2.39117179373752 921 2 1
100000 4 45232 2.38848749029677 922 2 1
100000 4 45223 2.39323194007347 923 2 1
100000 4 45618 2.3833641184532 924 2 1
100000 4 45455 2.39202975685018 925 2 1
100000 4 45496 2.3851263520685 926 2 1
100000 4 45986 2.38612231262975 927 2 1
100000 4 36651 2.38968611472883 928 2 1
100000 4 44659 2.39117179373752 929 2 1
100000 4 44494 2.39097169089518 930 2 1
100000 4 46140 2.39162929745889 931 2 1
100000 4 43748 2.38635007755638 932 2 1
100000 4 43688 2.38823079862438 933 2 1
100000 4 43002 2.38848749029677 934 2 1
100000 4 43571 2.38532547766143 935 2 1
100000 4 44648 2.39211558702516 936 2 1
100000 4 44651 2.38691968015276 937 2 1
100000 4 36441 2.38654940753911 938 2 1
100000 4 45137 2.38501258094136 939 2 1
100000 4 40246 2.38393229632278 940 2 1
100000 4 44746 2.38897250292649 941 2 1
100000 4 43601 2.39434933556806 942 2 1
100000 4 46100 2.39492276374087 943 2 1
100000 4 44226 2.38723307750152 944 2 1
100000 4 39347 2.39294559638187 945 2 1
100000 4 44773 2.39403406710478 946 2 1
100000 4 43196 2.38954335826424 947 2 1
100000 4 43975 2.38791713927527 948 2 1
100000 4 43698 2.3898288882516 949 2 1
100000 4 44825 2.38495569944788 950 2 1
100000 4 40710 2.38962901009618 951 2 1
100000 4 38441 2.3928597066354 952 2 1
100000 4 37821 2.39323194007347 953 2 1
100000 4 40362 2.39028587819103 954 2 1
100000 4 41794 2.38672028831581 955 2 1
100000 4 43832 2.39200114816055 956 2 1
100000 4 42839 2.39037158326262 957 2 1
100000 4 38655 2.40006720188165 958 2 1
100000 4 43374 2.38603691199103 959 2 1
100000 4 44909 2.38757505939093 960 2 1
100000 4 43732 2.3880882159787 961 2 1
100000 4 39816 2.39060016017021 962 2 1
100000 4 46911 2.38817376352303 963 2 1
100000 4 39412 2.39054301184514 964 2 1
100000 4 38713 2.3916006983474 965 2 1
100000 4 45757 2.39020017926501 966 2 1
100000 4 39775 2.38541082737975 967 2 1
100000 4 44471 2.38977177679532 968 2 1
100000 4 41950 2.38951480901803 969 2 1
100000 4 43183 2.39000023900002 970 2 1
100000 4 41932 2.39140052371671 971 2 1
100000 4 37357 2.39228726585488 972 2 1
100000 4 42872 2.38874423715453 973 2 1
100000 4 41129 2.39369023254701 974 2 1
100000 4 38847 2.38917227126662 975 2 1
100000 4 42518 2.38902957618615 976 2 1
100000 4 37299 2.38945771257213 977 2 1
100000 4 39544 2.38817376352303 978 2 1
100000 4 39638 2.38495569944788 979 2 1
100000 4 43200 2.38660636507918 980 2 1
100000 4 41901 2.3950374823366 981 2 1
100000 4 43604 2.39191532619745 982 2 1
100000 4 42568 2.38791713927527 983 2 1
100000 4 37071 2.39168649773388 984 2 1
100000 4 42425 2.39346106437214 985 2 1
100000 4 36148 2.38843044293443 986 2 1
100000 4 43112 2.39217281056384 987 2 1
100000 4 41849 2.38617924978524 988 2 1
100000 4 42950 2.39008592358895 989 2 1
100000 4 37279 2.38920081232828 990 2 1
100000 4 43028 2.38954335826424 991 2 1
100000 4 42143 2.38669180648703 992 2 1
100000 4 42706 2.39254483030876 993 2 1
100000 4 40895 2.39091452480574 994 2 1
100000 4 41689 2.38706212329176 995 2 1
100000 4 43638 2.3877460870811 996 2 1
100000 4 39088 2.39025731119955 997 2 1
100000 4 41316 2.3906858877812 998 2 1
100000 4 42535 2.38367658276125 999 2 1
100000 4 40876 2.39509484575589 1000 2 1
