100000 4 17855 2.24099679537458 1 3 1
100000 4 25845 2.24215246636771 2 3 1
100000 4 25833 2.24298226922516 3 3 1
100000 4 25744 2.23888951080264 4 3 1
100000 4 21245 2.23951626448687 5 3 1
100000 4 20935 2.24232843384571 6 3 1
100000 4 25139 2.24082103682789 7 3 1
100000 4 25055 2.23984231510102 8 3 1
100000 4 25298 2.23641100761498 9 3 1
100000 4 25360 2.24107212890647 10 3 1
100000 4 21086 2.23706139615002 11 3 1
100000 4 25158 2.23728661878873 12 3 1
100000 4 25315 2.24391338494334 13 3 1
100000 4 20275 2.24197652650577 14 3 1
100000 4 25854 2.23626097165539 15 3 1
100000 4 25997 2.23924044963948 16 3 1
100000 4 24949 2.24127304308847 17 3 1
100000 4 26075 2.24014336917563 18 3 1
100000 4 25305 2.23876420216041 19 3 1
100000 4 19625 2.24295711465997 20 3 1
100000 4 25195 2.24154935891688 21 3 1
100000 4 25086 2.23898976781676 22 3 1
100000 4 25321 2.23934073808671 23 3 1
100000 4 25726 2.23873914211516 24 3 1
100000 4 25802 2.24117258149464 25 3 1
100000 4 24879 2.24628240262366 26 3 1
100000 4 19460 2.23741176207363 27 3 1
100000 4 25247 2.24464371892571 28 3 1
100000 4 20564 2.23836330874864 29 3 1
100000 4 20901 2.23598595800818 30 3 1
100000 4 25067 2.23946611127907 31 3 1
100000 4 25619 2.23638600022364 32 3 1
100000 4 25696 2.23566102907477 33 3 1
100000 4 25982 2.23331435016136 34 3 1
100000 4 25450 2.24202679222017 35 3 1
100000 4 25323 2.2385887936245 36 3 1
100000 4 18222 2.23598595800818 37 3 1
100000 4 25574 2.24077082516386 38 3 1
100000 4 25480 2.24338481901493 39 3 1
100000 4 20762 2.23971689978387 40 3 1
100000 4 20719 2.24122281116577 41 3 1
100000 4 25984 2.24265530387979 42 3 1
100000 4 24907 2.2395664199411 43 3 1
100000 4 20528 2.24014336917563 44 3 1
100000 4 25131 2.23768712658596 45 3 1
100000 4 25766 2.23458693660477 46 3 1
100000 4 25819 2.23661108688116 47 3 1
100000 4 25871 2.23778727594155 48 3 1
100000 4 25049 2.2330151286775 49 3 1
100000 4 25046 2.23916523919883 50 3 1
100000 4 25331 2.24278104850014 51 3 1
100000 4 26232 2.23548610645385 52 3 1
100000 4 21070 2.23676116982609 53 3 1
100000 4 21904 2.24288165434951 54 3 1
100000 4 20068 2.2436616558223 55 3 1
100000 4 20242 2.23781231468117 56 3 1
100000 4 52713 2.24240385693463 57 3 1
100000 4 198579 2.24212733041109 58 3 1
100000 4 193168 2.23746182330764 59 3 1
100000 4 220147 2.2422278776192 60 3 1
100000 4 225428 2.2438882094894 61 3 1
100000 4 231351 2.23921537893122 62 3 1
100000 4 186164 2.24187600183834 63 3 1
100000 4 224562 2.2385887936245 64 3 1
100000 4 224844 2.24539973728823 65 3 1
100000 4 226117 2.24416517055655 66 3 1
100000 4 227700 2.23883938566247 67 3 1
100000 4 225741 2.24340998317443 68 3 1
100000 4 227760 2.24004300882577 69 3 1
100000 4 225345 2.23964165733483 70 3 1
100000 4 193701 2.24094657583363 71 3 1
100000 4 226124 2.23906496647 72 3 1
100000 4 195172 2.23801264477144 73 3 1
100000 4 228679 2.24054490051981 74 3 1
100000 4 225355 2.23808777780265 75 3 1
100000 4 187820 2.24067040858625 76 3 1
100000 4 222251 2.24358614809912 77 3 1
100000 4 225163 2.24305773630613 78 3 1
100000 4 221310 2.23631098140507 79 3 1
100000 4 181928 2.23868902370772 80 3 1
100000 4 54594 2.23741176207363 81 3 1
100000 4 49011 2.24149911460785 82 3 1
100000 4 53036 2.23888951080264 83 3 1
100000 4 51837 2.23543613358966 84 3 1
100000 4 44258 2.23816291587865 85 3 1
100000 4 48433 2.24275589844801 86 3 1
100000 4 48866 2.23966673758945 87 3 1
100000 4 52030 2.24051980059374 88 3 1
100000 4 51158 2.24459333580239 89 3 1
100000 4 44912 2.24172523173835 90 3 1
100000 4 47186 2.23708641864835 91 3 1
100000 4 49493 2.24308289312832 92 3 1
100000 4 39188 2.23636099339155 93 3 1
100000 4 44758 2.23876420216041 94 3 1
100000 4 47257 2.24034411685635 95 3 1
100000 4 47033 2.24527369886389 96 3 1
100000 4 39897 2.2461058140449 97 3 1
100000 4 48036 2.2404194065129 98 3 1
100000 4 39536 2.23463687150838 99 3 1
100000 4 38594 2.23914017017465 100 3 1
100000 4 47423 2.23861385030389 101 3 1
100000 4 46785 2.24094657583363 102 3 1
100000 4 38443 2.23838836038053 103 3 1
100000 4 41989 2.24102190598913 104 3 1
100000 4 40629 2.23676116982609 105 3 1
100000 4 44101 2.24082103682789 106 3 1
100000 4 39707 2.23766209064769 107 3 1
100000 4 45175 2.24144887255122 108 3 1
100000 4 45892 2.24114746750336 109 3 1
100000 4 47485 2.23906496647 110 3 1
100000 4 46151 2.24283135029661 111 3 1
100000 4 47384 2.24479488186767 112 3 1
100000 4 46734 2.23876420216041 113 3 1
100000 4 39588 2.24413998945254 114 3 1
100000 4 45050 2.23828815721736 115 3 1
100000 4 40104 2.23969181840579 116 3 1
100000 4 39378 2.2404194065129 117 3 1
100000 4 46738 2.23811282326742 118 3 1
100000 4 46761 2.24127304308847 119 3 1
100000 4 39242 2.24152423648081 120 3 1
100000 4 44774 2.24034411685635 121 3 1
100000 4 47065 2.24089635854342 122 3 1
100000 4 47417 2.2391151017118 123 3 1
100000 4 45318 2.24298226922516 124 3 1
100000 4 47327 2.23991757103339 125 3 1
100000 4 40624 2.24175035868006 126 3 1
100000 4 41116 2.23901483347327 127 3 1
100000 4 47170 2.23648603314472 128 3 1
100000 4 47735 2.24172523173835 129 3 1
100000 4 45954 2.24278104850014 130 3 1
100000 4 47510 2.23969181840579 131 3 1
100000 4 39403 2.23903989969101 132 3 1
100000 4 39659 2.23868902370772 133 3 1
100000 4 40500 2.23828815721736 134 3 1
100000 4 40164 2.2385136269517 135 3 1
100000 4 38535 2.23866396534548 136 3 1
100000 4 46610 2.23758698619409 137 3 1
100000 4 36997 2.23703637421144 138 3 1
100000 4 39663 2.23533619456366 139 3 1
100000 4 43336 2.23628597625064 140 3 1
100000 4 44846 2.24466891133558 141 3 1
100000 4 44038 2.24089635854342 142 3 1
100000 4 45585 2.23959149851067 143 3 1
100000 4 38599 2.24320868570403 144 3 1
100000 4 41887 2.24177548618506 145 3 1
100000 4 38965 2.24039430939845 146 3 1
100000 4 42566 2.24014336917563 147 3 1
100000 4 36897 2.2420519259226 148 3 1
100000 4 42921 2.23823805899996 149 3 1
100000 4 37846 2.23959149851067 150 3 1
100000 4 40703 2.2356110483898 151 3 1
100000 4 43671 2.23974198172371 152 3 1
100000 4 43592 2.23934073808671 153 3 1
100000 4 42317 2.23951626448687 154 3 1
100000 4 43208 2.24031902142865 155 3 1
100000 4 44255 2.23919030878434 156 3 1
100000 4 41294 2.23716148950212 157 3 1
100000 4 42787 2.2410972412093 158 3 1
100000 4 37120 2.2380627328984 159 3 1
100000 4 42109 2.24087125074229 160 3 1
100000 4 42971 2.23921537893122 161 3 1
100000 4 45064 2.23676116982609 162 3 1
100000 4 42691 2.24333449238949 163 3 1
100000 4 44166 2.24067040858625 164 3 1
100000 4 38368 2.24026883225987 165 3 1
100000 4 42521 2.2459544745028 166 3 1
100000 4 36451 2.2433093299235 167 3 1
100000 4 43219 2.23791247524309 168 3 1
100000 4 42580 2.23971689978387 169 3 1
100000 4 45596 2.24004300882577 170 3 1
100000 4 42805 2.24011827824509 171 3 1
100000 4 43950 2.23966673758945 172 3 1
100000 4 38681 2.23873914211516 173 3 1
100000 4 42005 2.23954134193317 174 3 1
100000 4 42740 2.23856373750602 175 3 1
100000 4 44826 2.24346031318706 176 3 1
100000 4 44504 2.23999283202294 177 3 1
100000 4 38092 2.24021864533979 178 3 1
100000 4 43482 2.24004300882577 179 3 1
100000 4 43916 2.23686123631321 180 3 1
100000 4 42266 2.24162472960402 181 3 1
100000 4 44048 2.24283135029661 182 3 1
100000 4 44461 2.23994265746797 183 3 1
100000 4 44461 2.2369362920544 184 3 1
100000 4 37810 2.24439182592497 185 3 1
100000 4 38550 2.24313320846558 186 3 1
100000 4 41243 2.2393908856791 187 3 1
100000 4 42936 2.24064530584808 188 3 1
100000 4 42396 2.23944103551753 189 3 1
100000 4 41906 2.23813786929275 190 3 1
100000 4 36811 2.23746182330764 191 3 1
100000 4 40698 2.24185087207999 192 3 1
100000 4 38600 2.24159960547847 193 3 1
100000 4 41147 2.24597969634355 194 3 1
100000 4 42418 2.23738673229668 195 3 1
100000 4 41670 2.24162472960402 196 3 1
100000 4 43146 2.23783735398111 197 3 1
100000 4 42723 2.23863890754421 198 3 1
100000 4 42314 2.23873914211516 199 3 1
100000 4 36775 2.23653605296117 200 3 1
100000 4 36822 2.23916523919883 201 3 1
100000 4 41441 2.24280619911633 202 3 1
100000 4 43249 2.23818796302513 203 3 1
100000 4 41279 2.23986739984993 204 3 1
100000 4 41400 2.23959149851067 205 3 1
100000 4 43451 2.24147399329799 206 3 1
100000 4 41614 2.24059510205911 207 3 1
100000 4 42781 2.2378623938414 208 3 1
100000 4 42842 2.24250442894625 209 3 1
100000 4 41953 2.24170010535991 210 3 1
100000 4 41484 2.24159960547847 211 3 1
100000 4 42784 2.23891457421442 212 3 1
100000 4 42641 2.24363648601654 213 3 1
100000 4 41018 2.24446738788885 214 3 1
100000 4 41603 2.23926552090914 215 3 1
100000 4 40537 2.24129815989421 216 3 1
100000 4 41778 2.238864447952 217 3 1
100000 4 44751 2.2425798638754 218 3 1
100000 4 36216 2.23991757103339 219 3 1
100000 4 36075 2.24484527403949 220 3 1
100000 4 42600 2.24371199712805 221 3 1
100000 4 42899 2.24313320846558 222 3 1
100000 4 41795 2.24162472960402 223 3 1
100000 4 42769 2.24024373851875 224 3 1
100000 4 43526 2.238864447952 225 3 1
100000 4 43298 2.23771216308446 226 3 1
100000 4 42658 2.23783735398111 227 3 1
100000 4 41010 2.24278104850014 228 3 1
100000 4 40907 2.23959149851067 229 3 1
100000 4 42915 2.24323384591227 230 3 1
100000 4 35465 2.23944103551753 231 3 1
100000 4 40084 2.2385136269517 232 3 1
100000 4 41518 2.23796255888639 233 3 1
100000 4 36596 2.23566102907477 234 3 1
100000 4 38781 2.23891457421442 235 3 1
100000 4 39798 2.24147399329799 236 3 1
100000 4 41210 2.23401284557386 237 3 1
100000 4 40307 2.23979214728873 238 3 1
100000 4 36596 2.23741176207363 239 3 1
100000 4 38070 2.23868902370772 240 3 1
100000 4 39337 2.24034411685635 241 3 1
100000 4 41889 2.24001792014336 242 3 1
100000 4 34911 2.24547536713522 243 3 1
100000 4 39715 2.24044450418963 244 3 1
100000 4 39185 2.24278104850014 245 3 1
100000 4 35311 2.23736170307973 246 3 1
100000 4 35790 2.23578599056498 247 3 1
100000 4 35207 2.24315836698071 248 3 1
100000 4 35907 2.23898976781676 249 3 1
100000 4 38888 2.23866396534548 250 3 1
100000 4 41489 2.24260500997959 251 3 1
100000 4 41798 2.23924044963948 252 3 1
100000 4 35906 2.23761202045177 253 3 1
100000 4 39056 2.24195139449377 254 3 1
100000 4 39455 2.24137351368919 255 3 1
100000 4 34527 2.23841341257317 256 3 1
100000 4 39327 2.23708641864835 257 3 1
100000 4 39547 2.23798760154869 258 3 1
100000 4 41166 2.23951626448687 259 3 1
100000 4 40376 2.24187600183834 260 3 1
100000 4 39133 2.24014336917563 261 3 1
100000 4 39068 2.23881432393404 262 3 1
100000 4 41824 2.24152423648081 263 3 1
100000 4 41545 2.24036921284628 264 3 1
100000 4 38423 2.24046960242867 265 3 1
100000 4 39862 2.2362359676193 266 3 1
100000 4 39981 2.24094657583363 267 3 1
100000 4 40262 2.24026883225987 268 3 1
100000 4 40677 2.23736170307973 269 3 1
100000 4 40907 2.23883938566247 270 3 1
100000 4 40980 2.23553608155236 271 3 1
100000 4 41218 2.23661108688116 272 3 1
100000 4 40570 2.24348547904024 273 3 1
100000 4 38846 2.24507206681334 274 3 1
100000 4 40455 2.23898976781676 275 3 1
100000 4 39491 2.2387892627667 276 3 1
100000 4 40810 2.24497126436782 277 3 1
100000 4 36725 2.24104701716642 278 3 1
100000 4 39329 2.23929059274022 279 3 1
100000 4 39540 2.23984231510102 280 3 1
100000 4 40938 2.23723656539442 281 3 1
100000 4 41122 2.24431626904863 282 3 1
100000 4 40815 2.24373716862807 283 3 1
100000 4 41658 2.24197652650577 284 3 1
100000 4 41107 2.23586097416463 285 3 1
100000 4 38275 2.24252957335875 286 3 1
100000 4 37694 2.23808777780265 287 3 1
100000 4 38993 2.24034411685635 288 3 1
100000 4 38012 2.23876420216041 289 3 1
100000 4 39255 2.24340998317443 290 3 1
100000 4 34300 2.23919030878434 291 3 1
100000 4 37404 2.24087125074229 292 3 1
100000 4 32644 2.23893963818735 293 3 1
100000 4 37802 2.24580315535343 294 3 1
100000 4 37443 2.23871408263094 295 3 1
100000 4 38168 2.23868902370772 296 3 1
100000 4 39426 2.24089635854342 297 3 1
100000 4 38664 2.23949118760218 298 3 1
100000 4 38699 2.24051980059374 299 3 1
100000 4 33170 2.24074572017567 300 3 1
100000 4 38214 2.23926552090914 301 3 1
100000 4 33257 2.24102190598913 302 3 1
100000 4 38128 2.24582837379567 303 3 1
100000 4 34715 2.23811282326742 304 3 1
100000 4 38068 2.23841341257317 305 3 1
100000 4 37534 2.23718651423969 306 3 1
100000 4 38470 2.23726159181162 307 3 1
100000 4 38533 2.23701135283262 308 3 1
100000 4 38553 2.23523626447315 309 3 1
100000 4 34210 2.23921537893122 310 3 1
100000 4 34840 2.23994265746797 311 3 1
100000 4 37607 2.24484527403949 312 3 1
100000 4 39278 2.24278104850014 313 3 1
100000 4 33441 2.23981723091396 314 3 1
100000 4 36968 2.2385887936245 315 3 1
100000 4 31456 2.24164985429276 316 3 1
100000 4 33814 2.23763705526964 317 3 1
100000 4 38043 2.24072061575003 318 3 1
100000 4 32480 2.24149911460785 319 3 1
100000 4 34257 2.24057000100826 320 3 1
100000 4 34017 2.23989248516071 321 3 1
100000 4 36812 2.24300742435457 322 3 1
100000 4 37871 2.23896470272146 323 3 1
100000 4 34897 2.23919030878434 324 3 1
100000 4 36798 2.23706139615002 325 3 1
100000 4 33401 2.24290680722216 326 3 1
100000 4 38561 2.23648603314472 327 3 1
100000 4 38367 2.23999283202294 328 3 1
100000 4 37736 2.24082103682789 329 3 1
100000 4 39923 2.23974198172371 330 3 1
100000 4 38811 2.23761202045177 331 3 1
100000 4 38095 2.23686123631321 332 3 1
100000 4 38951 2.2413232772629 333 3 1
100000 4 37420 2.2391151017118 334 3 1
100000 4 37745 2.23733667442277 335 3 1
100000 4 33853 2.24049470123003 336 3 1
100000 4 38738 2.23843846532659 337 3 1
100000 4 37470 2.23853868194842 338 3 1
100000 4 39626 2.23898976781676 339 3 1
100000 4 31537 2.23984231510102 340 3 1
100000 4 36794 2.24252957335875 341 3 1
100000 4 36453 2.24019355272296 342 3 1
100000 4 37925 2.23791247524309 343 3 1
100000 4 36426 2.24046960242867 344 3 1
100000 4 38554 2.2404194065129 345 3 1
100000 4 37259 2.23726159181162 346 3 1
100000 4 36197 2.23766209064769 347 3 1
100000 4 36679 2.23798760154869 348 3 1
100000 4 35891 2.24122281116577 349 3 1
100000 4 33039 2.23838836038053 350 3 1
100000 4 36021 2.24220273997175 351 3 1
100000 4 31138 2.24099679537458 352 3 1
100000 4 31805 2.23994265746797 353 3 1
100000 4 36909 2.24268045167584 354 3 1
100000 4 38006 2.24114746750336 355 3 1
100000 4 32125 2.24064530584808 356 3 1
100000 4 32974 2.23868902370772 357 3 1
100000 4 37451 2.24217760288792 358 3 1
100000 4 36309 2.23979214728873 359 3 1
100000 4 33054 2.23811282326742 360 3 1
100000 4 31663 2.24268045167584 361 3 1
100000 4 30772 2.23768712658596 362 3 1
100000 4 32992 2.23781231468117 363 3 1
100000 4 36646 2.24044450418963 364 3 1
100000 4 37616 2.2393908856791 365 3 1
100000 4 37550 2.24308289312832 366 3 1
100000 4 37044 2.2410972412093 367 3 1
100000 4 36675 2.23761202045177 368 3 1
100000 4 36226 2.2410972412093 369 3 1
100000 4 31645 2.24298226922516 370 3 1
100000 4 36405 2.24137351368919 371 3 1
100000 4 37314 2.23736170307973 372 3 1
100000 4 35237 2.23909003381026 373 3 1
100000 4 32440 2.2364610240755 374 3 1
100000 4 37049 2.24512247143082 375 3 1
100000 4 33232 2.23778727594155 376 3 1
100000 4 37525 2.2380627328984 377 3 1
100000 4 37114 2.24187600183834 378 3 1
100000 4 37351 2.23838836038053 379 3 1
100000 4 37781 2.24036921284628 380 3 1
100000 4 33232 2.23811282326742 381 3 1
100000 4 31381 2.23526124615814 382 3 1
100000 4 37113 2.24119769604877 383 3 1
100000 4 37565 2.23976706422532 384 3 1
100000 4 33097 2.2378623938414 385 3 1
100000 4 36267 2.24036921284628 386 3 1
100000 4 37020 2.23979214728873 387 3 1
100000 4 37324 2.23513634331694 388 3 1
100000 4 37640 2.23919030878434 389 3 1
100000 4 37462 2.23766209064769 390 3 1
100000 4 36627 2.23811282326742 391 3 1
100000 4 31102 2.23828815721736 392 3 1
100000 4 32847 2.24207706018856 393 3 1
100000 4 32281 2.23726159181162 394 3 1
100000 4 32374 2.24046960242867 395 3 1
100000 4 35171 2.23966673758945 396 3 1
100000 4 33468 2.24167497954472 397 3 1
100000 4 34604 2.23966673758945 398 3 1
100000 4 35848 2.23676116982609 399 3 1
100000 4 36243 2.2414237523675 400 3 1
100000 4 32172 2.2384635186408 401 3 1
100000 4 34548 2.23828815721736 402 3 1
100000 4 30896 2.24074572017567 403 3 1
100000 4 34937 2.23921537893122 404 3 1
100000 4 30616 2.24200165908123 405 3 1
100000 4 31734 2.23773720014321 406 3 1
100000 4 34148 2.23936581160215 407 3 1
100000 4 35126 2.23989248516071 408 3 1
100000 4 32257 2.24293196065897 409 3 1
100000 4 36642 2.23726159181162 410 3 1
100000 4 35132 2.24159960547847 411 3 1
100000 4 35735 2.24237871534123 412 3 1
100000 4 36304 2.24444220000224 413 3 1
100000 4 35947 2.23831320716708 414 3 1
100000 4 36439 2.24117258149464 415 3 1
100000 4 36600 2.23979214728873 416 3 1
100000 4 35956 2.23821301073223 417 3 1
100000 4 35770 2.23643601556559 418 3 1
100000 4 36695 2.23994265746797 419 3 1
100000 4 33275 2.23856373750602 420 3 1
100000 4 35973 2.2439385609622 421 3 1
100000 4 35817 2.23743679241061 422 3 1
100000 4 35983 2.23808777780265 423 3 1
100000 4 34796 2.23668612583596 424 3 1
100000 4 35283 2.23969181840579 425 3 1
100000 4 35529 2.24107212890647 426 3 1
100000 4 36812 2.24293196065897 427 3 1
100000 4 36130 2.23756195249656 428 3 1
100000 4 34488 2.24139863274683 429 3 1
100000 4 35362 2.23763705526964 430 3 1
100000 4 35855 2.24200165908123 431 3 1
100000 4 35260 2.23883938566247 432 3 1
100000 4 35786 2.24185087207999 433 3 1
100000 4 35205 2.24197652650577 434 3 1
100000 4 34567 2.23976706422532 435 3 1
100000 4 35079 2.23991757103339 436 3 1
100000 4 34734 2.24197652650577 437 3 1
100000 4 35717 2.23558605888534 438 3 1
100000 4 36642 2.24134839519455 439 3 1
100000 4 36357 2.24079593071459 440 3 1
100000 4 35896 2.24127304308847 441 3 1
100000 4 35726 2.23688625433397 442 3 1
100000 4 30874 2.23916523919883 443 3 1
100000 4 34582 2.23989248516071 444 3 1
100000 4 35263 2.24102190598913 445 3 1
100000 4 32554 2.23568602025532 446 3 1
100000 4 34738 2.23868902370772 447 3 1
100000 4 29422 2.2425798638754 448 3 1
100000 4 31065 2.24107212890647 449 3 1
100000 4 30804 2.24192626304521 450 3 1
100000 4 35108 2.23893963818735 451 3 1
100000 4 30765 2.23984231510102 452 3 1
100000 4 35647 2.24648425214539 453 3 1
100000 4 22564 2.23979214728873 454 3 1
100000 4 20989 2.24082103682789 455 3 1
100000 4 20468 2.24069551188689 456 3 1
100000 4 25453 2.24265530387979 457 3 1
100000 4 25339 2.23991757103339 458 3 1
100000 4 20576 2.23746182330764 459 3 1
100000 4 25734 2.23601095645369 460 3 1
100000 4 25820 2.23984231510102 461 3 1
100000 4 26176 2.24039430939845 462 3 1
100000 4 21819 2.23613595706619 463 3 1
100000 4 26000 2.24197652650577 464 3 1
100000 4 26193 2.24107212890647 465 3 1
100000 4 21277 2.2378623938414 466 3 1
100000 4 25654 2.23961657764191 467 3 1
100000 4 26411 2.24031902142865 468 3 1
100000 4 25930 2.24094657583363 469 3 1
100000 4 26081 2.24270560003588 470 3 1
100000 4 25592 2.24024373851875 471 3 1
100000 4 89359 2.24207706018856 472 3 1
100000 4 219965 2.23691127291436 473 3 1
100000 4 223644 2.23999283202294 474 3 1
100000 4 224604 2.23979214728873 475 3 1
100000 4 218901 2.2391151017118 476 3 1
100000 4 222157 2.23999283202294 477 3 1
100000 4 226805 2.23638600022364 478 3 1
100000 4 226087 2.23816291587865 479 3 1
100000 4 225194 2.23901483347327 480 3 1
100000 4 225989 2.24210219501805 481 3 1
100000 4 223951 2.24154935891688 482 3 1
100000 4 224192 2.23711144170647 483 3 1
100000 4 226304 2.23688625433397 484 3 1
100000 4 225230 2.24353581244041 485 3 1
100000 4 228402 2.24298226922516 486 3 1
100000 4 225223 2.24069551188689 487 3 1
100000 4 225163 2.23974198172371 488 3 1
100000 4 227569 2.23771216308446 489 3 1
100000 4 226427 2.23901483347327 490 3 1
100000 4 185457 2.24560142820251 491 3 1
100000 4 225528 2.23966673758945 492 3 1
100000 4 225460 2.2385887936245 493 3 1
100000 4 224893 2.24230329394354 494 3 1
100000 4 51832 2.2348366334421 495 3 1
100000 4 50539 2.24185087207999 496 3 1
100000 4 53045 2.24107212890647 497 3 1
100000 4 49300 2.23798760154869 498 3 1
100000 4 50684 2.23813786929275 499 3 1
100000 4 48745 2.23803768855468 500 3 1
100000 4 51695 2.23991757103339 501 3 1
100000 4 46899 2.24215246636771 502 3 1
100000 4 49980 2.23951626448687 503 3 1
100000 4 49775 2.23811282326742 504 3 1
100000 4 45434 2.24154935891688 505 3 1
100000 4 44461 2.24489566847381 506 3 1
100000 4 47046 2.24014336917563 507 3 1
100000 4 46152 2.23981723091396 508 3 1
100000 4 47512 2.24421553445993 509 3 1
100000 4 48855 2.24582837379567 510 3 1
100000 4 44633 2.23808777780265 511 3 1
100000 4 45616 2.23801264477144 512 3 1
100000 4 46958 2.2414237523675 513 3 1
100000 4 46994 2.23826310782833 514 3 1
100000 4 48267 2.24303258004823 515 3 1
100000 4 43985 2.23876420216041 516 3 1
100000 4 46534 2.24064530584808 517 3 1
100000 4 45102 2.23791247524309 518 3 1
100000 4 46904 2.24159960547847 519 3 1
100000 4 45703 2.23766209064769 520 3 1
100000 4 47750 2.23643601556559 521 3 1
100000 4 49003 2.24039430939845 522 3 1
100000 4 47249 2.24077082516386 523 3 1
100000 4 46616 2.23926552090914 524 3 1
100000 4 47574 2.24049470123003 525 3 1
100000 4 46799 2.23989248516071 526 3 1
100000 4 40707 2.23969181840579 527 3 1
100000 4 48093 2.24114746750336 528 3 1
100000 4 38728 2.23783735398111 529 3 1
100000 4 42634 2.24197652650577 530 3 1
100000 4 47850 2.2391151017118 531 3 1
100000 4 47928 2.23893963818735 532 3 1
100000 4 43838 2.23966673758945 533 3 1
100000 4 46557 2.23748685476473 534 3 1
100000 4 46899 2.24185087207999 535 3 1
100000 4 39859 2.24537452847135 536 3 1
100000 4 43247 2.24413998945254 537 3 1
100000 4 40005 2.2395664199411 538 3 1
100000 4 41288 2.24062020367238 539 3 1
100000 4 46037 2.24185087207999 540 3 1
100000 4 45744 2.24280619911633 541 3 1
100000 4 38486 2.24170010535991 542 3 1
100000 4 41103 2.23691127291436 543 3 1
100000 4 45939 2.2368112019505 544 3 1
100000 4 48392 2.24358614809912 545 3 1
100000 4 48038 2.24137351368919 546 3 1
100000 4 42628 2.23613595706619 547 3 1
100000 4 42447 2.23866396534548 548 3 1
100000 4 41189 2.24059510205911 549 3 1
100000 4 45066 2.23961657764191 550 3 1
100000 4 35946 2.23628597625064 551 3 1
100000 4 44895 2.2424792850976 552 3 1
100000 4 37519 2.24177548618506 553 3 1
100000 4 40869 2.23966673758945 554 3 1
100000 4 41184 2.24220273997175 555 3 1
100000 4 44303 2.24242899909182 556 3 1
100000 4 36527 2.24044450418963 557 3 1
100000 4 43431 2.23831320716708 558 3 1
100000 4 36923 2.24164985429276 559 3 1
100000 4 43336 2.23746182330764 560 3 1
100000 4 37623 2.23853868194842 561 3 1
100000 4 43662 2.24185087207999 562 3 1
100000 4 42912 2.24014336917563 563 3 1
100000 4 46055 2.2391151017118 564 3 1
100000 4 38604 2.238864447952 565 3 1
100000 4 43799 2.23736170307973 566 3 1
100000 4 43125 2.24328416802198 567 3 1
100000 4 44943 2.242856502041 568 3 1
100000 4 44012 2.24192626304521 569 3 1
100000 4 36605 2.24011827824509 570 3 1
100000 4 37035 2.23701135283262 571 3 1
100000 4 42969 2.23863890754421 572 3 1
100000 4 43478 2.24177548618506 573 3 1
100000 4 45553 2.24097168532276 574 3 1
100000 4 39926 2.24172523173835 575 3 1
100000 4 40282 2.24049470123003 576 3 1
100000 4 38105 2.24250442894625 577 3 1
100000 4 39940 2.24054490051981 578 3 1
100000 4 40155 2.24104701716642 579 3 1
100000 4 43373 2.23893963818735 580 3 1
100000 4 43937 2.24102190598913 581 3 1
100000 4 45087 2.24268045167584 582 3 1
100000 4 39532 2.23949118760218 583 3 1
100000 4 38011 2.23831320716708 584 3 1
100000 4 44507 2.24147399329799 585 3 1
100000 4 42234 2.24308289312832 586 3 1
100000 4 45053 2.23831320716708 587 3 1
100000 4 44318 2.23666111229157 588 3 1
100000 4 39069 2.23841341257317 589 3 1
100000 4 44176 2.23531121120338 590 3 1
100000 4 39047 2.23838836038053 591 3 1
100000 4 38858 2.23984231510102 592 3 1
100000 4 43114 2.23946611127907 593 3 1
100000 4 39629 2.23811282326742 594 3 1
100000 4 37422 2.24172523173835 595 3 1
100000 4 39511 2.2395664199411 596 3 1
100000 4 44430 2.24255471833513 597 3 1
100000 4 46266 2.23821301073223 598 3 1
100000 4 43476 2.24044450418963 599 3 1
100000 4 42943 2.23974198172371 600 3 1
100000 4 41295 2.23723656539442 601 3 1
100000 4 35627 2.23726159181162 602 3 1
100000 4 43314 2.23979214728873 603 3 1
100000 4 41149 2.24057000100826 604 3 1
100000 4 42904 2.24139863274683 605 3 1
100000 4 41457 2.24137351368919 606 3 1
100000 4 42031 2.24044450418963 607 3 1
100000 4 42661 2.23726159181162 608 3 1
100000 4 43078 2.2415744819161 609 3 1
100000 4 40832 2.2433093299235 610 3 1
100000 4 41451 2.23896470272146 611 3 1
100000 4 43475 2.24119769604877 612 3 1
100000 4 36040 2.2424541418128 613 3 1
100000 4 41103 2.24187600183834 614 3 1
100000 4 43436 2.2395664199411 615 3 1
100000 4 37127 2.24029392656317 616 3 1
100000 4 37069 2.24358614809912 617 3 1
100000 4 42337 2.23676116982609 618 3 1
100000 4 36999 2.24062020367238 619 3 1
100000 4 41068 2.23793751678453 620 3 1
100000 4 43274 2.2348366334421 621 3 1
100000 4 41574 2.23351387570495 622 3 1
100000 4 33947 2.23914017017465 623 3 1
100000 4 37556 2.24439182592497 624 3 1
100000 4 37158 2.24250442894625 625 3 1
100000 4 42288 2.24102190598913 626 3 1
100000 4 41585 2.24024373851875 627 3 1
100000 4 40816 2.242856502041 628 3 1
100000 4 39600 2.24077082516386 629 3 1
100000 4 39167 2.23949118760218 630 3 1
100000 4 42169 2.23791247524309 631 3 1
100000 4 43129 2.23914017017465 632 3 1
100000 4 43930 2.23703637421144 633 3 1
100000 4 42933 2.24014336917563 634 3 1
100000 4 42214 2.23951626448687 635 3 1
100000 4 42796 2.2447192978518 636 3 1
100000 4 35834 2.23926552090914 637 3 1
100000 4 43283 2.24212733041109 638 3 1
100000 4 41131 2.23999283202294 639 3 1
100000 4 40572 2.23959149851067 640 3 1
100000 4 42273 2.24137351368919 641 3 1
100000 4 43092 2.24182574288501 642 3 1
100000 4 42570 2.24240385693463 643 3 1
100000 4 37765 2.24122281116577 644 3 1
100000 4 43458 2.2368112019505 645 3 1
100000 4 39033 2.24630763183018 646 3 1
100000 4 42051 2.24137351368919 647 3 1
100000 4 40341 2.24298226922516 648 3 1
100000 4 41062 2.24293196065897 649 3 1
100000 4 39520 2.24230329394354 650 3 1
100000 4 39948 2.23896470272146 651 3 1
100000 4 40351 2.23636099339155 652 3 1
100000 4 35102 2.24215246636771 653 3 1
100000 4 41432 2.24242899909182 654 3 1
100000 4 36865 2.24263015664772 655 3 1
100000 4 33403 2.23909003381026 656 3 1
100000 4 41726 2.24134839519455 657 3 1
100000 4 39640 2.24044450418963 658 3 1
100000 4 35897 2.23996774446448 659 3 1
100000 4 34817 2.2369362920544 660 3 1
100000 4 40716 2.24147399329799 661 3 1
100000 4 39621 2.2385887936245 662 3 1
100000 4 42363 2.23891457421442 663 3 1
100000 4 39665 2.24059510205911 664 3 1
100000 4 34002 2.23868902370772 665 3 1
100000 4 40873 2.23748685476473 666 3 1
100000 4 41136 2.2375118867819 667 3 1
100000 4 40506 2.24019355272296 668 3 1
100000 4 36085 2.23841341257317 669 3 1
100000 4 34850 2.24499646413057 670 3 1
100000 4 39813 2.24280619911633 671 3 1
100000 4 35155 2.24340998317443 672 3 1
100000 4 39305 2.24051980059374 673 3 1
100000 4 40904 2.24057000100826 674 3 1
100000 4 40671 2.24077082516386 675 3 1
100000 4 40423 2.23793751678453 676 3 1
100000 4 41704 2.23931566513274 677 3 1
100000 4 36706 2.2422278776192 678 3 1
100000 4 40214 2.24127304308847 679 3 1
100000 4 33433 2.24077082516386 680 3 1
100000 4 36226 2.24373716862807 681 3 1
100000 4 35141 2.24376234069287 682 3 1
100000 4 40799 2.24164985429276 683 3 1
100000 4 35227 2.24051980059374 684 3 1
100000 4 40543 2.24006809807018 685 3 1
100000 4 35086 2.24255471833513 686 3 1
100000 4 40554 2.24072061575003 687 3 1
100000 4 40271 2.24004300882577 688 3 1
100000 4 39607 2.23868902370772 689 3 1
100000 4 41650 2.24039430939845 690 3 1
100000 4 40490 2.24046960242867 691 3 1
100000 4 40921 2.2436868261928 692 3 1
100000 4 36999 2.24162472960402 693 3 1
100000 4 41078 2.23271598736283 694 3 1
100000 4 33305 2.24004300882577 695 3 1
100000 4 37432 2.24537452847135 696 3 1
100000 4 40392 2.23543613358966 697 3 1
100000 4 36159 2.23428737404205 698 3 1
100000 4 41168 2.24067040858625 699 3 1
100000 4 32960 2.24320868570403 700 3 1
100000 4 38103 2.23929059274022 701 3 1
100000 4 38546 2.23949118760218 702 3 1
100000 4 37498 2.23766209064769 703 3 1
100000 4 38155 2.23921537893122 704 3 1
100000 4 35472 2.23873914211516 705 3 1
100000 4 39380 2.24054490051981 706 3 1
100000 4 38346 2.24144887255122 707 3 1
100000 4 38615 2.2355110937238 708 3 1
100000 4 38036 2.23438721930511 709 3 1
100000 4 39033 2.23453700393279 710 3 1
100000 4 38634 2.24059510205911 711 3 1
100000 4 33275 2.23974198172371 712 3 1
100000 4 38894 2.24036921284628 713 3 1
100000 4 33572 2.24351064545801 714 3 1
100000 4 38883 2.2404194065129 715 3 1
100000 4 37327 2.23741176207363 716 3 1
100000 4 34188 2.24295711465997 717 3 1
100000 4 34248 2.23581098453937 718 3 1
100000 4 36593 2.23768712658596 719 3 1
100000 4 31904 2.24162472960402 720 3 1
100000 4 39375 2.23793751678453 721 3 1
100000 4 38022 2.23708641864835 722 3 1
100000 4 40390 2.24240385693463 723 3 1
100000 4 34417 2.24024373851875 724 3 1
100000 4 37748 2.24482007767077 725 3 1
100000 4 33093 2.2367361546032 726 3 1
100000 4 33429 2.23906496647 727 3 1
100000 4 34226 2.23813786929275 728 3 1
100000 4 33341 2.24351064545801 729 3 1
100000 4 39669 2.23503643109383 730 3 1
100000 4 37912 2.23924044963948 731 3 1
100000 4 38026 2.24197652650577 732 3 1
100000 4 33838 2.24177548618506 733 3 1
100000 4 34185 2.23771216308446 734 3 1
100000 4 38230 2.24419035222568 735 3 1
100000 4 39126 2.23821301073223 736 3 1
100000 4 38605 2.23316472939626 737 3 1
100000 4 38735 2.24039430939845 738 3 1
100000 4 38159 2.23991757103339 739 3 1
100000 4 37125 2.2335887069755 740 3 1
100000 4 34052 2.24172523173835 741 3 1
100000 4 38781 2.23974198172371 742 3 1
100000 4 39367 2.24029392656317 743 3 1
100000 4 38440 2.23946611127907 744 3 1
100000 4 37172 2.23951626448687 745 3 1
100000 4 33613 2.24044450418963 746 3 1
100000 4 33840 2.2365860750151 747 3 1
100000 4 39025 2.23726159181162 748 3 1
100000 4 32553 2.24051980059374 749 3 1
100000 4 39178 2.23966673758945 750 3 1
100000 4 33680 2.24036921284628 751 3 1
100000 4 34222 2.24182574288501 752 3 1
100000 4 38549 2.24039430939845 753 3 1
100000 4 39007 2.24082103682789 754 3 1
100000 4 37427 2.23986739984993 755 3 1
100000 4 35991 2.23811282326742 756 3 1
100000 4 37772 2.24104701716642 757 3 1
100000 4 37195 2.238864447952 758 3 1
100000 4 34256 2.2385136269517 759 3 1
100000 4 38650 2.23853868194842 760 3 1
100000 4 37429 2.24164985429276 761 3 1
100000 4 33912 2.24026883225987 762 3 1
100000 4 37765 2.23796255888639 763 3 1
100000 4 36926 2.24082103682789 764 3 1
100000 4 34002 2.24275589844801 765 3 1
100000 4 38457 2.23698633201351 766 3 1
100000 4 36613 2.23951626448687 767 3 1
100000 4 37190 2.23743679241061 768 3 1
100000 4 33957 2.2384635186408 769 3 1
100000 4 35903 2.2447444919582 770 3 1
100000 4 38157 2.24046960242867 771 3 1
100000 4 36828 2.2415744819161 772 3 1
100000 4 31685 2.23931566513274 773 3 1
100000 4 32076 2.24129815989421 774 3 1
100000 4 32372 2.23536117848241 775 3 1
100000 4 37848 2.24039430939845 776 3 1
100000 4 35405 2.23901483347327 777 3 1
100000 4 33736 2.24212733041109 778 3 1
100000 4 37519 2.2357609971494 779 3 1
100000 4 36467 2.24159960547847 780 3 1
100000 4 36167 2.23798760154869 781 3 1
100000 4 33467 2.23954134193317 782 3 1
100000 4 37556 2.23934073808671 783 3 1
100000 4 31321 2.24227815460508 784 3 1
100000 4 37350 2.23906496647 785 3 1
100000 4 31409 2.23896470272146 786 3 1
100000 4 36691 2.23994265746797 787 3 1
100000 4 30430 2.23641100761498 788 3 1
100000 4 31668 2.23896470272146 789 3 1
100000 4 32271 2.2423535743116 790 3 1
100000 4 35794 2.23678618560852 791 3 1
100000 4 30733 2.24333449238949 792 3 1
100000 4 37434 2.24064530584808 793 3 1
100000 4 36236 2.23708641864835 794 3 1
100000 4 32137 2.242856502041 795 3 1
100000 4 38219 2.24029392656317 796 3 1
100000 4 37973 2.23753691935917 797 3 1
100000 4 36423 2.24087125074229 798 3 1
100000 4 37585 2.23736170307973 799 3 1
100000 4 35995 2.2367361546032 800 3 1
100000 4 37801 2.23801264477144 801 3 1
100000 4 37256 2.24170010535991 802 3 1
100000 4 31363 2.23801264477144 803 3 1
100000 4 35597 2.2383382576775 804 3 1
100000 4 37168 2.24084614350379 805 3 1
100000 4 36826 2.23708641864835 806 3 1
100000 4 36355 2.24072061575003 807 3 1
100000 4 38362 2.23716148950212 808 3 1
100000 4 37987 2.24154935891688 809 3 1
100000 4 36089 2.23991757103339 810 3 1
100000 4 35801 2.24290680722216 811 3 1
100000 4 35255 2.24182574288501 812 3 1
100000 4 30301 2.23916523919883 813 3 1
100000 4 35632 2.23909003381026 814 3 1
100000 4 33490 2.24167497954472 815 3 1
100000 4 36569 2.24072061575003 816 3 1
100000 4 29544 2.24107212890647 817 3 1
100000 4 35919 2.23909003381026 818 3 1
100000 4 31506 2.24461852708132 819 3 1
100000 4 29667 2.24182574288501 820 3 1
100000 4 35373 2.24799928064023 821 3 1
100000 4 35420 2.23698633201351 822 3 1
100000 4 34333 2.24102190598913 823 3 1
100000 4 34795 2.23793751678453 824 3 1
100000 4 31477 2.24255471833513 825 3 1
100000 4 31114 2.24026883225987 826 3 1
100000 4 31509 2.24170010535991 827 3 1
100000 4 35516 2.23683621885206 828 3 1
100000 4 31524 2.23931566513274 829 3 1
100000 4 35596 2.23548610645385 830 3 1
100000 4 30513 2.24026883225987 831 3 1
100000 4 35836 2.24034411685635 832 3 1
100000 4 35021 2.24479488186767 833 3 1
100000 4 34461 2.23871408263094 834 3 1
100000 4 35422 2.24119769604877 835 3 1
100000 4 32581 2.23949118760218 836 3 1
100000 4 30552 2.23831320716708 837 3 1
100000 4 35350 2.24069551188689 838 3 1
100000 4 35336 2.2368112019505 839 3 1
100000 4 35080 2.24134839519455 840 3 1
100000 4 34385 2.2385136269517 841 3 1
100000 4 31503 2.24242899909182 842 3 1
100000 4 33535 2.24016846066824 843 3 1
100000 4 30995 2.23573600429261 844 3 1
100000 4 31513 2.24124792684567 845 3 1
100000 4 36513 2.23898976781676 846 3 1
100000 4 34990 2.24335965541996 847 3 1
100000 4 35158 2.23763705526964 848 3 1
100000 4 34553 2.23876420216041 849 3 1
100000 4 36915 2.23891457421442 850 3 1
100000 4 34755 2.23866396534548 851 3 1
100000 4 36358 2.23984231510102 852 3 1
100000 4 29868 2.24082103682789 853 3 1
100000 4 34865 2.24077082516386 854 3 1
100000 4 29907 2.2415744819161 855 3 1
100000 4 36071 2.23883938566247 856 3 1
100000 4 35364 2.24016846066824 857 3 1
100000 4 34823 2.23868902370772 858 3 1
100000 4 29626 2.24019355272296 859 3 1
100000 4 36680 2.23773720014321 860 3 1
100000 4 35147 2.24260500997959 861 3 1
100000 4 35821 2.2439385609622 862 3 1
100000 4 31316 2.23996774446448 863 3 1
100000 4 35395 2.24371199712805 864 3 1
100000 4 31380 2.23856373750602 865 3 1
100000 4 35222 2.24001792014336 866 3 1
100000 4 35468 2.24202679222017 867 3 1
100000 4 34269 2.24217760288792 868 3 1
100000 4 31284 2.24225301583031 869 3 1
100000 4 21647 2.2355110937238 870 3 1
100000 4 25784 2.24190113216007 871 3 1
100000 4 26034 2.23286554800103 872 3 1
100000 4 19631 2.23951626448687 873 3 1
100000 4 25921 2.23608595514412 874 3 1
100000 4 24928 2.23964165733483 875 3 1
100000 4 25561 2.24119769604877 876 3 1
100000 4 25546 2.2385887936245 877 3 1
100000 4 21000 2.24376234069287 878 3 1
100000 4 26696 2.23996774446448 879 3 1
100000 4 25719 2.23883938566247 880 3 1
100000 4 21979 2.23999283202294 881 3 1
100000 4 25747 2.24242899909182 882 3 1
100000 4 25566 2.24054490051981 883 3 1
100000 4 26292 2.23556106993953 884 3 1
100000 4 25896 2.24092146690719 885 3 1
100000 4 25879 2.24099679537458 886 3 1
100000 4 21381 2.24187600183834 887 3 1
100000 4 26649 2.24192626304521 888 3 1
100000 4 26564 2.24009318787662 889 3 1
100000 4 21866 2.23636099339155 890 3 1
100000 4 21254 2.23926552090914 891 3 1
100000 4 102673 2.23924044963948 892 3 1
100000 4 224935 2.24072061575003 893 3 1
100000 4 185289 2.24172523173835 894 3 1
100000 4 194110 2.24202679222017 895 3 1
100000 4 215761 2.23808777780265 896 3 1
100000 4 224280 2.23866396534548 897 3 1
100000 4 185118 2.24250442894625 898 3 1
100000 4 217804 2.24099679537458 899 3 1
100000 4 193786 2.24082103682789 900 3 1
100000 4 225394 2.23929059274022 901 3 1
100000 4 185615 2.24300742435457 902 3 1
100000 4 218280 2.23776223776224 903 3 1
100000 4 225328 2.23976706422532 904 3 1
100000 4 220680 2.23798760154869 905 3 1
100000 4 226210 2.23883938566247 906 3 1
100000 4 182554 2.23966673758945 907 3 1
100000 4 221606 2.24177548618506 908 3 1
100000 4 219577 2.2465599550688 909 3 1
100000 4 220061 2.23873914211516 910 3 1
100000 4 226881 2.23798760154869 911 3 1
100000 4 182492 2.2438882094894 912 3 1
100000 4 219185 2.24290680722216 913 3 1
100000 4 182876 2.23688625433397 914 3 1
100000 4 191079 2.23736170307973 915 3 1
100000 4 122848 2.24489566847381 916 3 1
100000 4 51195 2.23783735398111 917 3 1
100000 4 48759 2.24009318787662 918 3 1
100000 4 54177 2.2385887936245 919 3 1
100000 4 50421 2.23783735398111 920 3 1
100000 4 47278 2.23423745475669 921 3 1
100000 4 50746 2.24502166445906 922 3 1
100000 4 52302 2.24318352606018 923 3 1
100000 4 45844 2.23848857251584 924 3 1
100000 4 50107 2.24059510205911 925 3 1
100000 4 46931 2.24072061575003 926 3 1
100000 4 48206 2.23773720014321 927 3 1
100000 4 46526 2.24144887255122 928 3 1
100000 4 47603 2.23951626448687 929 3 1
100000 4 47469 2.24137351368919 930 3 1
100000 4 45802 2.24298226922516 931 3 1
100000 4 47000 2.23914017017465 932 3 1
100000 4 41813 2.24658519051042 933 3 1
100000 4 47202 2.24046960242867 934 3 1
100000 4 43121 2.24328416802198 935 3 1
100000 4 46577 2.23696131175411 936 3 1
100000 4 42415 2.2440140924085 937 3 1
100000 4 42296 2.23901483347327 938 3 1
100000 4 47427 2.24600491875077 939 3 1
100000 4 43277 2.24084614350379 940 3 1
100000 4 47255 2.23954134193317 941 3 1
100000 4 47047 2.24062020367238 942 3 1
100000 4 46560 2.23873914211516 943 3 1
100000 4 47740 2.24144887255122 944 3 1
100000 4 45514 2.23783735398111 945 3 1
100000 4 46668 2.2368112019505 946 3 1
100000 4 48966 2.23631098140507 947 3 1
100000 4 47995 2.238864447952 948 3 1
100000 4 47927 2.23876420216041 949 3 1
100000 4 47847 2.24049470123003 950 3 1
100000 4 47840 2.23926552090914 951 3 1
100000 4 48134 2.23821301073223 952 3 1
100000 4 48956 2.23763705526964 953 3 1
100000 4 46915 2.24152423648081 954 3 1
100000 4 40290 2.24192626304521 955 3 1
100000 4 49292 2.24114746750336 956 3 1
100000 4 47793 2.24082103682789 957 3 1
100000 4 46984 2.2385887936245 958 3 1
100000 4 43643 2.2335887069755 959 3 1
100000 4 47672 2.23868902370772 960 3 1
100000 4 43002 2.24509726883917 961 3 1
100000 4 48310 2.23826310782833 962 3 1
100000 4 44892 2.23546111974247 963 3 1
100000 4 43457 2.24391338494334 964 3 1
100000 4 47006 2.23528622840155 965 3 1
100000 4 48358 2.24338481901493 966 3 1
100000 4 47227 2.23823805899996 967 3 1
100000 4 43962 2.23951626448687 968 3 1
100000 4 43778 2.23853868194842 969 3 1
100000 4 45269 2.24152423648081 970 3 1
100000 4 44839 2.23726159181162 971 3 1
100000 4 45607 2.23954134193317 972 3 1
100000 4 44685 2.23919030878434 973 3 1
100000 4 38153 2.23611095582563 974 3 1
100000 4 44366 2.23756195249656 975 3 1
100000 4 44456 2.24212733041109 976 3 1
100000 4 46658 2.24067040858625 977 3 1
100000 4 43629 2.23856373750602 978 3 1
100000 4 36451 2.23791247524309 979 3 1
100000 4 46083 2.238864447952 980 3 1
100000 4 36672 2.24149911460785 981 3 1
100000 4 40326 2.24185087207999 982 3 1
100000 4 39287 2.238864447952 983 3 1
100000 4 44930 2.24031902142865 984 3 1
100000 4 43425 2.24441701268096 985 3 1
100000 4 40911 2.23491155337528 986 3 1
100000 4 44601 2.23951626448687 987 3 1
100000 4 43921 2.23521128334656 988 3 1
100000 4 45164 2.2414237523675 989 3 1
100000 4 43959 2.23348893306234 990 3 1
100000 4 45902 2.24348547904024 991 3 1
100000 4 45469 2.24371199712805 992 3 1
100000 4 38067 2.23994265746797 993 3 1
100000 4 45317 2.24290680722216 994 3 1
100000 4 43463 2.24434145410883 995 3 1
100000 4 40581 2.24001792014336 996 3 1
100000 4 44190 2.24114746750336 997 3 1
100000 4 46401 2.24242899909182 998 3 1
100000 4 37736 2.23346399097681 999 3 1
100000 4 39884 2.23861385030389 1000 3 1
