1000000 1 654422 3.14016602057751 1 1 1
1000000 1 660729 3.14337400335398 2 1 1
1000000 1 656675 3.13833793622897 3 1 1
1000000 1 654838 3.14365563138752 4 1 1
1000000 1 655623 3.14306278896534 5 1 1
1000000 1 656146 3.1417050347394 6 1 1
1000000 1 655509 3.14328507866857 7 1 1
1000000 1 657067 3.13829361561238 8 1 1
1000000 1 656463 3.14142375607473 9 1 1
1000000 1 657308 3.14279114424311 10 1 1
1000000 1 655267 3.14376434342482 11 1 1
1000000 1 655423 3.14371986940988 12 1 1
1000000 1 656185 3.15061846640496 13 1 1
1000000 1 656690 3.14167048903243 14 1 1
1000000 1 657574 3.14295412544159 15 1 1
1000000 1 657026 3.14196168377727 16 1 1
1000000 1 657647 3.14116719490628 17 1 1
1000000 1 656238 3.14279114424311 18 1 1
1000000 1 656208 3.14346787375833 19 1 1
1000000 1 654686 3.14089587773121 20 1 1
1000000 1 655204 3.14075283845538 21 1 1
1000000 1 657082 3.1411721283797 22 1 1
1000000 1 655336 3.13885017640338 23 1 1
1000000 1 658895 3.14391259922974 24 1 1
1000000 1 654576 3.1444859865982 25 1 1
1000000 1 656462 3.14308254677693 26 1 1
1000000 1 657579 3.14232698740398 27 1 1
1000000 1 656902 3.14161126958795 28 1 1
1000000 1 659744 3.14064433459169 29 1 1
1000000 1 658269 3.14206534239086 30 1 1
1000000 1 661217 3.14223812194712 31 1 1
1000000 1 661691 3.14302327408734 32 1 1
1000000 1 660821 3.14080709319874 33 1 1
1000000 1 661049 3.14175438706728 34 1 1
1000000 1 658458 3.14578182115601 35 1 1
1000000 1 656166 3.14148296845009 36 1 1
1000000 1 658048 3.1426824995011 37 1 1
1000000 1 656203 3.14010192770857 38 1 1
1000000 1 657765 3.14199129982609 39 1 1
1000000 1 656333 3.14084161992047 40 1 1
1000000 1 658014 3.13990966479894 41 1 1
1000000 1 655546 3.1429343692445 42 1 1
1000000 1 654907 3.14071831368552 43 1 1
1000000 1 655703 3.14210483318565 44 1 1
1000000 1 656294 3.1410389300365 45 1 1
1000000 1 656789 3.14377422671013 46 1 1
1000000 1 656964 3.14197155573151 47 1 1
1000000 1 657206 3.14179880548809 48 1 1
1000000 1 657123 3.14201598029328 49 1 1
1000000 1 656182 3.1437791683761 50 1 1
1000000 1 657270 3.14161620445638 51 1 1
1000000 1 655946 3.14187777467081 52 1 1
1000000 1 656312 3.14093040640499 53 1 1
1000000 1 656439 3.13919012034085 54 1 1
1000000 1 656976 3.14434262014926 55 1 1
1000000 1 656358 3.14160633473501 56 1 1
1000000 1 657608 3.14085641731931 57 1 1
1000000 1 658691 3.14132013978875 58 1 1
1000000 1 659074 3.14234673596589 59 1 1
1000000 1 656252 3.14178399920827 60 1 1
1000000 1 657277 3.13920490218238 61 1 1
1000000 1 657773 3.14240104579107 62 1 1
1000000 1 656740 3.14131520585039 63 1 1
1000000 1 658652 3.13975685722898 64 1 1
1000000 1 655922 3.14486176760101 65 1 1
1000000 1 656148 3.14251954647158 66 1 1
1000000 1 658074 3.14366551398931 67 1 1
1000000 1 654872 3.14593026730969 68 1 1
1000000 1 656697 3.14399167471005 69 1 1
1000000 1 656128 3.14478759318399 70 1 1
1000000 1 655903 3.14594511269562 71 1 1
1000000 1 656981 3.14221837475039 72 1 1
1000000 1 656080 3.14049145550787 73 1 1
1000000 1 655569 3.14367539665324 74 1 1
1000000 1 655619 3.14250473339775 75 1 1
1000000 1 656926 3.1432159185027 76 1 1
1000000 1 655643 3.14208508766417 77 1 1
1000000 1 656913 3.14145829635575 78 1 1
1000000 1 656021 3.13955477973669 79 1 1
1000000 1 660336 3.14563833652353 80 1 1
1000000 1 654825 3.14137441413367 81 1 1
1000000 1 656362 3.1400624872435 82 1 1
1000000 1 655649 3.14236154755022 83 1 1
1000000 1 659979 3.13799325331451 84 1 1
1000000 1 658223 3.14343822986706 85 1 1
1000000 1 656249 3.14574223788103 86 1 1
1000000 1 656380 3.14355186781993 87 1 1
1000000 1 657137 3.14463925484628 88 1 1
1000000 1 655911 3.14149283739633 89 1 1
1000000 1 655233 3.14360127818828 90 1 1
1000000 1 655215 3.14396202093879 91 1 1
1000000 1 656210 3.14248004525171 92 1 1
1000000 1 658959 3.13951042474437 93 1 1
1000000 1 657300 3.14049638685891 94 1 1
1000000 1 656523 3.14219862780186 95 1 1
1000000 1 655368 3.14288991870915 96 1 1
1000000 1 656490 3.137584655956 97 1 1
1000000 1 655177 3.13982586525751 98 1 1
1000000 1 656242 3.14409546731477 99 1 1
1000000 1 656441 3.13815573725477 100 1 1
