1000000 2 335301 3.14080216087189 1 1 1
1000000 2 340221 3.14420915279284 2 1 1
1000000 2 337498 3.13830838901215 3 1 1
1000000 2 337987 3.14028928344879 4 1 1
1000000 2 338258 3.13845613066021 5 1 1
1000000 2 338241 3.14348763666312 6 1 1
1000000 2 338914 3.14159646507566 7 1 1
1000000 2 340797 3.13984558239426 8 1 1
1000000 2 341517 3.14199129982609 9 1 1
1000000 2 338846 3.13777663423252 10 1 1
1000000 2 339602 3.14456014678807 11 1 1
1000000 2 337600 3.13925417599287 12 1 1
1000000 2 339578 3.1369744195421 13 1 1
1000000 2 339939 3.1451535542594 14 1 1
1000000 2 339914 3.13825914488715 15 1 1
1000000 2 337467 3.13762895655011 16 1 1
1000000 2 336117 3.13993431257418 17 1 1
1000000 2 338814 3.13892407099618 18 1 1
1000000 2 341095 3.14004769732452 19 1 1
1000000 2 338787 3.14090574298911 20 1 1
1000000 2 339015 3.14135467779125 21 1 1
1000000 2 338135 3.14473814551647 22 1 1
1000000 2 337979 3.14200117196644 23 1 1
1000000 2 337572 3.14080216087189 24 1 1
1000000 2 340534 3.14167542408691 25 1 1
1000000 2 339440 3.13739762279382 26 1 1
1000000 2 342022 3.14514366229963 27 1 1
1000000 2 338653 3.13943157451912 28 1 1
1000000 2 340168 3.13960406453142 29 1 1
1000000 2 340686 3.14051611241791 30 1 1
1000000 2 340536 3.13986037040933 31 1 1
1000000 2 338726 3.13884032405387 32 1 1
1000000 2 338750 3.14376434342482 33 1 1
1000000 2 340954 3.14382858589018 34 1 1
1000000 2 340420 3.14274669775891 35 1 1
1000000 2 340702 3.14360621931054 36 1 1
1000000 2 340303 3.141655683962 37 1 1
1000000 2 341325 3.14372481090495 38 1 1
1000000 2 341565 3.14452553826416 39 1 1
1000000 2 340056 3.13867284357482 40 1 1
1000000 2 342891 3.14505463746169 41 1 1
1000000 2 341000 3.14400155942477 42 1 1
1000000 2 338988 3.14173958120611 43 1 1
1000000 2 337799 3.13823452340417 44 1 1
1000000 2 341762 3.14421409582621 45 1 1
1000000 2 340149 3.14110306116199 46 1 1
1000000 2 338122 3.13758957818246 47 1 1
1000000 2 339691 3.14208015132258 48 1 1
1000000 2 338076 3.14184322516491 49 1 1
1000000 2 341264 3.14187283898059 50 1 1
1000000 2 338769 3.14551465338001 51 1 1
1000000 2 340039 3.14283559198451 52 1 1
1000000 2 338799 3.1402547688694 53 1 1
1000000 2 340910 3.13936258382098 54 1 1
1000000 2 340133 3.14215419807512 55 1 1
1000000 2 338163 3.13853000670076 56 1 1
1000000 2 340043 3.14378905175463 57 1 1
1000000 2 337152 3.14002797764928 58 1 1
1000000 2 339304 3.14240598314099 59 1 1
1000000 2 340337 3.14423881122619 60 1 1
1000000 2 338644 3.14142375607473 61 1 1
1000000 2 341611 3.1437445770406 62 1 1
1000000 2 338730 3.14063940277601 63 1 1
1000000 2 339833 3.1411721283797 64 1 1
1000000 2 338608 3.1424504199885 65 1 1
1000000 2 339369 3.14028435274814 66 1 1
1000000 2 337613 3.13857433399453 67 1 1
1000000 2 338328 3.14281089863963 68 1 1
1000000 2 337326 3.14343328927288 69 1 1
1000000 2 338071 3.14041748710074 70 1 1
1000000 2 338195 3.14104879619305 71 1 1
1000000 2 339093 3.13919012034085 72 1 1
1000000 2 339508 3.14283065328449 73 1 1
1000000 2 339819 3.14388788895788 74 1 1
1000000 2 340827 3.14314676138016 75 1 1
1000000 2 339747 3.14211470603946 76 1 1
1000000 2 341554 3.13807203130541 77 1 1
1000000 2 340020 3.1397962900167 78 1 1
1000000 2 337880 3.14354692686852 79 1 1
1000000 2 339591 3.14198636377918 80 1 1
1000000 2 341800 3.13880584131767 81 1 1
1000000 2 339309 3.14256398653097 82 1 1
1000000 2 337415 3.13816558530711 83 1 1
1000000 2 336962 3.13775694307168 84 1 1
1000000 2 337902 3.14477275872046 85 1 1
1000000 2 338822 3.14249485809279 86 1 1
1000000 2 342210 3.14283559198451 87 1 1
1000000 2 340390 3.14017588125111 88 1 1
1000000 2 341564 3.14459475607378 89 1 1
1000000 2 338311 3.14107839503458 90 1 1
1000000 2 339814 3.14397190546705 91 1 1
1000000 2 338452 3.14150270640458 92 1 1
1000000 2 341345 3.14306278896534 93 1 1
1000000 2 340993 3.14441677357684 94 1 1
1000000 2 340668 3.13837733338355 95 1 1
1000000 2 339699 3.14037310772893 96 1 1
1000000 2 339805 3.14265287042057 97 1 1
1000000 2 340262 3.14183335401707 98 1 1
1000000 2 339972 3.14335918222368 99 1 1
1000000 2 339648 3.14271212914033 100 1 1
