1000000 3 228249 3.14223812194712 1 1 1
1000000 3 229705 3.14296894275239 2 1 1
1000000 3 231463 3.14358151385455 3 1 1
1000000 3 231959 3.13969770990449 4 1 1
1000000 3 230498 3.14061474392998 5 1 1
1000000 3 276909 3.14292943023404 6 1 1
1000000 3 229490 3.14367539665324 7 1 1
1000000 3 231239 3.14003290754487 8 1 1
1000000 3 232979 3.1387516556915 9 1 1
1000000 3 232460 3.14238623383439 10 1 1
1000000 3 231006 3.14091560830898 11 1 1
1000000 3 232618 3.14007727730179 12 1 1
1000000 3 231399 3.14291461329579 13 1 1
1000000 3 230423 3.14312206314532 14 1 1
1000000 3 247143 3.14323567823954 15 1 1
1000000 3 232119 3.14277139009493 16 1 1
1000000 3 231141 3.14259855189059 17 1 1
1000000 3 231980 3.1400624872435 18 1 1
1000000 3 230988 3.13905216319932 19 1 1
1000000 3 230886 3.14053090674979 20 1 1
1000000 3 230933 3.14407075416825 21 1 1
1000000 3 231187 3.13984558239426 22 1 1
1000000 3 234042 3.13634474701459 23 1 1
1000000 3 232192 3.1398998057972 24 1 1
1000000 3 232857 3.14197649173189 25 1 1
1000000 3 232335 3.14551465338001 26 1 1
1000000 3 233644 3.14289979649724 27 1 1
1000000 3 233081 3.14481726253092 28 1 1
1000000 3 230229 3.13810649792022 29 1 1
1000000 3 243796 3.14580161316707 30 1 1
1000000 3 232839 3.13919012034085 31 1 1
1000000 3 244662 3.13921968416311 32 1 1
1000000 3 231427 3.14075777062732 33 1 1
1000000 3 269248 3.13965335087353 34 1 1
1000000 3 230022 3.14644993919485 35 1 1
1000000 3 232968 3.13701870290551 36 1 1
1000000 3 244294 3.14672221680287 37 1 1
1000000 3 241121 3.13942171851945 38 1 1
1000000 3 248849 3.14352716321822 39 1 1
1000000 3 232947 3.14042241821947 40 1 1
1000000 3 230713 3.14622225228612 41 1 1
1000000 3 244137 3.14256398653097 42 1 1
1000000 3 232019 3.14390765714429 43 1 1
1000000 3 231644 3.14521290732473 44 1 1
1000000 3 230174 3.14477275872046 45 1 1
1000000 3 232976 3.14063940277601 46 1 1
1000000 3 233159 3.14462442178218 47 1 1
1000000 3 230802 3.13965335087353 48 1 1
1000000 3 230932 3.13904723638281 49 1 1
1000000 3 231211 3.13880091527435 50 1 1
1000000 3 244545 3.14235167314515 51 1 1
1000000 3 231686 3.13858418467429 52 1 1
1000000 3 231068 3.13781109435869 53 1 1
1000000 3 233316 3.14137441413367 54 1 1
1000000 3 232794 3.14152737919649 55 1 1
1000000 3 230775 3.13638409414171 56 1 1
1000000 3 231231 3.14064433459169 57 1 1
1000000 3 230774 3.14282077593102 58 1 1
1000000 3 232808 3.14109812790552 59 1 1
1000000 3 230838 3.14349257742815 60 1 1
1000000 3 231759 3.14191232493657 61 1 1
1000000 3 261800 3.13975192820015 62 1 1
1000000 3 230147 3.14184816076209 63 1 1
1000000 3 231116 3.14329989910007 64 1 1
1000000 3 232294 3.14327025837682 65 1 1
1000000 3 235585 3.14436239405464 66 1 1
1000000 3 257927 3.14253435968506 67 1 1
1000000 3 271270 3.1359464129477 68 1 1
1000000 3 274876 3.13891914458175 69 1 1
1000000 3 287704 3.14068872162977 70 1 1
1000000 3 294283 3.14114746116756 71 1 1
1000000 3 302556 3.14369516216752 72 1 1
1000000 3 272278 3.14467881036801 73 1 1
1000000 3 275492 3.13976178627328 74 1 1
1000000 3 290712 3.1392393936873 75 1 1
1000000 3 292992 3.13882554564559 76 1 1
1000000 3 273299 3.14345305174281 77 1 1
1000000 3 294563 3.13987022916343 78 1 1
1000000 3 276894 3.13764864610461 79 1 1
1000000 3 289992 3.14078243171939 80 1 1
1000000 3 283123 3.14534151331816 81 1 1
1000000 3 293132 3.14544539506794 82 1 1
1000000 3 295992 3.14061967566821 83 1 1
1000000 3 285340 3.14189751758677 84 1 1
1000000 3 292046 3.14013150870758 85 1 1
1000000 3 287004 3.14373469394171 86 1 1
1000000 3 267433 3.14504969178513 87 1 1
1000000 3 275318 3.1437445770406 88 1 1
1000000 3 297317 3.13879598924648 89 1 1
1000000 3 292434 3.14445632350167 90 1 1
1000000 3 293281 3.14260348986118 91 1 1
1000000 3 282687 3.14315664078277 92 1 1
1000000 3 286806 3.1424504199885 93 1 1
1000000 3 272688 3.14352222234447 94 1 1
1000000 3 274643 3.14376434342482 95 1 1
1000000 3 273709 3.14149283739633 96 1 1
1000000 3 296260 3.14182841846641 97 1 1
1000000 3 289989 3.14079722856053 98 1 1
1000000 3 281063 3.14447115497998 99 1 1
1000000 3 288205 3.13704330531431 100 1 1
