1000000 4 172205 3.1428553469398 1 1 1
1000000 4 1271968 3.14426352701473 2 1 1
1000000 4 1652362 3.13953013791956 3 1 1
1000000 4 1664540 3.14679153135463 4 1 1
1000000 4 722314 3.14355186781993 5 1 1
1000000 4 366777 3.14209496039389 6 1 1
1000000 4 372917 3.14377422671013 7 1 1
1000000 4 373432 3.13838225809742 8 1 1
1000000 4 364246 3.14033859130691 9 1 1
1000000 4 355086 3.14388294695012 10 1 1
1000000 4 343442 3.14527720900682 11 1 1
1000000 4 330595 3.13993924217566 12 1 1
1000000 4 360386 3.1394660710053 13 1 1
1000000 4 338524 3.13872210068393 14 1 1
1000000 4 332534 3.14295412544159 15 1 1
1000000 4 340248 3.14145336198339 16 1 1
1000000 4 313950 3.1412461323407 17 1 1
1000000 4 310151 3.14394719426293 18 1 1
1000000 4 311078 3.13906694374164 19 1 1
1000000 4 324432 3.14259361393552 20 1 1
1000000 4 322014 3.14141388756251 21 1 1
1000000 4 309347 3.14335918222368 22 1 1
1000000 4 341771 3.14412018084979 23 1 1
1000000 4 322654 3.13717124406094 24 1 1
1000000 4 303670 3.13842658121777 25 1 1
1000000 4 313263 3.14229242801794 26 1 1
1000000 4 311980 3.14325543822482 27 1 1
1000000 4 294995 3.13897826257553 28 1 1
1000000 4 287964 3.13792924910922 29 1 1
1000000 4 286815 3.14280596001722 30 1 1
1000000 4 287679 3.13889451274156 31 1 1
1000000 4 315572 3.14147803400022 32 1 1
1000000 4 294440 3.13727458682094 33 1 1
1000000 4 288177 3.14133987569718 34 1 1
1000000 4 289369 3.14060981220724 35 1 1
1000000 4 297357 3.13877628528965 36 1 1
1000000 4 283295 3.14417949491901 37 1 1
1000000 4 285468 3.14197155573151 38 1 1
1000000 4 294445 3.14244054502489 39 1 1
1000000 4 282474 3.13952028130102 40 1 1
1000000 4 274828 3.14055063274244 41 1 1
1000000 4 273916 3.14414983760466 42 1 1
1000000 4 271860 3.13802771819883 43 1 1
1000000 4 270223 3.1402301160629 44 1 1
1000000 4 277041 3.13713187718129 45 1 1
1000000 4 262514 3.14341352705143 46 1 1
1000000 4 262734 3.14717776833624 47 1 1
1000000 4 263676 3.14134480971304 48 1 1
1000000 4 268835 3.14311218396007 49 1 1
1000000 4 258553 3.14016109026393 50 1 1
1000000 4 252518 3.14230230205067 51 1 1
1000000 4 259143 3.14366551398931 52 1 1
1000000 4 262711 3.14084161992047 53 1 1
1000000 4 256100 3.14119679597927 54 1 1
1000000 4 266322 3.1403780387083 55 1 1
1000000 4 258818 3.13938229513961 56 1 1
1000000 4 264080 3.14501012693261 57 1 1
1000000 4 217719 3.14253929745391 58 1 1
1000000 4 204606 3.14102413091789 59 1 1
1000000 4 178735 3.14691531493542 60 1 1
1000000 4 177101 3.14182348293126 61 1 1
1000000 4 199126 3.14305784955125 62 1 1
1000000 4 210360 3.14354692686852 63 1 1
1000000 4 188406 3.14624204983962 64 1 1
1000000 4 204643 3.13687109655603 65 1 1
1000000 4 203179 3.13751082441234 66 1 1
1000000 4 177617 3.14267756128221 67 1 1
1000000 4 212957 3.14258373807193 68 1 1
1000000 4 264324 3.14509914925068 69 1 1
1000000 4 268160 3.14120172954567 70 1 1
1000000 4 267275 3.13826899358852 71 1 1
1000000 4 275962 3.14337894376181 72 1 1
1000000 4 265326 3.14632124254519 73 1 1
1000000 4 272487 3.14130533802016 74 1 1
1000000 4 270174 3.13979136086407 75 1 1
1000000 4 193623 3.14166555399345 76 1 1
1000000 4 206605 3.14344811110203 77 1 1
1000000 4 220831 3.14336906296168 78 1 1
1000000 4 205933 3.13975685722898 79 1 1
1000000 4 228335 3.14384341144736 80 1 1
1000000 4 189976 3.14174945176472 81 1 1
1000000 4 178965 3.13821482649595 82 1 1
1000000 4 180113 3.14086628232933 83 1 1
1000000 4 1357775 3.14169516445989 84 1 1
1000000 4 1622800 3.14134480971304 85 1 1
1000000 4 1698601 3.14212457895531 86 1 1
1000000 4 617876 3.14351234064357 87 1 1
1000000 4 360979 3.1406541982695 88 1 1
1000000 4 365183 3.14081695789892 89 1 1
1000000 4 360232 3.14358151385455 90 1 1
1000000 4 341325 3.14177906381267 91 1 1
1000000 4 365920 3.14381870226308 92 1 1
1000000 4 340108 3.14200610805987 93 1 1
1000000 4 342464 3.14145336198339 94 1 1
1000000 4 356517 3.14252448419389 95 1 1
1000000 4 342799 3.14078243171939 96 1 1
1000000 4 320918 3.14090081035241 97 1 1
1000000 4 326095 3.13750098046906 98 1 1
1000000 4 320257 3.14248004525171 99 1 1
1000000 4 313386 3.14393236772691 100 1 1
