1000000 5 191626 3.13982586525751 1 1 1
1000000 5 201030 3.14194194005489 2 1 1
1000000 5 447928 3.14161126958795 3 1 1
1000000 5 1673454 3.14493594551713 4 1 1
1000000 5 1652288 3.14028435274814 5 1 1
1000000 5 1410230 3.14022518554806 6 1 1
1000000 5 353264 3.14139908491045 7 1 1
1000000 5 356031 3.14061967566821 8 1 1
1000000 5 358035 3.14068872162977 9 1 1
1000000 5 361559 3.1375649672046 10 1 1
1000000 5 363674 3.14177906381267 11 1 1
1000000 5 345754 3.14251954647158 12 1 1
1000000 5 338930 3.14179880548809 13 1 1
1000000 5 337312 3.14079722856053 14 1 1
1000000 5 330828 3.14333448065042 15 1 1
1000000 5 331661 3.14148296845009 16 1 1
1000000 5 330001 3.14323567823954 17 1 1
1000000 5 322123 3.14175932238535 18 1 1
1000000 5 310772 3.14322085841362 19 1 1
1000000 5 312706 3.14258373807193 20 1 1
1000000 5 309894 3.14369516216752 21 1 1
1000000 5 310369 3.13961885027158 22 1 1
1000000 5 313139 3.14592531887885 23 1 1
1000000 5 315657 3.14017588125111 24 1 1
1000000 5 301543 3.13925910345899 25 1 1
1000000 5 296385 3.13862358801171 26 1 1
1000000 5 296143 3.14278126713798 27 1 1
1000000 5 306288 3.14421409582621 28 1 1
1000000 5 294288 3.14411029538916 29 1 1
1000000 5 308380 3.13826899358852 30 1 1
1000000 5 299765 3.14048652417232 31 1 1
1000000 5 288091 3.14506452886147 32 1 1
1000000 5 288203 3.14279608281896 33 1 1
1000000 5 290663 3.14139415072409 34 1 1
1000000 5 291469 3.14045200525712 35 1 1
1000000 5 291868 3.14269237598543 36 1 1
1000000 5 286925 3.14005262728203 37 1 1
1000000 5 282682 3.14288497983839 38 1 1
1000000 5 279606 3.14189258183452 39 1 1
1000000 5 279607 3.14287016331925 40 1 1
1000000 5 274569 3.14164087903112 41 1 1
1000000 5 274434 3.14366551398931 42 1 1
1000000 5 274057 3.14351234064357 43 1 1
1000000 5 280789 3.13999346881358 44 1 1
1000000 5 274118 3.14364080760132 45 1 1
1000000 5 264181 3.14331965989281 46 1 1
1000000 5 264606 3.14172971070953 47 1 1
1000000 5 268310 3.13689569664964 48 1 1
1000000 5 263104 3.14109812790552 49 1 1
1000000 5 267665 3.14454037039541 50 1 1
1000000 5 269374 3.14348269591363 51 1 1
1000000 5 266534 3.13753051248423 52 1 1
1000000 5 257058 3.13994910142507 53 1 1
1000000 5 259514 3.14196168377727 54 1 1
1000000 5 259110 3.14474309021324 55 1 1
1000000 5 255505 3.14308748626864 56 1 1
1000000 5 254328 3.14335424187797 57 1 1
1000000 5 258017 3.14267756128221 58 1 1
1000000 5 254534 3.13865314116406 59 1 1
1000000 5 259820 3.14126586731921 60 1 1
1000000 5 200844 3.14014136916444 61 1 1
1000000 5 191203 3.14170996990242 62 1 1
1000000 5 197989 3.13996389041526 63 1 1
1000000 5 196165 3.14345799239912 64 1 1
1000000 5 197421 3.14422892501957 65 1 1
1000000 5 193829 3.1390570900313 66 1 1
1000000 5 193120 3.14330483927497 67 1 1
1000000 5 193374 3.14088601253528 68 1 1
1000000 5 194383 3.14257880016341 69 1 1
1000000 5 190318 3.14243560756636 70 1 1
1000000 5 196223 3.14009699759626 71 1 1
1000000 5 198230 3.13891914458175 72 1 1
1000000 5 192146 3.14226280629207 73 1 1
1000000 5 192353 3.13967306584365 74 1 1
1000000 5 962874 3.1437939934672 75 1 1
1000000 5 1658145 3.14371492793034 76 1 1
1000000 5 1644723 3.14074790629893 77 1 1
1000000 5 981596 3.14059994880822 78 1 1
1000000 5 337897 3.14080216087189 79 1 1
1000000 5 333572 3.13793417241693 80 1 1
1000000 5 331832 3.13888958641991 81 1 1
1000000 5 339205 3.13982093601202 82 1 1
1000000 5 334382 3.13831331350965 83 1 1
1000000 5 337989 3.14618265792657 84 1 1
1000000 5 318687 3.14124119863482 85 1 1
1000000 5 310509 3.14000825822172 86 1 1
1000000 5 321840 3.13839210757153 87 1 1
1000000 5 321022 3.14105372929457 88 1 1
1000000 5 314982 3.13886002881474 89 1 1
1000000 5 319563 3.13950549648925 90 1 1
1000000 5 309076 3.13809172642116 91 1 1
1000000 5 304889 3.14192219658065 92 1 1
1000000 5 306385 3.1445848676287 93 1 1
1000000 5 304050 3.13971742543171 94 1 1
1000000 5 306069 3.14339870554841 95 1 1
1000000 5 308129 3.14240104579107 96 1 1
1000000 5 305893 3.14528710180665 97 1 1
1000000 5 290360 3.14243560756636 98 1 1
1000000 5 294350 3.14272694416946 99 1 1
1000000 5 291259 3.14108332822907 100 1 1
