1000000 6 164911 3.13722045404992 1 1 1
1000000 6 172110 3.1422085012451 2 1 1
1000000 6 167284 3.14343822986706 3 1 1
1000000 6 167209 3.13643327943895 4 1 1
1000000 6 167067 3.14291461329579 5 1 1
1000000 6 167116 3.13945621478904 6 1 1
1000000 6 167420 3.14119186242836 7 1 1
1000000 6 167923 3.13410850283637 8 1 1
1000000 6 485121 3.14217888110152 9 1 1
1000000 6 1431664 3.14049638685891 10 1 1
1000000 6 1400292 3.13598083288515 11 1 1
1000000 6 1420507 3.14369516216752 12 1 1
1000000 6 607840 3.13997374981945 13 1 1
1000000 6 322428 3.14508431184769 14 1 1
1000000 6 332326 3.14383846957943 15 1 1
1000000 6 324305 3.13916548424767 16 1 1
1000000 6 330102 3.1403879007135 17 1 1
1000000 6 300183 3.14114252777163 18 1 1
1000000 6 306964 3.14256892439293 19 1 1
1000000 6 306444 3.14200610805987 20 1 1
1000000 6 311760 3.14353704501231 21 1 1
1000000 6 305392 3.14245535749358 22 1 1
1000000 6 306096 3.14091560830898 23 1 1
1000000 6 295633 3.14152244460711 24 1 1
1000000 6 293655 3.13852015636107 25 1 1
1000000 6 282874 3.14172971070953 26 1 1
1000000 6 288354 3.14186790330587 27 1 1
1000000 6 287740 3.1403879007135 28 1 1
1000000 6 293045 3.13937243944935 29 1 1
1000000 6 295909 3.14198636377918 30 1 1
1000000 6 283719 3.14151257547484 31 1 1
1000000 6 279443 3.14469858850204 32 1 1
1000000 6 279850 3.13959913598232 33 1 1
1000000 6 280401 3.14155698705836 34 1 1
1000000 6 280252 3.14293930827049 35 1 1
1000000 6 278121 3.13956463657185 36 1 1
1000000 6 278683 3.1453612997891 37 1 1
1000000 6 271460 3.14225786939205 38 1 1
1000000 6 266204 3.14318133956102 39 1 1
1000000 6 267124 3.14133000771197 40 1 1
1000000 6 267287 3.14395707869796 41 1 1
1000000 6 267600 3.14234673596589 42 1 1
1000000 6 266692 3.1407380420325 43 1 1
1000000 6 266272 3.1419073891378 44 1 1
1000000 6 267558 3.13740746608855 45 1 1
1000000 6 255380 3.14049638685891 46 1 1
1000000 6 255066 3.13680221834653 47 1 1
1000000 6 254818 3.14056542739955 48 1 1
1000000 6 255752 3.14094027187979 49 1 1
1000000 6 254728 3.14270719082832 50 1 1
1000000 6 253170 3.14364574884785 51 1 1
1000000 6 254534 3.14039283173932 52 1 1
1000000 6 253736 3.14163594408516 53 1 1
1000000 6 242179 3.14069365360033 54 1 1
1000000 6 243126 3.13865314116406 55 1 1
1000000 6 244559 3.14384835333083 56 1 1
1000000 6 243237 3.1414385589593 57 1 1
1000000 6 244790 3.14244548249894 58 1 1
1000000 6 242311 3.14064433459169 59 1 1
1000000 6 242920 3.14059501713195 60 1 1
1000000 6 241563 3.13970263876308 61 1 1
1000000 6 234714 3.14338882462405 62 1 1
1000000 6 233676 3.13795878918722 63 1 1
1000000 6 232167 3.1409106756413 64 1 1
1000000 6 234403 3.14174945176472 65 1 1
1000000 6 234897 3.14227268013864 66 1 1
1000000 6 233418 3.14029914489654 67 1 1
1000000 6 233948 3.14280102141033 68 1 1
1000000 6 232158 3.13940200670576 69 1 1
1000000 6 221693 3.14451070627283 70 1 1
1000000 6 175091 3.14504969178513 71 1 1
1000000 6 169123 3.13548919118489 72 1 1
1000000 6 169185 3.13947592728346 73 1 1
1000000 6 829430 3.13985051171714 74 1 1
1000000 6 1397191 3.13971249652669 75 1 1
1000000 6 1405279 3.14229242801794 76 1 1
1000000 6 1419433 3.13572024358275 77 1 1
1000000 6 338337 3.14235661033992 78 1 1
1000000 6 311166 3.13893392387144 79 1 1
1000000 6 309576 3.14023504659324 80 1 1
1000000 6 309609 3.140466798985 81 1 1
1000000 6 306845 3.14019067237763 82 1 1
1000000 6 307962 3.1431517010737 83 1 1
1000000 6 310485 3.14632619222165 84 1 1
1000000 6 303447 3.14177412843258 85 1 1
1000000 6 296560 3.14049145550787 86 1 1
1000000 6 299481 3.13950549648925 87 1 1
1000000 6 295441 3.14514366229963 88 1 1
1000000 6 296464 3.14109812790552 89 1 1
1000000 6 296156 3.14841634657767 90 1 1
1000000 6 296288 3.14229242801794 91 1 1
1000000 6 288953 3.14517333836561 92 1 1
1000000 6 283202 3.14389777302001 93 1 1
1000000 6 279647 3.13794894243276 94 1 1
1000000 6 277941 3.14364080760132 95 1 1
1000000 6 279359 3.14003290754487 96 1 1
1000000 6 279332 3.13920490218238 97 1 1
1000000 6 282478 3.14191726075086 98 1 1
1000000 6 276175 3.138465980598 99 1 1
1000000 6 267540 3.14000825822172 100 1 1
