1000000 7 144560 3.13816558530711 1 1 1
1000000 7 152249 3.14693016961954 2 1 1
1000000 7 147663 3.1421097696048 3 1 1
1000000 7 482875 3.14230230205067 4 1 1
1000000 7 1283092 3.14556412547026 5 1 1
1000000 7 1273281 3.14050624960744 6 1 1
1000000 7 1273970 3.14191232493657 7 1 1
1000000 7 892339 3.14145336198339 8 1 1
1000000 7 308669 3.139816006782 9 1 1
1000000 7 310964 3.1384216563648 10 1 1
1000000 7 308654 3.14047666154769 11 1 1
1000000 7 305634 3.13759450042436 12 1 1
1000000 7 309665 3.14200117196644 13 1 1
1000000 7 303532 3.14069365360033 14 1 1
1000000 7 282746 3.14116226144836 15 1 1
1000000 7 284870 3.139608993096 16 1 1
1000000 7 290184 3.14203572494619 17 1 1
1000000 7 288801 3.14417949491901 18 1 1
1000000 7 288918 3.14163594408516 19 1 1
1000000 7 289852 3.14341352705143 20 1 1
1000000 7 282208 3.14273188254354 21 1 1
1000000 7 271447 3.14147803400022 22 1 1
1000000 7 273186 3.14080216087189 23 1 1
1000000 7 274868 3.14106359554409 24 1 1
1000000 7 274068 3.14092054099215 25 1 1
1000000 7 275873 3.13995403107298 26 1 1
1000000 7 274720 3.14211470603946 27 1 1
1000000 7 273546 3.13795878918722 28 1 1
1000000 7 260686 3.13910635920166 29 1 1
1000000 7 258734 3.14004769732452 30 1 1
1000000 7 258248 3.14002304776917 31 1 1
1000000 7 260442 3.14389283098118 32 1 1
1000000 7 260480 3.1410389300365 33 1 1
1000000 7 259817 3.14421903887512 34 1 1
1000000 7 259301 3.13825422055965 35 1 1
1000000 7 254426 3.14454037039541 36 1 1
1000000 7 245325 3.14527720900682 37 1 1
1000000 7 245783 3.14348763666312 38 1 1
1000000 7 246419 3.14535635314803 39 1 1
1000000 7 246996 3.14167542408691 40 1 1
1000000 7 246154 3.138465980598 41 1 1
1000000 7 244955 3.1421344519332 42 1 1
1000000 7 246264 3.14316158050737 43 1 1
1000000 7 245587 3.14131520585039 44 1 1
1000000 7 236344 3.14116226144836 45 1 1
1000000 7 234128 3.14064433459169 46 1 1
1000000 7 234860 3.14234673596589 47 1 1
1000000 7 234494 3.1437791683761 48 1 1
1000000 7 234567 3.14462936612134 49 1 1
1000000 7 243798 3.14218381775334 50 1 1
1000000 7 233162 3.14413995195754 51 1 1
1000000 7 234352 3.14090081035241 52 1 1
1000000 7 228564 3.14007234726688 53 1 1
1000000 7 223630 3.14434756360229 54 1 1
1000000 7 225570 3.14352222234447 55 1 1
1000000 7 224321 3.14607377857618 56 1 1
1000000 7 224775 3.14278620568279 57 1 1
1000000 7 225388 3.14544539506794 58 1 1
1000000 7 224109 3.14216900784443 59 1 1
1000000 7 224264 3.13882554564559 60 1 1
1000000 7 224400 3.14002797764928 61 1 1
1000000 7 217861 3.14105372929457 62 1 1
1000000 7 215071 3.14392742557931 63 1 1
1000000 7 214785 3.13764864610461 64 1 1
1000000 7 215354 3.1425541108536 65 1 1
1000000 7 215975 3.13663003605556 66 1 1
1000000 7 215197 3.14548497087281 67 1 1
1000000 7 215116 3.14494089083596 68 1 1
1000000 7 215827 3.13916055707543 69 1 1
1000000 7 215120 3.1409106756413 70 1 1
1000000 7 191548 3.14333448065042 71 1 1
1000000 7 148950 3.14044707404546 72 1 1
1000000 7 149619 3.14130533802016 73 1 1
1000000 7 148871 3.13705806694482 74 1 1
1000000 7 149386 3.14252942193171 75 1 1
1000000 7 804518 3.14298869938413 76 1 1
1000000 7 1272070 3.14393236772691 77 1 1
1000000 7 1272742 3.14466397693075 78 1 1
1000000 7 1276042 3.13966320832764 79 1 1
1000000 7 632133 3.14297882103721 80 1 1
1000000 7 292599 3.13914577565153 81 1 1
1000000 7 291375 3.1420307887597 82 1 1
1000000 7 289637 3.14005755725502 83 1 1
1000000 7 289977 3.14080709319874 84 1 1
1000000 7 288695 3.14070351758794 85 1 1
1000000 7 286242 3.14133000771197 86 1 1
1000000 7 290569 3.13906694374164 87 1 1
1000000 7 282821 3.14005755725502 88 1 1
1000000 7 274005 3.14319121918101 89 1 1
1000000 7 279924 3.14207027868592 90 1 1
1000000 7 275406 3.14015122968322 91 1 1
1000000 7 277612 3.14516839231572 92 1 1
1000000 7 274494 3.14229736502654 93 1 1
1000000 7 278421 3.1410389300365 94 1 1
1000000 7 268628 3.14063940277601 95 1 1
1000000 7 259328 3.14464419923208 96 1 1
1000000 7 260071 3.14217888110152 97 1 1
1000000 7 260113 3.14351728148625 98 1 1
1000000 7 261346 3.14184816076209 99 1 1
1000000 7 259196 3.13976671533305 100 1 1
