1000000 8 204709 3.1400624872435 1 1 1
1000000 8 203999 3.13965335087353 2 1 1
1000000 8 220047 3.14266274671867 3 1 1
1000000 8 202660 3.14351728148625 4 1 1
1000000 8 202466 3.14216407123914 5 1 1
1000000 8 199319 3.14609357426118 6 1 1
1000000 8 207807 3.14102413091789 7 1 1
1000000 8 208461 3.1395005682496 8 1 1
1000000 8 196594 3.14708367623433 9 1 1
1000000 8 196183 3.14201104416882 10 1 1
1000000 8 197131 3.13999839860082 11 1 1
1000000 8 198573 3.14142869035409 12 1 1
1000000 8 197703 3.13892407099618 13 1 1
1000000 8 199229 3.14329495894071 14 1 1
1000000 8 197690 3.13944143058067 15 1 1
1000000 8 179748 3.14164581399258 16 1 1
1000000 8 135817 3.14112772767679 17 1 1
1000000 8 135397 3.13817543342125 18 1 1
1000000 8 826597 3.14059501713195 19 1 1
1000000 8 1177052 3.14553444202937 20 1 1
1000000 8 1144023 3.14628659524596 21 1 1
1000000 8 1137391 3.14295412544159 22 1 1
1000000 8 844539 3.14481726253092 23 1 1
1000000 8 288321 3.14282077593102 24 1 1
1000000 8 285933 3.13517953605613 25 1 1
1000000 8 284106 3.1435321041075 26 1 1
1000000 8 275024 3.14340364603389 27 1 1
1000000 8 276449 3.14005262728203 28 1 1
1000000 8 284185 3.14310230483692 29 1 1
1000000 8 275479 3.14187777467081 30 1 1
1000000 8 273921 3.14196661974663 31 1 1
1000000 8 278736 3.14040762490971 32 1 1
1000000 8 260593 3.14395707869796 33 1 1
1000000 8 259436 3.14553938923062 34 1 1
1000000 8 256734 3.14106852869209 35 1 1
1000000 8 253444 3.14409052465439 36 1 1
1000000 8 251363 3.14483704240656 37 1 1
1000000 8 252176 3.14088601253528 38 1 1
1000000 8 259171 3.14267756128221 39 1 1
1000000 8 256694 3.13966813707791 40 1 1
1000000 8 242672 3.13515987747795 41 1 1
1000000 8 245240 3.14208015132258 42 1 1
1000000 8 242813 3.14312700276124 43 1 1
1000000 8 253617 3.13783078619919 44 1 1
1000000 8 237180 3.14356174976934 45 1 1
1000000 8 243405 3.13911621322133 46 1 1
1000000 8 239081 3.13784555524177 47 1 1
1000000 8 237901 3.14087614740132 48 1 1
1000000 8 244352 3.13921968416311 49 1 1
1000000 8 225976 3.14655884458359 50 1 1
1000000 8 227656 3.13863343900066 51 1 1
1000000 8 241823 3.13974207018893 52 1 1
1000000 8 226980 3.14112772767679 53 1 1
1000000 8 229481 3.14181854741161 54 1 1
1000000 8 234551 3.14041255599748 55 1 1
1000000 8 227727 3.1464746897576 56 1 1
1000000 8 223602 3.14163100915471 57 1 1
1000000 8 220063 3.14141388756251 58 1 1
1000000 8 221848 3.14015122968322 59 1 1
1000000 8 221426 3.14437722464689 60 1 1
1000000 8 218988 3.14297388188704 61 1 1
1000000 8 218166 3.14281583727757 62 1 1
1000000 8 215977 3.14133000771197 63 1 1
1000000 8 215844 3.14079229626466 64 1 1
1000000 8 217597 3.14359139599035 65 1 1
1000000 8 220077 3.14277139009493 66 1 1
1000000 8 208387 3.14182841846641 67 1 1
1000000 8 219475 3.14313194239268 68 1 1
1000000 8 206260 3.14021532456481 69 1 1
1000000 8 207147 3.14628164569408 70 1 1
1000000 8 205636 3.14141388756251 71 1 1
1000000 8 213921 3.14093040640499 72 1 1
1000000 8 207155 3.14168529424239 73 1 1
1000000 8 206848 3.1401956027841 74 1 1
1000000 8 223487 3.14281583727757 75 1 1
1000000 8 217925 3.13903245602608 76 1 1
1000000 8 197398 3.14419432378599 77 1 1
1000000 8 204585 3.14533656673932 78 1 1
1000000 8 201165 3.14202585258872 79 1 1
1000000 8 197542 3.14259855189059 80 1 1
1000000 8 203286 3.14248004525171 81 1 1
1000000 8 197422 3.14001811790454 82 1 1
1000000 8 199195 3.14141388756251 83 1 1
1000000 8 207982 3.14182841846641 84 1 1
1000000 8 200903 3.13930837897103 85 1 1
1000000 8 156520 3.1437989351953 86 1 1
1000000 8 144947 3.14020546364349 87 1 1
1000000 8 137299 3.14243067012334 88 1 1
1000000 8 988910 3.13919012034085 89 1 1
1000000 8 1144649 3.14261336584891 90 1 1
1000000 8 1157281 3.14493594551713 91 1 1
1000000 8 1154089 3.14016109026393 92 1 1
1000000 8 711491 3.13807203130541 93 1 1
1000000 8 297955 3.14300845626425 94 1 1
1000000 8 280176 3.13980121918481 95 1 1
1000000 8 277201 3.14311712354493 96 1 1
1000000 8 278918 3.13660052098935 97 1 1
1000000 8 278214 3.1398751585637 98 1 1
1000000 8 283561 3.13878613723715 99 1 1
1000000 8 276666 3.14309736529863 100 1 1
