1000000 9 167045 3.140466798985 1 1 1
1000000 9 818959 3.14062460742192 2 1 1
1000000 9 1372228 3.13886988128794 3 1 1
1000000 9 1373080 3.14198142774778 4 1 1
1000000 9 1306652 3.14032379878689 5 1 1
1000000 9 452398 3.14342340813109 6 1 1
1000000 9 315923 3.14288991870915 7 1 1
1000000 9 313768 3.14138428239788 8 1 1
1000000 9 313109 3.14244548249894 9 1 1
1000000 9 307916 3.1416803591569 10 1 1
1000000 9 302562 3.14340858653489 11 1 1
1000000 9 304925 3.14250473339775 12 1 1
1000000 9 301221 3.14794557202106 13 1 1
1000000 9 305756 3.14072817782803 14 1 1
1000000 9 301226 3.14188271037654 15 1 1
1000000 9 309635 3.1428504081777 16 1 1
1000000 9 286871 3.14075283845538 17 1 1
1000000 9 289064 3.14249979573751 18 1 1
1000000 9 283237 3.14227761708519 19 1 1
1000000 9 281832 3.13611852019112 20 1 1
1000000 9 281970 3.13970263876308 21 1 1
1000000 9 278019 3.13962870750905 22 1 1
1000000 9 279135 3.14148790291546 23 1 1
1000000 9 277934 3.14304303140214 24 1 1
1000000 9 265562 3.14131520585039 25 1 1
1000000 9 261083 3.14463925484628 26 1 1
1000000 9 266116 3.14241585788739 27 1 1
1000000 9 265941 3.14714805443307 28 1 1
1000000 9 265247 3.13942171851945 29 1 1
1000000 9 271754 3.14344811110203 30 1 1
1000000 9 263025 3.1440213290407 31 1 1
1000000 9 253351 3.14254423523829 32 1 1
1000000 9 251351 3.14394719426293 33 1 1
1000000 9 251067 3.14177906381267 34 1 1
1000000 9 252129 3.1445205942515 35 1 1
1000000 9 251848 3.14319121918101 36 1 1
1000000 9 256916 3.13629064632678 37 1 1
1000000 9 250329 3.1421295154365 38 1 1
1000000 9 252112 3.14354198593265 39 1 1
1000000 9 238100 3.14466397693075 40 1 1
1000000 9 239431 3.14061474392998 41 1 1
1000000 9 241685 3.13939707879102 42 1 1
1000000 9 239408 3.14459970031965 43 1 1
1000000 9 241456 3.14183828958324 44 1 1
1000000 9 240332 3.14182841846641 45 1 1
1000000 9 243752 3.14336412258491 46 1 1
1000000 9 239978 3.14063940277601 47 1 1
1000000 9 242278 3.13965335087353 48 1 1
1000000 9 229634 3.13876150748438 49 1 1
1000000 9 227125 3.14459970031965 50 1 1
1000000 9 231179 3.14061474392998 51 1 1
1000000 9 230267 3.13717616499037 52 1 1
1000000 9 226684 3.14081202554108 53 1 1
1000000 9 229043 3.14236154755022 54 1 1
1000000 9 231556 3.14093040640499 55 1 1
1000000 9 232762 3.14154218305766 56 1 1
1000000 9 219429 3.140673925811 57 1 1
1000000 9 221136 3.14477770352608 58 1 1
1000000 9 222473 3.14233686165391 59 1 1
1000000 9 221628 3.13836255933467 60 1 1
1000000 9 221429 3.14156192175626 61 1 1
1000000 9 224893 3.13895855633018 62 1 1
1000000 9 221630 3.1445650909251 63 1 1
1000000 9 222700 3.14269731425088 64 1 1
1000000 9 231400 3.14149777189271 65 1 1
1000000 9 157590 3.14225786939205 66 1 1
1000000 9 157551 3.14133987569718 67 1 1
1000000 9 158765 3.14301339552309 68 1 1
1000000 9 161510 3.14585604248164 69 1 1
1000000 9 461557 3.14512387856677 70 1 1
1000000 9 1377427 3.14296894275239 71 1 1
1000000 9 1320538 3.14090081035241 72 1 1
1000000 9 1402640 3.14253435968506 73 1 1
1000000 9 725516 3.1425541108536 74 1 1
1000000 9 313112 3.14341352705143 75 1 1
1000000 9 305834 3.14502001805241 76 1 1
1000000 9 310613 3.14466397693075 77 1 1
1000000 9 312340 3.14272694416946 78 1 1
1000000 9 302435 3.14335918222368 79 1 1
1000000 9 307240 3.14174945176472 80 1 1
1000000 9 299502 3.14070844960498 81 1 1
1000000 9 280964 3.14348269591363 82 1 1
1000000 9 288140 3.14243560756636 83 1 1
1000000 9 282772 3.14557896740079 84 1 1
1000000 9 280450 3.14175438706728 85 1 1
1000000 9 280997 3.13886988128794 86 1 1
1000000 9 278800 3.13934780049445 87 1 1
1000000 9 280117 3.14265780856186 88 1 1
1000000 9 272937 3.13685633668506 89 1 1
1000000 9 267170 3.14193700416307 90 1 1
1000000 9 271193 3.14385823714437 91 1 1
1000000 9 274320 3.14094027187979 92 1 1
1000000 9 270948 3.1425541108536 93 1 1
1000000 9 273974 3.14003290754487 94 1 1
1000000 9 269153 3.14244054502489 95 1 1
1000000 9 254468 3.14397190546705 96 1 1
1000000 9 251637 3.14670241320608 97 1 1
1000000 9 250922 3.14047666154769 98 1 1
1000000 9 254298 3.14365069010992 99 1 1
1000000 9 251292 3.14431790311728 100 1 1
