1000000 10 156457 3.14251954647158 1 1 1
1000000 10 157041 3.14169022934339 2 1 1
1000000 10 161835 3.1409550702082 3 1 1
1000000 10 157900 3.13958927893053 4 1 1
1000000 10 767720 3.13631523731713 5 1 1
1000000 10 1268417 3.14368033800851 6 1 1
1000000 10 1267222 3.13887480754774 7 1 1
1000000 10 1280678 3.14458981184347 8 1 1
1000000 10 661835 3.14132507374261 9 1 1
1000000 10 299758 3.13892899742608 10 1 1
1000000 10 300419 3.13939707879102 11 1 1
1000000 10 300971 3.14535140652251 12 1 1
1000000 10 294807 3.14057035898289 13 1 1
1000000 10 300751 3.14505463746169 14 1 1
1000000 10 296346 3.14003783745594 15 1 1
1000000 10 292107 3.14730653506729 16 1 1
1000000 10 276850 3.14428329992532 17 1 1
1000000 10 278201 3.13995896073638 18 1 1
1000000 10 275286 3.14144349328516 19 1 1
1000000 10 276627 3.13779140276534 20 1 1
1000000 10 274377 3.13650214144684 21 1 1
1000000 10 275975 3.14100439897666 22 1 1
1000000 10 272765 3.1420752149965 23 1 1
1000000 10 260054 3.14206040611131 24 1 1
1000000 10 261425 3.14052104384638 25 1 1
1000000 10 256882 3.14408558200954 26 1 1
1000000 10 260409 3.14783161619119 27 1 1
1000000 10 257375 3.14589068029886 28 1 1
1000000 10 263085 3.13854478232623 29 1 1
1000000 10 270431 3.14000825822172 30 1 1
1000000 10 277853 3.14244054502489 31 1 1
1000000 10 257069 3.13943157451912 32 1 1
1000000 10 251310 3.14212457895531 33 1 1
1000000 10 249240 3.14153231380138 34 1 1
1000000 10 249462 3.13933794502077 35 1 1
1000000 10 249966 3.13937736728675 36 1 1
1000000 10 248671 3.14306278896534 37 1 1
1000000 10 244726 3.14475297965345 38 1 1
1000000 10 244862 3.14419432378599 39 1 1
1000000 10 233223 3.14289979649724 40 1 1
1000000 10 232776 3.14066899390239 41 1 1
1000000 10 238145 3.14254917303818 42 1 1
1000000 10 235348 3.14211470603946 43 1 1
1000000 10 242362 3.13979136086407 44 1 1
1000000 10 239190 3.141769193068 45 1 1
1000000 10 239068 3.13673826271751 46 1 1
1000000 10 240440 3.13832316255102 47 1 1
1000000 10 230281 3.14071338163751 48 1 1
1000000 10 229614 3.14483209741432 49 1 1
1000000 10 228469 3.13998853904183 50 1 1
1000000 10 228269 3.14252942193171 51 1 1
1000000 10 224847 3.1422233115263 52 1 1
1000000 10 228127 3.13971742543171 53 1 1
1000000 10 228809 3.14604408551577 54 1 1
1000000 10 230059 3.14000332840353 55 1 1
1000000 10 227689 3.13877628528965 56 1 1
1000000 10 222983 3.14261830386605 57 1 1
1000000 10 221019 3.14024490770035 58 1 1
1000000 10 221052 3.13978643172691 59 1 1
1000000 10 212069 3.14164581399258 60 1 1
1000000 10 220126 3.13873687811814 61 1 1
1000000 10 222880 3.14336412258491 62 1 1
1000000 10 225596 3.13838225809742 63 1 1
1000000 10 220096 3.14504474612413 64 1 1
1000000 10 210252 3.14375446020164 65 1 1
1000000 10 162927 3.13728935062816 66 1 1
1000000 10 149466 3.1412856025457 67 1 1
1000000 10 413988 3.14212457895531 68 1 1
1000000 10 1290563 3.13748129276779 69 1 1
1000000 10 1325006 3.14007234726688 70 1 1
1000000 10 1259673 3.13888958641991 71 1 1
1000000 10 924027 3.14163594408516 72 1 1
1000000 10 309647 3.13974207018893 73 1 1
1000000 10 304813 3.13548427554636 74 1 1
1000000 10 303950 3.1473312991082 75 1 1
1000000 10 300148 3.14816855294432 76 1 1
1000000 10 298925 3.14023504659324 77 1 1
1000000 10 304441 3.14277139009493 78 1 1
1000000 10 302352 3.14334436123313 79 1 1
1000000 10 304570 3.14069858558639 80 1 1
1000000 10 281601 3.13941186258166 81 1 1
1000000 10 281031 3.14043721166861 82 1 1
1000000 10 279183 3.14632124254519 83 1 1
1000000 10 282170 3.14491121915628 84 1 1
1000000 10 280306 3.13944143058067 85 1 1
1000000 10 282812 3.14284546943111 86 1 1
1000000 10 277755 3.14049638685891 87 1 1
1000000 10 269184 3.13945621478904 88 1 1
1000000 10 262011 3.1415816607029 89 1 1
1000000 10 265906 3.14112772767679 90 1 1
1000000 10 263835 3.14810908827613 91 1 1
1000000 10 265228 3.14258373807193 92 1 1
1000000 10 263881 3.14262817994689 93 1 1
1000000 10 262354 3.13990473529033 94 1 1
1000000 10 262026 3.14295412544159 95 1 1
1000000 10 252621 3.14113759439118 96 1 1
1000000 10 252113 3.14575213360638 97 1 1
1000000 10 249818 3.14263311801059 98 1 1
1000000 10 247679 3.14240598314099 99 1 1
1000000 10 251518 3.14309242577587 100 1 1
