1000000 11 148955 3.14238129654652 1 1 1
1000000 11 145450 3.14132013978875 2 1 1
1000000 11 147946 3.14153231380138 3 1 1
1000000 11 155640 3.14497550850323 4 1 1
1000000 11 146000 3.14204559736571 5 1 1
1000000 11 145319 3.1426380560898 6 1 1
1000000 11 643549 3.14195181188506 7 1 1
1000000 11 1213330 3.13988501741066 8 1 1
1000000 11 1238571 3.14141388756251 9 1 1
1000000 11 1297071 3.1388452502209 10 1 1
1000000 11 803119 3.13812126955834 11 1 1
1000000 11 308067 3.14543550127233 12 1 1
1000000 11 300037 3.13457514752094 13 1 1
1000000 11 305180 3.14097973439875 14 1 1
1000000 11 299336 3.14013643892827 15 1 1
1000000 11 291005 3.14216407123914 16 1 1
1000000 11 289323 3.14055556427932 17 1 1
1000000 11 294164 3.14063940277601 18 1 1
1000000 11 283357 3.13865314116406 19 1 1
1000000 11 290738 3.14443160468206 20 1 1
1000000 11 292182 3.14183335401707 21 1 1
1000000 11 286571 3.14459970031965 22 1 1
1000000 11 272741 3.14043228050341 23 1 1
1000000 11 266641 3.14135467779125 24 1 1
1000000 11 270137 3.13870732338886 25 1 1
1000000 11 267394 3.14435745055498 26 1 1
1000000 11 271706 3.14187777467081 27 1 1
1000000 11 267417 3.14148296845009 28 1 1
1000000 11 269192 3.14575213360638 29 1 1
1000000 11 270604 3.1434184675835 30 1 1
1000000 11 261597 3.14299363858088 31 1 1
1000000 11 257276 3.14676182474425 32 1 1
1000000 11 251873 3.14249979573751 33 1 1
1000000 11 252357 3.13741238775907 34 1 1
1000000 11 257558 3.14093533913464 35 1 1
1000000 11 257420 3.1421295154365 36 1 1
1000000 11 253752 3.13894377680854 37 1 1
1000000 11 246362 3.14653409269689 38 1 1
1000000 11 245611 3.14451070627283 39 1 1
1000000 11 240078 3.14523269217765 40 1 1
1000000 11 239509 3.14131520585039 41 1 1
1000000 11 240586 3.14205546984726 42 1 1
1000000 11 240586 3.13851523121442 43 1 1
1000000 11 241026 3.13910143221503 44 1 1
1000000 11 247981 3.13953506625204 45 1 1
1000000 11 246393 3.14186296764667 46 1 1
1000000 11 237257 3.14413995195754 47 1 1
1000000 11 232079 3.14248004525171 48 1 1
1000000 11 229362 3.14240598314099 49 1 1
1000000 11 228831 3.14277139009493 50 1 1
1000000 11 241326 3.14007727730179 51 1 1
1000000 11 233519 3.14520301499161 52 1 1
1000000 11 228792 3.14255904868452 53 1 1
1000000 11 227708 3.14206534239086 54 1 1
1000000 11 225726 3.14112279434284 55 1 1
1000000 11 227961 3.13906694374164 56 1 1
1000000 11 219638 3.14137934825803 57 1 1
1000000 11 220847 3.14072817782803 58 1 1
1000000 11 219768 3.14446126731222 59 1 1
1000000 11 219201 3.14011671813841 60 1 1
1000000 11 220083 3.13869747193612 61 1 1
1000000 11 219064 3.1380424890953 62 1 1
1000000 11 221165 3.14372975241556 63 1 1
1000000 11 217582 3.14336412258491 64 1 1
1000000 11 209895 3.14257880016341 65 1 1
1000000 11 211742 3.14263311801059 66 1 1
1000000 11 214943 3.1387516556915 67 1 1
1000000 11 213784 3.13852015636107 68 1 1
1000000 11 210447 3.14087121485758 69 1 1
1000000 11 209263 3.14330483927497 70 1 1
1000000 11 212366 3.14202585258872 71 1 1
1000000 11 213736 3.14136454593146 72 1 1
1000000 11 207110 3.14026463010038 73 1 1
1000000 11 145931 3.14290473541456 74 1 1
1000000 11 328383 3.13890436543125 75 1 1
1000000 11 1227831 3.139816006782 76 1 1
1000000 11 1234083 3.14148790291546 77 1 1
1000000 11 1218320 3.14135961185361 78 1 1
1000000 11 1130738 3.14318627936325 79 1 1
1000000 11 297749 3.14516839231572 80 1 1
1000000 11 301896 3.14227268013864 81 1 1
1000000 11 298137 3.14130533802016 82 1 1
1000000 11 292706 3.14159646507566 83 1 1
1000000 11 292304 3.14160633473501 84 1 1
1000000 11 289340 3.14676182474425 85 1 1
1000000 11 284639 3.14238623383439 86 1 1
1000000 11 291816 3.14301833479746 87 1 1
1000000 11 289282 3.14137934825803 88 1 1
1000000 11 276817 3.14634104134449 89 1 1
1000000 11 268290 3.13523359841733 90 1 1
1000000 11 270153 3.14333942093401 91 1 1
1000000 11 268656 3.14303315271369 92 1 1
1000000 11 267064 3.13814588926425 93 1 1
1000000 11 268519 3.14261336584891 94 1 1
1000000 11 274584 3.13944635863465 95 1 1
1000000 11 271995 3.14186790330587 96 1 1
1000000 11 252916 3.13792432581696 97 1 1
1000000 11 252050 3.14277139009493 98 1 1
1000000 11 252258 3.14086134981657 99 1 1
1000000 11 254674 3.13733364288359 100 1 1
