1000000 12 143346 3.14157179119857 1 1 1
1000000 12 152626 3.14377422671013 2 1 1
1000000 12 154272 3.14310724439073 3 1 1
1000000 12 903719 3.14427341343894 4 1 1
1000000 12 1223988 3.13904723638281 5 1 1
1000000 12 1211251 3.141655683962 6 1 1
1000000 12 1226707 3.14121159672497 7 1 1
1000000 12 643902 3.14216407123914 8 1 1
1000000 12 307353 3.14293930827049 9 1 1
1000000 12 298432 3.13970756763715 10 1 1
1000000 12 293554 3.14108332822907 11 1 1
1000000 12 293699 3.14381870226308 12 1 1
1000000 12 297446 3.13885017640338 13 1 1
1000000 12 292616 3.13461445025915 14 1 1
1000000 12 288899 3.1376240342001 15 1 1
1000000 12 293841 3.13933301730714 16 1 1
1000000 12 290847 3.1383428608192 17 1 1
1000000 12 269189 3.13751574640715 18 1 1
1000000 12 273212 3.1421344519332 19 1 1
1000000 12 271425 3.13820005397704 20 1 1
1000000 12 270764 3.14684104361836 21 1 1
1000000 12 264631 3.13749113658754 22 1 1
1000000 12 266579 3.13890436543125 23 1 1
1000000 12 267418 3.14558391474209 24 1 1
1000000 12 260165 3.14133987569718 25 1 1
1000000 12 251376 3.14169516445989 26 1 1
1000000 12 252362 3.14383846957943 27 1 1
1000000 12 259577 3.13802771819883 28 1 1
1000000 12 241806 3.14135467779125 29 1 1
1000000 12 255810 3.13549902250818 30 1 1
1000000 12 248694 3.13916548424767 31 1 1
1000000 12 259464 3.14273188254354 32 1 1
1000000 12 244900 3.14061967566821 33 1 1
1000000 12 243046 3.14270225253184 34 1 1
1000000 12 248373 3.14416960908539 35 1 1
1000000 12 238853 3.13915070277736 36 1 1
1000000 12 230833 3.13721553298155 37 1 1
1000000 12 237058 3.14192219658065 38 1 1
1000000 12 238715 3.14334436123313 39 1 1
1000000 12 235855 3.1432010988631 40 1 1
1000000 12 238238 3.14082682266107 41 1 1
1000000 12 227921 3.14533656673932 42 1 1
1000000 12 235598 3.1388452502209 43 1 1
1000000 12 227557 3.14302821339276 44 1 1
1000000 12 234921 3.13893392387144 45 1 1
1000000 12 226718 3.14034352217789 46 1 1
1000000 12 230569 3.14440688625108 47 1 1
1000000 12 225537 3.14162607423977 48 1 1
1000000 12 232654 3.14289979649724 49 1 1
1000000 12 224817 3.14303315271369 50 1 1
1000000 12 219953 3.13900782240749 51 1 1
1000000 12 218371 3.14490132872081 52 1 1
1000000 12 217333 3.13816066127321 53 1 1
1000000 12 223505 3.13802279459758 54 1 1
1000000 12 216795 3.14288497983839 55 1 1
1000000 12 215927 3.14080709319874 56 1 1
1000000 12 222075 3.14771271455597 57 1 1
1000000 12 217759 3.14303315271369 58 1 1
1000000 12 221955 3.13821975069982 59 1 1
1000000 12 210533 3.14184816076209 60 1 1
1000000 12 217510 3.14115732800593 61 1 1
1000000 12 220615 3.14180374094571 62 1 1
1000000 12 211901 3.14310724439073 63 1 1
1000000 12 206666 3.14079722856053 64 1 1
1000000 12 218498 3.14081202554108 65 1 1
1000000 12 216771 3.1384216563648 66 1 1
1000000 12 209763 3.13801294744142 67 1 1
1000000 12 209063 3.14090081035241 68 1 1
1000000 12 154690 3.14109812790552 69 1 1
1000000 12 908212 3.14274175933826 70 1 1
1000000 12 1212595 3.13852508152319 71 1 1
1000000 12 1228738 3.14351234064357 72 1 1
1000000 12 1264891 3.14137441413367 73 1 1
1000000 12 600222 3.14151751003322 74 1 1
1000000 12 296884 3.1384315060862 75 1 1
1000000 12 304812 3.14185803200297 76 1 1
1000000 12 282946 3.13860881164424 77 1 1
1000000 12 290405 3.1373385643225 78 1 1
1000000 12 290321 3.14267262307885 79 1 1
1000000 12 291753 3.14088107996055 80 1 1
1000000 12 293220 3.13944143058067 81 1 1
1000000 12 291291 3.13984558239426 82 1 1
1000000 12 296060 3.14182348293126 83 1 1
1000000 12 274350 3.14059008547116 84 1 1
1000000 12 272478 3.14048652417232 85 1 1
1000000 12 274327 3.13858911003737 86 1 1
1000000 12 268935 3.14031886797785 87 1 1
1000000 12 270942 3.13955477973669 88 1 1
1000000 12 276361 3.14018574198664 89 1 1
1000000 12 273173 3.14478264834726 90 1 1
1000000 12 262263 3.1443969989875 91 1 1
1000000 12 251488 3.14251954647158 92 1 1
1000000 12 256911 3.14156192175626 93 1 1
1000000 12 254415 3.14213938844541 94 1 1
1000000 12 254617 3.14357163178088 95 1 1
1000000 12 253639 3.13924432110702 96 1 1
1000000 12 250837 3.14227761708519 97 1 1
1000000 12 253561 3.14456014678807 98 1 1
1000000 12 236881 3.14219369110351 99 1 1
1000000 12 238231 3.14415478045153 100 1 1
